1.069642439726958605e+00 -1.111977661017535368e+00 nan
1.218627458003121777e+00 -9.833562730373048844e-01 1.004402848136686510e-01
1.388363836590320144e+00 -9.397543125375797946e-01 1.621771288534011313e-01
1.581741926207981042e+00 -7.410420690049268622e-01 2.738169299272593116e-01
1.802054659727066133e+00 6.977323533268191547e-01 5.768903043646654849e-01
2.053053625776520175e+00 2.494751591909757149e+00 6.796564939705788122e-01
2.339012952555230562e+00 5.360997561926295063e+00 7.544095858673453003e-01
2.664802089693036891e+00 7.556447068339659623e+00 7.317359549299949917e-01
3.035968727524477995e+00 7.871050709083263541e+00 6.192912839753198506e-01
3.458833265763586962e+00 7.807802733249407545e+00 5.130129286115572285e-01
3.940596440236666886e+00 7.571994423887836945e+00 4.214271397612560643e-01
4.489461940391565875e+00 6.009024541708194889e+00 3.157819598111012982e-01
5.114776105571953835e+00 4.988646422743547859e+00 2.431880095929497831e-01
5.827187078870319503e+00 4.146724278147546627e+00 1.886528322587238127e-01
6.638826128706195817e+00 3.246745259148205776e+00 1.432478236924634996e-01
7.563514225758552811e+00 2.479173020822846851e+00 1.087806543939231624e-01
8.616997392941321721e+00 2.123337678158757402e+00 8.773564687350610125e-02
9.817214836071872952e+00 1.574647247760704527e+00 6.739127314234746868e-02
1.118460442108735009e+01 1.349726905110529618e+00 5.575028162380295943e-02
1.274245069961824761e+01 1.048519084844218741e+00 4.506382381485565108e-02
1.451728140926205768e+01 7.772150515935778436e-01 3.660753138091926012e-02
1.653931920034971981e+01 6.133544351509789827e-01 3.104945858862599370e-02
1.884299628142029093e+01 4.698005082253753351e-01 2.668304278086914422e-02
2.146754074702852577e+01 3.515717132856479576e-01 2.335984239503952412e-02
2.445764457215044274e+01 2.739511671153092021e-01 2.110447130266192642e-02
2.786422464810916466e+01 1.939666505634225491e-01 1.914966465299985932e-02
3.174528981929791982e+01 1.398553961695607750e-01 1.781401469869291904e-02
3.616692868500850011e+01 1.075257541805545447e-01 1.696569921565250355e-02
4.120443498711833286e+01 7.021538764495383056e-02 1.616204546588760269e-02
4.694358974726586098e+01 4.819454453831828467e-02 1.566364941456609150e-02
