1.069642439726958605e+00 -1.183779643310955532e+00 nan
1.218627458003121777e+00 -9.842073359704328617e-01 6.443229138540809697e-02
1.388363836590320144e+00 -6.470365538403926031e-01 2.585440149242113073e-01
1.581741926207981042e+00 5.323484300229006649e-01 4.389820413866204474e-01
1.802054659727066133e+00 1.859390501585489019e+00 4.937534611416822816e-01
2.053053625776520175e+00 5.233898123951345127e+00 6.006623393148289303e-01
2.339012952555230562e+00 7.140186995902538136e+00 5.660172829400987871e-01
2.664802089693036891e+00 7.952725514028970544e+00 4.971242918434812808e-01
3.035968727524477995e+00 8.201772125214478848e+00 4.205511077775646034e-01
3.458833265763586962e+00 7.062128501533834424e+00 3.271573992491220162e-01
3.940596440236666886e+00 6.539977468260641302e+00 2.641073650978036369e-01
4.489461940391565875e+00 5.319551518992837735e+00 2.012494252810026751e-01
5.114776105571953835e+00 4.184642529314211323e+00 1.520084521730124261e-01
5.827187078870319503e+00 3.423592761571538023e+00 1.179292855642662813e-01
6.638826128706195817e+00 2.751277503553381187e+00 9.144781398584145293e-02
7.563514225758552811e+00 2.198175785249360636e+00 7.158094201591473638e-02
8.616997392941321721e+00 1.777501234322965917e+00 5.700091158988810497e-02
9.817214836071872952e+00 1.381478409284233821e+00 4.528469710300331297e-02
1.118460442108735009e+01 1.097308914199703889e+00 3.694195474663532902e-02
1.274245069961824761e+01 8.464092504231799374e-01 3.037210457886664258e-02
1.451728140926205768e+01 6.718891134015356759e-01 2.577209573415767049e-02
1.653931920034971981e+01 5.251066832913615645e-01 2.222773974520747889e-02
1.884299628142029093e+01 3.921723228616760260e-01 1.937018456862345944e-02
2.146754074702852577e+01 3.011784459738677810e-01 1.740008929775382907e-02
2.445764457215044274e+01 2.262067405494450067e-01 1.588837952175238197e-02
2.786422464810916466e+01 1.689546499437928340e-01 1.477721672712020706e-02
3.174528981929791982e+01 1.210318212534917670e-01 1.391096691720471179e-02
3.616692868500850011e+01 8.860452324641920896e-02 1.332211739968831854e-02
4.120443498711833286e+01 6.097071126740960523e-02 1.285460159645076920e-02
4.694358974726586098e+01 3.921133251162167710e-02 1.250144784987421674e-02
