1.069642439726958605e+00 -1.095694115344351349e+00 nan
1.218627458003121777e+00 -9.409613762571662487e-01 1.894830960401429898e-01
1.388363836590320144e+00 -9.160270850846394808e-01 1.917852609286029297e-01
1.581741926207981042e+00 -7.243052371238842824e-01 2.829951786256496016e-01
1.802054659727066133e+00 7.710367835426736871e-01 5.902085459907621123e-01
2.053053625776520175e+00 2.976057600887083598e+00 7.264236392844586332e-01
2.339012952555230562e+00 5.343455615728503361e+00 7.545874448803654433e-01
2.664802089693036891e+00 6.147577321732244471e+00 6.682708109703237032e-01
3.035968727524477995e+00 8.688262367174566236e+00 6.495329354129054655e-01
3.458833265763586962e+00 7.834285350631695621e+00 5.146537578846034355e-01
3.940596440236666886e+00 7.242565292057769000e+00 4.132027841789700506e-01
4.489461940391565875e+00 6.157401222277467667e+00 3.199599597015823083e-01
5.114776105571953835e+00 4.886341181466858252e+00 2.412084618610209341e-01
5.827187078870319503e+00 4.198895943889255022e+00 1.900469746450864916e-01
6.638826128706195817e+00 3.153866389238034973e+00 1.415948087344797435e-01
7.563514225758552811e+00 2.686174497420766638e+00 1.128572842838480722e-01
8.616997392941321721e+00 2.119353286500052835e+00 8.778984530027458821e-02
9.817214836071872952e+00 1.645253709291891298e+00 6.869460229006872642e-02
1.118460442108735009e+01 1.269607852805781256e+00 5.451075195241261023e-02
1.274245069961824761e+01 1.018460221601217519e+00 4.464507231021529188e-02
1.451728140926205768e+01 7.716646477492072886e-01 3.656690710242122694e-02
1.653931920034971981e+01 6.252228757839817241e-01 3.126591961605700715e-02
1.884299628142029093e+01 4.570743501449134882e-01 2.652261144879535307e-02
2.146754074702852577e+01 3.635622548086769878e-01 2.356221102759152586e-02
2.445764457215044274e+01 2.731566239330722734e-01 2.111411789395952268e-02
2.786422464810916466e+01 1.944983039168446393e-01 1.917600227825914591e-02
3.174528981929791982e+01 1.403728269450605914e-01 1.783818689169771113e-02
3.616692868500850011e+01 9.360632802166191091e-02 1.677759174041667731e-02
4.120443498711833286e+01 7.205368020053470879e-02 1.620313076141765424e-02
4.694358974726586098e+01 4.635370376038761009e-02 1.565031301239958039e-02
