1.069642439726958605e+00 -1.205721061135287542e+00 nan
1.218627458003121777e+00 -9.476003334524234489e-01 1.791220548841732374e-01
1.388363836590320144e+00 -8.085861569705827812e-01 2.905537756646642822e-01
1.581741926207981042e+00 -6.355283037745804720e-01 3.265078165642056884e-01
1.802054659727066133e+00 2.235092875342810093e-01 4.920944828471837673e-01
2.053053625776520175e+00 2.636293474190007924e+00 6.968724032045061634e-01
2.339012952555230562e+00 4.616341119290692241e+00 7.118219250763364592e-01
2.664802089693036891e+00 7.889508589901074842e+00 7.499953442212236032e-01
3.035968727524477995e+00 8.878778079514940913e+00 6.583841483952463935e-01
3.458833265763586962e+00 7.989312983511756450e+00 5.211557001969984171e-01
3.940596440236666886e+00 6.867639299740993408e+00 4.042388935040120979e-01
4.489461940391565875e+00 5.785128049489830282e+00 3.116716145712269403e-01
5.114776105571953835e+00 4.881611894720286671e+00 2.418716442074827500e-01
5.827187078870319503e+00 4.046919139833855539e+00 1.874010348003805893e-01
6.638826128706195817e+00 3.110332299894891683e+00 1.411530349081703273e-01
7.563514225758552811e+00 2.587315769379913810e+00 1.113312122898716811e-01
8.616997392941321721e+00 2.092693233512874507e+00 8.757207982172485194e-02
9.817214836071872952e+00 1.599856721880284827e+00 6.811376901251596505e-02
1.118460442108735009e+01 1.267430562095148705e+00 5.462687701210564711e-02
1.274245069961824761e+01 1.018507420868891789e+00 4.476526710850681906e-02
1.451728140926205768e+01 8.060672713059591210e-01 3.719391728005372322e-02
1.653931920034971981e+01 6.155016731947020592e-01 3.119442458589678085e-02
1.884299628142029093e+01 4.558196213581653389e-01 2.656535129974133339e-02
2.146754074702852577e+01 3.647179384847880623e-01 2.363117502590975430e-02
2.445764457215044274e+01 2.605543256163116439e-01 2.097256076213145984e-02
2.786422464810916466e+01 2.004158382353873336e-01 1.930137669773047265e-02
3.174528981929791982e+01 1.442163121759130195e-01 1.792895018418478106e-02
3.616692868500850011e+01 9.777247039430903008e-02 1.686997496204294816e-02
4.120443498711833286e+01 7.490512450382391663e-02 1.627440458147858329e-02
4.694358974726586098e+01 4.329086192201936356e-02 1.563353781410972351e-02
