1.069642439726958605e+00 -1.506784272996107177e+00 nan
1.218627458003121777e+00 -1.017587832268978421e+00 nan
1.388363836590320144e+00 -7.509588209959545679e-01 3.297538518716915945e-01
1.581741926207981042e+00 -4.555334079385022772e-01 3.970859713918748479e-01
1.802054659727066133e+00 4.057621797452821699e-01 5.248720466109989546e-01
2.053053625776520175e+00 2.467893960013385790e+00 6.770371680918182422e-01
2.339012952555230562e+00 5.534280728209812317e+00 7.647870908654581523e-01
2.664802089693036891e+00 7.465104949607497709e+00 7.277194685330878876e-01
3.035968727524477995e+00 8.545195485439720073e+00 6.434671517050273293e-01
3.458833265763586962e+00 8.276028793896484714e+00 5.273580122680529003e-01
3.940596440236666886e+00 7.087457166534960606e+00 4.083307572670015761e-01
4.489461940391565875e+00 6.410723721984168400e+00 3.256838949296569363e-01
5.114776105571953835e+00 5.041875000162280074e+00 2.444104057774399152e-01
5.827187078870319503e+00 3.988773884471820352e+00 1.852867420745760996e-01
6.638826128706195817e+00 3.297954887105310373e+00 1.442735674390028255e-01
7.563514225758552811e+00 2.672139188143473731e+00 1.124306665533997551e-01
8.616997392941321721e+00 2.084664635591025217e+00 8.704649513721342269e-02
9.817214836071872952e+00 1.684010795981499609e+00 6.926091096180454765e-02
1.118460442108735009e+01 1.264174202702897709e+00 5.434899976956277662e-02
1.274245069961824761e+01 1.056316154989845435e+00 4.518787814992822338e-02
1.451728140926205768e+01 7.928916109971344550e-01 3.685032530656758010e-02
1.653931920034971981e+01 6.001533725411181130e-01 3.084982365429869353e-02
1.884299628142029093e+01 4.591945769280552092e-01 2.652493799657225718e-02
2.146754074702852577e+01 3.736189594668937186e-01 2.368623658239469437e-02
2.445764457215044274e+01 2.614236453747582622e-01 2.092049688875290137e-02
2.786422464810916466e+01 1.945052084241249979e-01 1.915775375198626798e-02
3.174528981929791982e+01 1.373607025473544407e-01 1.777772240778993651e-02
3.616692868500850011e+01 1.031057354075157750e-01 1.690132265202530515e-02
4.120443498711833286e+01 6.651625869049526685e-02 1.610821622918672327e-02
4.694358974726586098e+01 4.918277619467215089e-02 1.567821176227470262e-02
