1.069642439726958605e+00 -7.620010008175692739e-01 1.487600738908130182e+01
1.218627458003121777e+00 -6.959023566282713791e-01 1.277846669820489289e+01
1.388363836590320144e+00 -7.100414221304987006e-01 1.058959440344109204e+01
1.581741926207981042e+00 -2.958860759493671111e-01 1.343753716227636374e+01
1.802054659727066133e+00 -9.492554060907720803e-02 1.252557420262363586e+01
2.053053625776520175e+00 -9.122948620410267218e-01 3.195658247916533856e+00
2.339012952555230562e+00 -5.779375704155345073e-01 5.740129853996984721e+00
2.664802089693036891e+00 -4.959535775221597387e-01 5.208790360196243086e+00
3.035968727524477995e+00 -9.897615559913908179e-01 6.123851861143707609e-01
3.458833265763586962e+00 -1.021748630005337333e+00 nan
3.940596440236666886e+00 4.422747000557963659e+00 9.537257320162062513e+00
4.489461940391565875e+00 3.136019187667505648e+00 6.839218200241869994e+00
5.114776105571953835e+00 1.426675540952648191e+01 1.085401559339060817e+01
5.827187078870319503e+00 5.748113765338678682e+00 5.923077089291730601e+00
6.638826128706195817e+00 1.865987213824277902e+01 8.418404575114291077e+00
7.563514225758552811e+00 1.154355643549004995e+01 5.528751627981498551e+00
8.616997392941321721e+00 5.399633091239694593e+00 3.234996674838199304e+00
9.817214836071872952e+00 1.053626700147766826e+01 3.643234971807217892e+00
1.118460442108735009e+01 6.996554538867925999e+00 2.496929101419062658e+00
1.274245069961824761e+01 4.064297478157142152e+00 1.629421733989117937e+00
1.451728140926205768e+01 2.693786665802395675e+00 1.147549897052100309e+00
1.653931920034971981e+01 1.685220778877191794e+00 8.067223223142218069e-01
1.884299628142029093e+01 1.495402553106500720e+00 6.474331018152895689e-01
2.146754074702852577e+01 1.360596362355368072e+00 5.276359814329604214e-01
2.445764457215044274e+01 1.041548250026985922e+00 4.106459327632629441e-01
2.786422464810916466e+01 4.996419892603545243e-01 2.913518780517741491e-01
3.174528981929791982e+01 2.780879497855250904e-01 2.259466195366223451e-01
3.616692868500850011e+01 4.745100969566276028e-01 2.133791895247564296e-01
4.120443498711833286e+01 2.421745887205646319e-01 1.669078379793708655e-01
4.694358974726586098e+01 2.304223550526942610e-01 1.473194507571945477e-01
