1.069642439726958605e+00 -1.187789061918867795e+00 nan
1.218627458003121777e+00 -1.297146539144277355e+00 nan
1.388363836590320144e+00 -5.717738420337581395e-01 4.357159917914442460e+00
1.581741926207981042e+00 -8.650205393820322719e-01 1.991968711031971040e+00
1.802054659727066133e+00 -1.484203987759461718e+00 nan
2.053053625776520175e+00 -7.434416454180352574e-01 1.850550301107828810e+00
2.339012952555230562e+00 -7.199068597702096284e-01 1.583229360563075616e+00
2.664802089693036891e+00 -1.106902291341427258e+00 nan
3.035968727524477995e+00 -1.099738657490318960e+00 nan
3.458833265763586962e+00 1.869879944710475472e+00 2.860077502946575478e+00
3.940596440236666886e+00 7.302752610543854495e+00 4.009928874060246784e+00
4.489461940391565875e+00 7.941925643905272558e+00 3.425891136603444131e+00
5.114776105571953835e+00 1.183916924832450057e+01 3.401234250285398719e+00
5.827187078870319503e+00 8.864689697700734783e+00 2.457482449731176022e+00
6.638826128706195817e+00 8.240179806249045669e+00 1.967088322666937117e+00
7.563514225758552811e+00 7.531508862423899942e+00 1.568940510920388443e+00
8.616997392941321721e+00 6.059828716564849671e+00 1.182134516649232525e+00
9.817214836071872952e+00 4.691673428876073082e+00 8.789026644986612791e-01
1.118460442108735009e+01 3.540773148054014108e+00 6.509041168687318413e-01
1.274245069961824761e+01 2.685488694866135617e+00 4.868843056715905226e-01
1.451728140926205768e+01 2.113490389934574498e+00 3.737273905915036720e-01
1.653931920034971981e+01 1.681883870220138855e+00 2.910328136582999159e-01
1.884299628142029093e+01 1.398191523289411542e+00 2.327291797278160934e-01
2.146754074702852577e+01 9.525107199917053347e-01 1.767005923230178799e-01
2.445764457215044274e+01 7.517878232194328270e-01 1.434194043044763611e-01
2.786422464810916466e+01 5.131395190845948751e-01 1.143635011110451655e-01
3.174528981929791982e+01 3.684415658255033588e-01 9.492339508629714373e-02
3.616692868500850011e+01 2.787589600809210477e-01 8.162749512372470539e-02
4.120443498711833286e+01 2.632582668758582933e-01 7.435988130445933542e-02
4.694358974726586098e+01 1.540598287947614331e-01 6.448033400305795693e-02
