1.069642439726958605e+00 -1.176873734569036323e+00 nan
1.218627458003121777e+00 -9.701245326343945763e-01 2.215111000374509753e-01
1.388363836590320144e+00 -8.919522298882098799e-01 3.575118824735177281e-01
1.581741926207981042e+00 -1.043079302094882088e+00 nan
1.802054659727066133e+00 -2.071013913744850221e-01 6.485390464518522302e-01
2.053053625776520175e+00 9.438960843435972858e-02 6.246425600879947915e-01
2.339012952555230562e+00 2.398844266576696693e+00 9.031012248936617359e-01
2.664802089693036891e+00 6.033995807852353011e+00 1.084125144869811042e+00
3.035968727524477995e+00 8.083587767200096863e+00 1.023009702203760085e+00
3.458833265763586962e+00 8.448741254233503639e+00 8.650525337763804723e-01
3.940596440236666886e+00 8.211439039150869590e+00 7.080481856339999602e-01
4.489461940391565875e+00 7.840900404905971399e+00 5.766039495023801420e-01
5.114776105571953835e+00 6.078811131822366320e+00 4.272382155245785795e-01
5.827187078870319503e+00 5.193960870281435938e+00 3.333431181176278457e-01
6.638826128706195817e+00 4.210584190652120640e+00 2.548990274484516094e-01
7.563514225758552811e+00 3.523411701287167741e+00 1.994518358823988979e-01
8.616997392941321721e+00 2.525242130407007846e+00 1.467881093296273531e-01
9.817214836071872952e+00 2.119419260527149351e+00 1.169959056544511711e-01
1.118460442108735009e+01 1.586596213524396504e+00 9.005778741453560055e-02
1.274245069961824761e+01 1.330745756488627141e+00 7.355890787391561325e-02
1.451728140926205768e+01 1.014368057276196833e+00 5.893370113480531775e-02
1.653931920034971981e+01 7.822528616187305328e-01 4.838059764390668233e-02
1.884299628142029093e+01 6.009515585532498871e-01 4.052871366903903344e-02
2.146754074702852577e+01 4.458680622586126407e-01 3.445905784112479608e-02
2.445764457215044274e+01 3.311233376427122899e-01 3.006764548055627234e-02
2.786422464810916466e+01 2.409608290936708919e-01 2.679557747899780074e-02
3.174528981929791982e+01 1.740630244791674386e-01 2.443369711353749960e-02
3.616692868500850011e+01 1.290450695302385320e-01 2.281927149131660407e-02
4.120443498711833286e+01 7.884018429143080375e-02 2.134396559806744226e-02
4.694358974726586098e+01 5.277597118046295499e-02 2.048834405573845413e-02
