1.069642439726958605e+00 -1.342060335958481954e+00 nan
1.218627458003121777e+00 -9.034146470187260913e-01 1.595022801592385631e-01
1.388363836590320144e+00 -4.999373864215863605e-01 3.080572306429522622e-01
1.581741926207981042e+00 5.465501206748670793e-01 4.414475415890438681e-01
1.802054659727066133e+00 2.434126489879935296e+00 5.418902628704685975e-01
2.053053625776520175e+00 5.704312226340773506e+00 6.238746601763570654e-01
2.339012952555230562e+00 6.931286671252974152e+00 5.590399569041882843e-01
2.664802089693036891e+00 7.797608160777996567e+00 4.930775177289214439e-01
3.035968727524477995e+00 8.287159459952826879e+00 4.230300534058668571e-01
3.458833265763586962e+00 7.240574664117136905e+00 3.313802812745684223e-01
3.940596440236666886e+00 6.282341165138696226e+00 2.592893802745988574e-01
4.489461940391565875e+00 5.267671354532323491e+00 2.004911036732986152e-01
5.114776105571953835e+00 4.086162807423194820e+00 1.504603964537143401e-01
5.827187078870319503e+00 3.385592369219164066e+00 1.174260999201056366e-01
6.638826128706195817e+00 2.716144566868667010e+00 9.099685001726749711e-02
7.563514225758552811e+00 2.079671827409758311e+00 6.993667671319901691e-02
8.616997392941321721e+00 1.687525654921136820e+00 5.581302119208588625e-02
9.817214836071872952e+00 1.348880456262037120e+00 4.488986780601572635e-02
1.118460442108735009e+01 1.061860189809087585e+00 3.651620754362901872e-02
1.274245069961824761e+01 8.257673738796482699e-01 3.013627995817461103e-02
1.451728140926205768e+01 6.616278234464278984e-01 2.566413498487330608e-02
1.653931920034971981e+01 5.128919587363158783e-01 2.209455418026757059e-02
1.884299628142029093e+01 3.975000362998961645e-01 1.944622889519352638e-02
2.146754074702852577e+01 2.986432314472526883e-01 1.738023272523821910e-02
2.445764457215044274e+01 2.266972684818842065e-01 1.590329945800075112e-02
2.786422464810916466e+01 1.688406586504909157e-01 1.478400979195016243e-02
3.174528981929791982e+01 1.190924624658569186e-01 1.389541897697159183e-02
3.616692868500850011e+01 8.805117486684266304e-02 1.332252076147275206e-02
4.120443498711833286e+01 5.987131583406957169e-02 1.284817564497758163e-02
4.694358974726586098e+01 3.806705466868631760e-02 1.249422683876004643e-02
