1.069642439726958605e+00 -1.470416339484399426e+00 nan
1.218627458003121777e+00 -9.288248206447919930e-01 2.079723877955635403e-01
1.388363836590320144e+00 -9.235332144457093495e-01 1.829444962366269523e-01
1.581741926207981042e+00 -8.668878282676326652e-01 1.965572512120154214e-01
1.802054659727066133e+00 3.725710015467271763e-01 5.192823944586623108e-01
2.053053625776520175e+00 2.880441755637318302e+00 7.173143172215907803e-01
2.339012952555230562e+00 4.909344944054608639e+00 7.276653304365175989e-01
2.664802089693036891e+00 7.515100100408179884e+00 7.308337570266808525e-01
3.035968727524477995e+00 7.958211308093611436e+00 6.232374981653363566e-01
3.458833265763586962e+00 7.853756389986687125e+00 5.150702476565591770e-01
3.940596440236666886e+00 7.355444219794549099e+00 4.161154399407804849e-01
4.489461940391565875e+00 6.392961566109693905e+00 3.256377455071979843e-01
5.114776105571953835e+00 5.257928841584234902e+00 2.496125250435636267e-01
5.827187078870319503e+00 4.201959084000943534e+00 1.900466782476754879e-01
6.638826128706195817e+00 3.229180904115363404e+00 1.430615956436198377e-01
7.563514225758552811e+00 2.660734029288086333e+00 1.123417686513457497e-01
8.616997392941321721e+00 2.089968565484062069e+00 8.723642375692222672e-02
9.817214836071872952e+00 1.636231306089805049e+00 6.851887467801597020e-02
1.118460442108735009e+01 1.301916953758330386e+00 5.502481023675353383e-02
1.274245069961824761e+01 1.041723589793901228e+00 4.500105081357781006e-02
1.451728140926205768e+01 7.753839397894828345e-01 3.661424732670755244e-02
1.653931920034971981e+01 6.185835366562002502e-01 3.115700273189199454e-02
1.884299628142029093e+01 4.721023926274900973e-01 2.674053610203828979e-02
2.146754074702852577e+01 3.594517080464747494e-01 2.349571674250987285e-02
2.445764457215044274e+01 2.760357238491633058e-01 2.115165450313402293e-02
2.786422464810916466e+01 1.988799769616267366e-01 1.923604179187386048e-02
3.174528981929791982e+01 1.461314411185492546e-01 1.791867135741475811e-02
3.616692868500850011e+01 1.017891757477318304e-01 1.689373186305100430e-02
4.120443498711833286e+01 6.965459636774395946e-02 1.616487538777754487e-02
4.694358974726586098e+01 4.464784605347826840e-02 1.562235550576508356e-02
