1.069642439726958605e+00 -1.281935722370294517e+00 nan
1.218627458003121777e+00 3.411002319329502486e-01 2.606518579268336211e+01
1.388363836590320144e+00 -2.084682448234230989e+00 nan
1.581741926207981042e+00 -5.733862704918033515e-01 1.015943225377596093e+01
1.802054659727066133e+00 -1.127027484625830134e+00 nan
2.053053625776520175e+00 -1.071753245083224559e+00 nan
2.339012952555230562e+00 -1.586378717492060719e+00 nan
2.664802089693036891e+00 -1.113508184040249649e+00 nan
3.035968727524477995e+00 -1.000097240779947327e+00 nan
3.458833265763586962e+00 -1.146421844226977793e+00 nan
3.940596440236666886e+00 -1.054066958048680114e+00 nan
4.489461940391565875e+00 6.248143513446884789e+00 8.802127754656563496e+00
5.114776105571953835e+00 3.698179761030838009e+00 5.823332540950499236e+00
5.827187078870319503e+00 1.827840090322296618e+01 9.801276169921900205e+00
6.638826128706195817e+00 1.768880584851470061e+01 7.969401987066628834e+00
7.563514225758552811e+00 1.084425205130703773e+01 5.215893402858382544e+00
8.616997392941321721e+00 9.474229082992525974e+00 4.053836534411030534e+00
9.817214836071872952e+00 7.151998672835902404e+00 2.948860354197341493e+00
1.118460442108735009e+01 5.431318463504013927e+00 2.162829493647022705e+00
1.274245069961824761e+01 5.324488428539128293e+00 1.784031909941576233e+00
1.451728140926205768e+01 2.983041249088140390e+00 1.161613100408213528e+00
1.653931920034971981e+01 1.634488769446143852e+00 7.764101787473819405e-01
1.884299628142029093e+01 1.563173466912755938e+00 6.390574192582431090e-01
2.146754074702852577e+01 1.549715108963223731e+00 5.363951583064625606e-01
2.445764457215044274e+01 6.305850178668501727e-01 3.514738359861652173e-01
2.786422464810916466e+01 8.525142893907649011e-01 3.216163197547567409e-01
3.174528981929791982e+01 3.729275324763767774e-01 2.298869609340003506e-01
3.616692868500850011e+01 4.051599742743041688e-01 2.017457005511244239e-01
4.120443498711833286e+01 1.074413542871490712e-01 1.508544717464640472e-01
4.694358974726586098e+01 2.174493501859091626e-01 1.429218863877570744e-01
