1.069642439726958605e+00 -1.400984821982148354e+00 nan
1.218627458003121777e+00 -8.297906467373097339e-01 3.202654756475488140e-01
1.388363836590320144e+00 -5.606247996468005645e-01 4.367256185371317656e-01
1.581741926207981042e+00 -3.313667434187606009e-01 4.387623587853858309e-01
1.802054659727066133e+00 4.893312210222189318e-01 5.386792285288105608e-01
2.053053625776520175e+00 1.797889194579417982e+00 6.060100718172963807e-01
2.339012952555230562e+00 5.565477844137877383e+00 7.643940195567456852e-01
2.664802089693036891e+00 7.577996979977761782e+00 7.305655136786867176e-01
3.035968727524477995e+00 7.941326931530070077e+00 6.200627096978202912e-01
3.458833265763586962e+00 8.617481912375930975e+00 5.360936515842992245e-01
3.940596440236666886e+00 7.345263843764053391e+00 4.141660179069948100e-01
4.489461940391565875e+00 6.237743959750160272e+00 3.205489056423306282e-01
5.114776105571953835e+00 5.030477237176359750e+00 2.434759911640052565e-01
5.827187078870319503e+00 4.205820202227313231e+00 1.893925720613507668e-01
6.638826128706195817e+00 3.208740515448641695e+00 1.421068429043826908e-01
7.563514225758552811e+00 2.608272367597558983e+00 1.109369969714440740e-01
8.616997392941321721e+00 2.168078778743361301e+00 8.830787697338143838e-02
9.817214836071872952e+00 1.688917438866916365e+00 6.917248489171280712e-02
1.118460442108735009e+01 1.277989337155788885e+00 5.444467911724469589e-02
1.274245069961824761e+01 1.020889627691429213e+00 4.452364998638810856e-02
1.451728140926205768e+01 7.986045631513862819e-01 3.685704409074089943e-02
1.653931920034971981e+01 6.221711237859977039e-01 3.111783390086105341e-02
1.884299628142029093e+01 4.839261123194156244e-01 2.684060764997215492e-02
2.146754074702852577e+01 3.567324577964723353e-01 2.339192900228165284e-02
2.445764457215044274e+01 2.779727542999284040e-01 2.112557395537757385e-02
2.786422464810916466e+01 1.944395461994463670e-01 1.912361471209254871e-02
3.174528981929791982e+01 1.376957631574178276e-01 1.775296955989625128e-02
3.616692868500850011e+01 9.807045095206556873e-02 1.680060718375067652e-02
4.120443498711833286e+01 6.967380626915042896e-02 1.612883441380479760e-02
4.694358974726586098e+01 4.907015343977016997e-02 1.565232141712111225e-02
