1.069642439726958605e+00 -1.387211050501756748e+00 nan
1.218627458003121777e+00 -9.710493239066189108e-01 1.324075774584037302e-01
1.388363836590320144e+00 -8.404563357275662838e-01 2.638012327698755488e-01
1.581741926207981042e+00 -3.151356893713432861e-01 4.451596985361899184e-01
1.802054659727066133e+00 1.768349313638688525e-01 4.799474261311038048e-01
2.053053625776520175e+00 2.401343211974031888e+00 6.701535939552681898e-01
2.339012952555230562e+00 4.889373988946726257e+00 7.251650421448211370e-01
2.664802089693036891e+00 7.476560665695210162e+00 7.278825596253605257e-01
3.035968727524477995e+00 7.809913424141255334e+00 6.167826848621823510e-01
3.458833265763586962e+00 8.032813858796227890e+00 5.197085967991385003e-01
3.940596440236666886e+00 7.005213610393303370e+00 4.058906267701385406e-01
4.489461940391565875e+00 6.303212156604955041e+00 3.229083070286820067e-01
5.114776105571953835e+00 5.138183155800177815e+00 2.464955500845078806e-01
5.827187078870319503e+00 4.189315473126855593e+00 1.894754974116222290e-01
6.638826128706195817e+00 3.311774226998837278e+00 1.444865686214128753e-01
7.563514225758552811e+00 2.682754366340210694e+00 1.125822215152203210e-01
8.616997392941321721e+00 2.119133929482446277e+00 8.762573567404276231e-02
9.817214836071872952e+00 1.623492312433698181e+00 6.820107930265488505e-02
1.118460442108735009e+01 1.352801287728600865e+00 5.577968512639903953e-02
1.274245069961824761e+01 1.016232480017684070e+00 4.453611486685947474e-02
1.451728140926205768e+01 7.902039623091949849e-01 3.679561710343504100e-02
1.653931920034971981e+01 6.216414956569547012e-01 3.116474937636856679e-02
1.884299628142029093e+01 4.778870513050446078e-01 2.679544902502238937e-02
2.146754074702852577e+01 3.694208355591634962e-01 2.361688409934958877e-02
2.445764457215044274e+01 2.749487520336175717e-01 2.111318040265212914e-02
2.786422464810916466e+01 2.168985010405559688e-01 1.948033997268246859e-02
3.174528981929791982e+01 1.494240896276974873e-01 1.794923167046249407e-02
3.616692868500850011e+01 1.139378116753964054e-01 1.705503081881759586e-02
4.120443498711833286e+01 7.492142332041007435e-02 1.622673128179778768e-02
4.694358974726586098e+01 4.721471801495380483e-02 1.564557914614106773e-02
