1.069642439726958605e+00 -7.935328727004893334e-01 4.700359383780808642e+00
1.218627458003121777e+00 -1.186585057092943707e+00 nan
1.388363836590320144e+00 -1.320857935833518848e+00 nan
1.581741926207981042e+00 -6.488457408732999365e-01 3.219253646436819327e+00
1.802054659727066133e+00 -9.318342680696158897e-01 1.166109134278125348e+00
2.053053625776520175e+00 -1.021382328429139008e+00 nan
2.339012952555230562e+00 -1.041181411551304947e+00 nan
2.664802089693036891e+00 -9.841560367707857804e-01 3.132766926885395264e-01
3.035968727524477995e+00 1.910426020797948432e+00 3.505206113327507200e+00
3.458833265763586962e+00 1.744261929850051018e+00 2.802150594283020268e+00
3.940596440236666886e+00 6.061634602435979069e+00 3.702802847932184171e+00
4.489461940391565875e+00 1.290866849093089286e+01 4.298325758765816573e+00
5.114776105571953835e+00 8.964249975827691230e+00 2.991880836666143129e+00
5.827187078870319503e+00 7.892935174914509133e+00 2.333845505810864474e+00
6.638826128706195817e+00 7.964014156727250437e+00 1.939823959932610364e+00
7.563514225758552811e+00 6.409835264722882897e+00 1.458852681336777701e+00
8.616997392941321721e+00 5.843813536060633140e+00 1.164750395585139486e+00
9.817214836071872952e+00 4.873411289215436426e+00 8.957833595802684457e-01
1.118460442108735009e+01 3.537544499782417251e+00 6.518626898069486142e-01
1.274245069961824761e+01 2.644668333131191318e+00 4.847456659290619307e-01
1.451728140926205768e+01 1.966866964209643243e+00 3.642058757923108958e-01
1.653931920034971981e+01 1.646858153696101557e+00 2.892996178819668973e-01
1.884299628142029093e+01 1.152552800483085171e+00 2.182875575505635879e-01
2.146754074702852577e+01 1.000229898580772270e+00 1.797239969647782265e-01
2.445764457215044274e+01 6.890929143979647176e-01 1.402541280175460259e-01
2.786422464810916466e+01 5.763412950855049122e-01 1.178255687384405781e-01
3.174528981929791982e+01 3.280493678073743702e-01 9.303802729094040602e-02
3.616692868500850011e+01 2.477484094230699707e-01 8.023248067025461061e-02
4.120443498711833286e+01 2.463498498147287386e-01 7.365440426188384071e-02
4.694358974726586098e+01 1.398150703800704608e-01 6.389170342966379867e-02
