1.069642439726958605e+00 -1.105013700738258553e+00 nan
1.218627458003121777e+00 -8.701976782220686157e-01 4.602217382359697351e-01
1.388363836590320144e+00 -8.992598051810081206e-01 3.440857081697558661e-01
1.581741926207981042e+00 -7.416790263479324796e-01 4.486914788057268511e-01
1.802054659727066133e+00 -7.382386429232354885e-01 3.713531956572915793e-01
2.053053625776520175e+00 5.298600562790438673e-01 7.362892586969556064e-01
2.339012952555230562e+00 2.281421667074869486e+00 8.844048663971443291e-01
2.664802089693036891e+00 4.543872330958707906e+00 9.578495196513417964e-01
3.035968727524477995e+00 7.158342997341934577e+00 9.650312193140966333e-01
3.458833265763586962e+00 9.399536313747519856e+00 9.065440599693687096e-01
3.940596440236666886e+00 8.832269448974228609e+00 7.306666717805249123e-01
4.489461940391565875e+00 7.063376808603781143e+00 5.469491956578830250e-01
5.114776105571953835e+00 6.207081833627308143e+00 4.301302108898238941e-01
5.827187078870319503e+00 5.279617292365410108e+00 3.348933128687986427e-01
6.638826128706195817e+00 4.041280881248942691e+00 2.493702937511002027e-01
7.563514225758552811e+00 3.384199583674408540e+00 1.952319701177040456e-01
8.616997392941321721e+00 2.612972085093007379e+00 1.485410249112203429e-01
9.817214836071872952e+00 2.063063850848051217e+00 1.153427878130518086e-01
1.118460442108735009e+01 1.645626137975993997e+00 9.112531824383543477e-02
1.274245069961824761e+01 1.263700410090287107e+00 7.193134414832717816e-02
1.451728140926205768e+01 1.016582837788912785e+00 5.882654485493791358e-02
1.653931920034971981e+01 7.321833312366998747e-01 4.725855844838034586e-02
1.884299628142029093e+01 5.901189978895666766e-01 4.022106793191049245e-02
2.146754074702852577e+01 4.549940813242909776e-01 3.455683936212766705e-02
2.445764457215044274e+01 3.410532664388741253e-01 3.019205387973555518e-02
2.786422464810916466e+01 2.533360596073963578e-01 2.697457264184393091e-02
3.174528981929791982e+01 1.837723756490126092e-01 2.456865262913241962e-02
3.616692868500850011e+01 1.168211783790440439e-01 2.254773995362591502e-02
4.120443498711833286e+01 8.026098730680097937e-02 2.133209842643822574e-02
4.694358974726586098e+01 5.849511845903854201e-02 2.055935338422269082e-02
