1.069642439726958605e+00 -9.286375818271774829e-01 1.802945477733585156e-01
1.218627458003121777e+00 -8.872092068505414986e-01 1.722526416044279363e-01
1.388363836590320144e+00 -6.131094627930870899e-01 2.707765647459959291e-01
1.581741926207981042e+00 6.045072641498954180e-01 4.493638456303310491e-01
1.802054659727066133e+00 2.598114405501228852e+00 5.543905668894838490e-01
2.053053625776520175e+00 5.240533838550882173e+00 6.011817773086833849e-01
2.339012952555230562e+00 7.418005344345782959e+00 5.760650748781087627e-01
2.664802089693036891e+00 8.304742595018419493e+00 5.074177939907225099e-01
3.035968727524477995e+00 8.149858100261219818e+00 4.194162838304704155e-01
3.458833265763586962e+00 7.044526357695472640e+00 3.268720144171650688e-01
3.940596440236666886e+00 6.264038724125498447e+00 2.587673801243980942e-01
4.489461940391565875e+00 5.374006041785104770e+00 2.022963913497194399e-01
5.114776105571953835e+00 4.253757297088455402e+00 1.532303500798619933e-01
5.827187078870319503e+00 3.403948300799808813e+00 1.176503148954671091e-01
6.638826128706195817e+00 2.667747567775748063e+00 9.021241010011880890e-02
7.563514225758552811e+00 2.139794913460603798e+00 7.076329511185540377e-02
8.616997392941321721e+00 1.691179959091952067e+00 5.583271075087404417e-02
9.817214836071872952e+00 1.388616180490751972e+00 4.539078881632215706e-02
1.118460442108735009e+01 1.084142386033272842e+00 3.678290749574617685e-02
1.274245069961824761e+01 8.547791635068293647e-01 3.048394239813651679e-02
1.451728140926205768e+01 6.756589022671566358e-01 2.582422718049481869e-02
1.653931920034971981e+01 5.123969448441558772e-01 2.207886621906512969e-02
1.884299628142029093e+01 3.959492428782593887e-01 1.941951987102179256e-02
2.146754074702852577e+01 3.031870162450158723e-01 1.742750325727310257e-02
2.445764457215044274e+01 2.283114802829515622e-01 1.591642350172093809e-02
2.786422464810916466e+01 1.719793764631680766e-01 1.481581248530952112e-02
3.174528981929791982e+01 1.227884804757606307e-01 1.393426352612314387e-02
3.616692868500850011e+01 8.379218718308267810e-02 1.326743925343387351e-02
4.120443498711833286e+01 5.866215923100392970e-02 1.282946466658980988e-02
4.694358974726586098e+01 3.813100620957943221e-02 1.249076711891843397e-02
