1.069642439726958605e+00 -7.967482417802675965e-01 4.671977089163333652e+00
1.218627458003121777e+00 -1.536374295434867587e+00 nan
1.388363836590320144e+00 -9.928731463562519011e-01 5.642135430631499693e-01
1.581741926207981042e+00 -8.169818931516672489e-01 2.328244313216497829e+00
1.802054659727066133e+00 -8.980803168651003698e-01 1.428446306471592431e+00
2.053053625776520175e+00 -1.125006481276249470e+00 nan
2.339012952555230562e+00 -6.928599687628473891e-01 1.664156865862192358e+00
2.664802089693036891e+00 -9.530437315588862202e-01 5.402854271872118419e-01
3.035968727524477995e+00 5.462893550774565732e-01 2.558630522771043747e+00
3.458833265763586962e+00 1.873250399179631653e+00 2.872523359517112240e+00
3.940596440236666886e+00 8.610856601764851348e+00 4.333554329818433359e+00
4.489461940391565875e+00 1.041886358264806844e+01 3.893704060808832690e+00
5.114776105571953835e+00 9.570022922713668834e+00 3.089173623522841083e+00
5.827187078870319503e+00 1.054394805646380462e+01 2.676073881768618712e+00
6.638826128706195817e+00 9.569801600599001645e+00 2.118742073213278676e+00
7.563514225758552811e+00 7.942880243805641172e+00 1.614629733633678343e+00
8.616997392941321721e+00 6.484592044759519780e+00 1.224381245646829264e+00
9.817214836071872952e+00 4.719412750847107318e+00 8.844029134750323040e-01
1.118460442108735009e+01 3.382658322506094439e+00 6.405906618021137700e-01
1.274245069961824761e+01 2.624646641226294541e+00 4.840652423809190807e-01
1.451728140926205768e+01 2.494822913631162820e+00 4.009246187648372595e-01
1.653931920034971981e+01 1.711491838174056035e+00 2.939303643265940846e-01
1.884299628142029093e+01 1.267426128737142221e+00 2.256412705584101841e-01
2.146754074702852577e+01 9.668003796659927485e-01 1.780961750638186680e-01
2.445764457215044274e+01 8.089115749582600490e-01 1.469582672100323562e-01
2.786422464810916466e+01 5.626710368715188704e-01 1.172877062571599655e-01
3.174528981929791982e+01 3.472460785244191328e-01 9.413527222929113369e-02
3.616692868500850011e+01 2.879690024774941293e-01 8.230337728753206461e-02
4.120443498711833286e+01 2.173523740427674156e-01 7.236005512242943416e-02
4.694358974726586098e+01 1.520069543595103934e-01 6.454279190695377810e-02
