1.069642439726958605e+00 -4.022472436799651163e-01 8.039481102434674398e+00
1.218627458003121777e+00 -1.082308171506013661e+00 nan
1.388363836590320144e+00 -4.997634120851557338e-01 4.743177981871158799e+00
1.581741926207981042e+00 -1.541419320021586881e+00 nan
1.802054659727066133e+00 -8.672232640716044383e-01 1.635982148866849117e+00
2.053053625776520175e+00 -8.814142650326843853e-01 1.267165297302173199e+00
2.339012952555230562e+00 -9.004652848218399619e-01 9.505709402253539331e-01
2.664802089693036891e+00 -1.168446470169735907e+00 nan
3.035968727524477995e+00 4.706634380161656139e-01 2.503755478318199224e+00
3.458833265763586962e+00 2.789011777738776843e+00 3.311071764945448859e+00
3.940596440236666886e+00 8.734942271718335149e+00 4.376567103668204339e+00
4.489461940391565875e+00 6.040881397126550922e+00 3.056980093646744834e+00
5.114776105571953835e+00 1.251376723670680846e+01 3.516970578196978447e+00
5.827187078870319503e+00 1.296003229584191097e+01 2.964984278670820039e+00
6.638826128706195817e+00 8.312575519403726076e+00 1.989019912013658020e+00
7.563514225758552811e+00 8.554397392792090216e+00 1.678199762540315776e+00
8.616997392941321721e+00 5.224679853475926450e+00 1.112664745925127319e+00
9.817214836071872952e+00 4.688208979108967611e+00 8.846496916881609884e-01
1.118460442108735009e+01 3.171380613047907637e+00 6.254689199240029973e-01
1.274245069961824761e+01 2.687641409817575600e+00 4.903334260622445040e-01
1.451728140926205768e+01 2.548743159784656598e+00 4.057829889112535837e-01
1.653931920034971981e+01 1.674753533658392968e+00 2.924764314272029764e-01
1.884299628142029093e+01 1.192248291527168602e+00 2.217443465681056547e-01
2.146754074702852577e+01 1.058006859172477832e+00 1.838252397254133141e-01
2.445764457215044274e+01 7.392512548259853045e-01 1.436053607461625636e-01
2.786422464810916466e+01 5.126159329612651749e-01 1.150046402979509191e-01
3.174528981929791982e+01 3.865577923928857906e-01 9.636573173256027247e-02
3.616692868500850011e+01 2.826729286303208966e-01 8.225165040402879213e-02
4.120443498711833286e+01 2.092230366773406569e-01 7.214254172540178478e-02
4.694358974726586098e+01 1.185531213258899097e-01 6.310477654491930544e-02
