1.069642439726958605e+00 -1.525637077618346993e+00 nan
1.218627458003121777e+00 -1.059992887002849216e+00 nan
1.388363836590320144e+00 -7.174162993924524390e-01 2.316869062268112345e-01
1.581741926207981042e+00 1.050868160544382368e+00 5.087813236336260481e-01
1.802054659727066133e+00 2.403354321396069970e+00 5.397452033232379431e-01
2.053053625776520175e+00 5.564211612893654291e+00 6.175608277141059199e-01
2.339012952555230562e+00 7.309602336545379053e+00 5.729191119999925697e-01
2.664802089693036891e+00 8.267172130294571986e+00 5.069453590743991933e-01
3.035968727524477995e+00 7.765379505673831950e+00 4.104166353500845466e-01
3.458833265763586962e+00 7.330777199606350436e+00 3.335259605374987779e-01
3.940596440236666886e+00 6.491788311221996288e+00 2.635490402032600876e-01
4.489461940391565875e+00 4.987488362667598985e+00 1.954599193560251913e-01
5.114776105571953835e+00 4.414139784649342424e+00 1.561158084411702618e-01
5.827187078870319503e+00 3.398201827531839303e+00 1.176873871176374181e-01
6.638826128706195817e+00 2.752513669594393697e+00 9.159094249204415006e-02
7.563514225758552811e+00 2.174236917271637815e+00 7.133251950817720566e-02
8.616997392941321721e+00 1.753412921316653827e+00 5.674428483063435197e-02
9.817214836071872952e+00 1.375250376992238177e+00 4.525879409596644809e-02
1.118460442108735009e+01 1.098483005117130595e+00 3.700111417731559438e-02
1.274245069961824761e+01 8.737413944938190458e-01 3.074812263737153675e-02
1.451728140926205768e+01 6.718381109189037748e-01 2.579951679752980759e-02
1.653931920034971981e+01 5.345770742067099679e-01 2.236533363408359926e-02
1.884299628142029093e+01 3.970887316587201621e-01 1.944825462657154974e-02
2.146754074702852577e+01 3.017779093484707076e-01 1.742357479557148092e-02
2.445764457215044274e+01 2.303995458202838797e-01 1.595253208630216871e-02
2.786422464810916466e+01 1.647497280317855584e-01 1.474010952126898581e-02
3.174528981929791982e+01 1.216808513291425253e-01 1.393036285317868737e-02
3.616692868500850011e+01 8.113073041076201974e-02 1.324448560092744004e-02
4.120443498711833286e+01 6.006945153821274808e-02 1.285429294470038196e-02
4.694358974726586098e+01 4.048492221939392621e-02 1.252648670165623819e-02
