1.069642439726958605e+00 -6.926746825743523850e-01 9.366619642126161605e-01
1.218627458003121777e+00 -7.670301175546156980e-01 6.197394483208337190e-01
1.388363836590320144e+00 -7.465602004024129990e-01 5.485813370483684226e-01
1.581741926207981042e+00 -1.289297719964922262e+00 nan
1.802054659727066133e+00 -3.530453296667857011e-02 7.167348349588409384e-01
2.053053625776520175e+00 8.837482452338476513e-01 8.213651348289047194e-01
2.339012952555230562e+00 2.679021385319982684e+00 9.415323788353050505e-01
2.664802089693036891e+00 4.818290399137715951e+00 9.865724428803114288e-01
3.035968727524477995e+00 8.508362163514801679e+00 1.049262258551061366e+00
3.458833265763586962e+00 8.574870904583640652e+00 8.726449712601003217e-01
3.940596440236666886e+00 8.806611832838354914e+00 7.332880946571365133e-01
4.489461940391565875e+00 7.727514521101084277e+00 5.736196861528291002e-01
5.114776105571953835e+00 6.014498183178394797e+00 4.258646588805917732e-01
5.827187078870319503e+00 5.428980454277398948e+00 3.409833093065480214e-01
6.638826128706195817e+00 4.091447439750355741e+00 2.519831841022084906e-01
7.563514225758552811e+00 3.390330425577182893e+00 1.963091376691354084e-01
8.616997392941321721e+00 2.662163192335337492e+00 1.504489104491309737e-01
9.817214836071872952e+00 2.052140344391554905e+00 1.156058033059421258e-01
1.118460442108735009e+01 1.608092175978452332e+00 9.068446626398582455e-02
1.274245069961824761e+01 1.264986158587471099e+00 7.226501319846079241e-02
1.451728140926205768e+01 9.501762255717347561e-01 5.769406000119227385e-02
1.653931920034971981e+01 7.647874663579934396e-01 4.809936405505499391e-02
1.884299628142029093e+01 5.736623036286827571e-01 4.004881614769813941e-02
2.146754074702852577e+01 4.428359196582793977e-01 3.444518312477370253e-02
2.445764457215044274e+01 3.341135732362496835e-01 3.016159133221722050e-02
2.786422464810916466e+01 2.433670029365722076e-01 2.687240698564620847e-02
3.174528981929791982e+01 1.670037793045411334e-01 2.432795728430637433e-02
3.616692868500850011e+01 1.128569711759224159e-01 2.253955609080708980e-02
4.120443498711833286e+01 8.894676862920403160e-02 2.155560826330778570e-02
4.694358974726586098e+01 5.515467613462754493e-02 2.055353462930951600e-02
