1.069642439726958605e+00 -1.241245861849939125e+00 nan
1.218627458003121777e+00 -8.392705082556648488e-01 3.108998762253162851e-01
1.388363836590320144e+00 -1.112556393413257627e+00 nan
1.581741926207981042e+00 -1.004537395284009538e+00 nan
1.802054659727066133e+00 8.461815714661815591e-01 5.992549436252555539e-01
2.053053625776520175e+00 2.934990972318924918e+00 7.186071084482819060e-01
2.339012952555230562e+00 4.738665465317476233e+00 7.132132694739102829e-01
2.664802089693036891e+00 7.141310804068540463e+00 7.104789105827917783e-01
3.035968727524477995e+00 8.125800977785297974e+00 6.260840897881778666e-01
3.458833265763586962e+00 8.310280945355422944e+00 5.263652792124288160e-01
3.940596440236666886e+00 7.092542918684290321e+00 4.069149828101545907e-01
4.489461940391565875e+00 6.218028254836445612e+00 3.197548080832634532e-01
5.114776105571953835e+00 4.974263853357823173e+00 2.419595574028815810e-01
5.827187078870319503e+00 4.054561690589496337e+00 1.860101571886140226e-01
6.638826128706195817e+00 3.253411087085573250e+00 1.428672628085605467e-01
7.563514225758552811e+00 2.554605840110034443e+00 1.098249689253096156e-01
8.616997392941321721e+00 2.126574636770599991e+00 8.749298080101011732e-02
9.817214836071872952e+00 1.550015561427724897e+00 6.674444452293586127e-02
1.118460442108735009e+01 1.266175018241790351e+00 5.420573308983495792e-02
1.274245069961824761e+01 1.002843369022613729e+00 4.420240396926857634e-02
1.451728140926205768e+01 7.504520733092325813e-01 3.608591152899601889e-02
1.653931920034971981e+01 5.963499108257386272e-01 3.070480021564768111e-02
1.884299628142029093e+01 4.595254540181885616e-01 2.645839528679727257e-02
2.146754074702852577e+01 3.380187596130348471e-01 2.310020400031375168e-02
2.445764457215044274e+01 2.604602949939245349e-01 2.085536381285264806e-02
2.786422464810916466e+01 1.878795792720946434e-01 1.901621837699500606e-02
3.174528981929791982e+01 1.326532435211478234e-01 1.766913458374822984e-02
3.616692868500850011e+01 9.512937913129082546e-02 1.674833409833022951e-02
4.120443498711833286e+01 5.992926161876455105e-02 1.597809855875027482e-02
4.694358974726586098e+01 3.770908514986270887e-02 1.547851354461560365e-02
