1.069642439726958605e+00 -1.323899081502796893e+00 nan
1.218627458003121777e+00 -9.155514313169457186e-01 2.276720937043731074e-01
1.388363836590320144e+00 -1.000614071248277615e+00 nan
1.581741926207981042e+00 -6.908060788053003165e-01 3.010889044022163064e-01
1.802054659727066133e+00 5.382040992498504650e-03 4.465657400160015778e-01
2.053053625776520175e+00 2.732687777341402224e+00 7.069569997691450558e-01
2.339012952555230562e+00 5.294942276233096656e+00 7.551129287700694137e-01
2.664802089693036891e+00 6.689788732406263705e+00 6.969707035090911829e-01
3.035968727524477995e+00 7.959017746797940163e+00 6.263219147158122224e-01
3.458833265763586962e+00 7.841032762511765064e+00 5.171752821373546416e-01
3.940596440236666886e+00 7.527288880170480923e+00 4.227603250379610711e-01
4.489461940391565875e+00 6.128003918299037345e+00 3.206340979311446127e-01
5.114776105571953835e+00 4.984632301220608852e+00 2.445279180939853581e-01
5.827187078870319503e+00 4.133491574523563195e+00 1.894641556243177871e-01
6.638826128706195817e+00 3.293737320703928440e+00 1.450092955098901959e-01
7.563514225758552811e+00 2.639820514928840733e+00 1.124459389311309870e-01
8.616997392941321721e+00 2.066263327872819300e+00 8.718932936954258694e-02
9.817214836071872952e+00 1.641271480272618266e+00 6.889456965400238275e-02
1.118460442108735009e+01 1.267433751563185051e+00 5.468098291147936024e-02
1.274245069961824761e+01 1.069481100913232785e+00 4.561815087862777091e-02
1.451728140926205768e+01 7.668637641098186020e-01 3.661952541612869400e-02
1.653931920034971981e+01 6.185655259444446941e-01 3.126798119187287894e-02
1.884299628142029093e+01 4.656662858876956523e-01 2.673482184607745005e-02
2.146754074702852577e+01 3.488386046014040343e-01 2.341393049078792019e-02
2.445764457215044274e+01 2.584644514056615439e-01 2.095734184766981367e-02
2.786422464810916466e+01 1.993913513947731531e-01 1.930004943953406160e-02
3.174528981929791982e+01 1.427290684389168618e-01 1.791941562239100783e-02
3.616692868500850011e+01 1.097211346590671877e-01 1.705619665932159648e-02
4.120443498711833286e+01 7.625901722509120795e-02 1.630475621540316764e-02
4.694358974726586098e+01 5.010397844597958006e-02 1.574317656818193661e-02
