1.069642439726958605e+00 -1.113426998252281752e+00 nan
1.218627458003121777e+00 -1.198038845051125900e+00 nan
1.388363836590320144e+00 -5.156029952499578961e-01 3.034186370853847459e-01
1.581741926207981042e+00 3.625158877328245044e-01 4.146179105857195624e-01
1.802054659727066133e+00 3.040846686616181849e+00 5.885442583972704256e-01
2.053053625776520175e+00 5.417637939461305230e+00 6.106323495950481961e-01
2.339012952555230562e+00 6.696212279724038652e+00 5.508689187295076062e-01
2.664802089693036891e+00 7.407726726621800317e+00 4.819035954534252042e-01
3.035968727524477995e+00 7.540245823030314654e+00 4.048520070505933766e-01
3.458833265763586962e+00 7.107504600813703277e+00 3.286989236848604778e-01
3.940596440236666886e+00 6.248676667500936865e+00 2.588061142105969603e-01
4.489461940391565875e+00 5.283268270098276709e+00 2.009145635829932830e-01
5.114776105571953835e+00 4.241041963586315688e+00 1.532113579057012842e-01
5.827187078870319503e+00 3.337316784356824773e+00 1.167310789178276215e-01
6.638826128706195817e+00 2.719000171104864361e+00 9.110014378150217695e-02
7.563514225758552811e+00 2.166525056325072640e+00 7.123324572279725320e-02
8.616997392941321721e+00 1.692113877833963720e+00 5.591115347075219233e-02
9.817214836071872952e+00 1.357929688281773295e+00 4.503670446887014789e-02
1.118460442108735009e+01 1.054791020985798244e+00 3.644678702848533347e-02
1.274245069961824761e+01 8.461880267133077282e-01 3.040829357144703843e-02
1.451728140926205768e+01 6.537173268606744081e-01 2.558064819330903988e-02
1.653931920034971981e+01 5.114435138960493621e-01 2.208811610505851536e-02
1.884299628142029093e+01 3.859881532176541175e-01 1.931735281224549600e-02
2.146754074702852577e+01 2.908002368398669990e-01 1.729454148331626209e-02
2.445764457215044274e+01 2.216956255607358539e-01 1.585074402114334396e-02
2.786422464810916466e+01 1.627933101061191934e-01 1.471843363498608753e-02
3.174528981929791982e+01 1.264549073141938429e-01 1.398839819480398802e-02
3.616692868500850011e+01 8.974603701779759746e-02 1.334791569483826518e-02
4.120443498711833286e+01 6.033911449566398133e-02 1.285874569709923206e-02
4.694358974726586098e+01 4.113081054219946964e-02 1.253534792191023095e-02
