1.069642439726958605e+00 -1.184277988174704532e+00 nan
1.218627458003121777e+00 -1.064113966726449423e+00 nan
1.388363836590320144e+00 -1.312580981711430450e+00 nan
1.581741926207981042e+00 -9.715584878744649711e-01 9.129052902369625411e-01
1.802054659727066133e+00 -1.517235379808257623e+00 nan
2.053053625776520175e+00 -1.039039742615237127e+00 nan
2.339012952555230562e+00 -8.838599355072409569e-01 1.017835311840756152e+00
2.664802089693036891e+00 -1.344908687785027368e+00 nan
3.035968727524477995e+00 -1.080724347490449766e+00 nan
3.458833265763586962e+00 6.398232333098547109e+00 4.592534099926666613e+00
3.940596440236666886e+00 6.638170408628522701e+00 3.838538318637766178e+00
4.489461940391565875e+00 7.988563336526967262e+00 3.429471772534775198e+00
5.114776105571953835e+00 9.758207706030329831e+00 3.100786687975165101e+00
5.827187078870319503e+00 9.352772550962374254e+00 2.515722894543099830e+00
6.638826128706195817e+00 8.389310770146634511e+00 1.980547877403194379e+00
7.563514225758552811e+00 5.284668432087444856e+00 1.333211172629409358e+00
8.616997392941321721e+00 6.428790654122847670e+00 1.213179353691932638e+00
9.817214836071872952e+00 4.205856660229475352e+00 8.360377105699265954e-01
1.118460442108735009e+01 3.491685822681857232e+00 6.460264155153466747e-01
1.274245069961824761e+01 2.806213062345480402e+00 4.950431158101806783e-01
1.451728140926205768e+01 2.145081005468932656e+00 3.753438809040926527e-01
1.653931920034971981e+01 1.591957902347403753e+00 2.848202790785941407e-01
1.884299628142029093e+01 9.542330623871686512e-01 2.053148050461960916e-01
2.146754074702852577e+01 8.537681391541851461e-01 1.707915422558381469e-01
2.445764457215044274e+01 6.585367997961222297e-01 1.381693413170054230e-01
2.786422464810916466e+01 4.699112270197240981e-01 1.119655420485853176e-01
3.174528981929791982e+01 3.357873210282014131e-01 9.316744014576201771e-02
3.616692868500850011e+01 1.796140609332130822e-01 7.669197518936884950e-02
4.120443498711833286e+01 1.548348847798100003e-01 6.910632668217495111e-02
4.694358974726586098e+01 1.355450257495420807e-01 6.354055413022582921e-02
