1.069642439726958605e+00 -2.209177615321912924e+00 nan
1.218627458003121777e+00 -9.691039178257365716e-01 1.390710739905478555e+00
1.388363836590320144e+00 -1.252481486252174481e+00 nan
1.581741926207981042e+00 -7.148550072046111481e-01 2.919747000728572406e+00
1.802054659727066133e+00 -1.056535219285204885e+00 nan
2.053053625776520175e+00 -1.109840728968785051e+00 nan
2.339012952555230562e+00 -9.533798489672133947e-01 6.513712906497802768e-01
2.664802089693036891e+00 -1.171180462477227291e+00 nan
3.035968727524477995e+00 -1.315043097138230976e+00 nan
3.458833265763586962e+00 4.847570144720128482e+00 4.121664628154756649e+00
3.940596440236666886e+00 4.210742719938772360e+00 3.198025379300558413e+00
4.489461940391565875e+00 9.169099436051151741e+00 3.687780748349209770e+00
5.114776105571953835e+00 1.176556833629388343e+01 3.419448768384325099e+00
5.827187078870319503e+00 1.102354384784568886e+01 2.745902458824868830e+00
6.638826128706195817e+00 9.327577601929771589e+00 2.102584779292758110e+00
7.563514225758552811e+00 6.372644214314028943e+00 1.464159665491652440e+00
8.616997392941321721e+00 6.198108933388687625e+00 1.204268466040641972e+00
9.817214836071872952e+00 4.754438489355369946e+00 8.913189901844781327e-01
1.118460442108735009e+01 3.303248939789311223e+00 6.370043736794634981e-01
1.274245069961824761e+01 2.499510899846432821e+00 4.767375916759711840e-01
1.451728140926205768e+01 2.184424101268430451e+00 3.815627716070147946e-01
1.653931920034971981e+01 1.800404505988209003e+00 3.008771851026959543e-01
1.884299628142029093e+01 1.286949385877843799e+00 2.277685480118209760e-01
2.146754074702852577e+01 8.400104349131272130e-01 1.714970848709959639e-01
2.445764457215044274e+01 7.557381833410059535e-01 1.446539378420634014e-01
2.786422464810916466e+01 4.435917619147315971e-01 1.115036572369470097e-01
3.174528981929791982e+01 2.815459004520084463e-01 9.115364933879890885e-02
3.616692868500850011e+01 2.434583192054038392e-01 8.040715333072720461e-02
4.120443498711833286e+01 1.314225184607180630e-01 6.846891762175802421e-02
4.694358974726586098e+01 9.414168046276172319e-02 6.200055410736059203e-02
