1.069642439726958605e+00 -1.468576276239411893e+00 nan
1.218627458003121777e+00 -1.030030128870547124e+00 nan
1.388363836590320144e+00 -7.271421323921725133e-01 3.453411571569023897e-01
1.581741926207981042e+00 -7.200277092829729941e-01 2.848639813676717703e-01
1.802054659727066133e+00 2.356335411323851048e-03 4.433397449568775572e-01
2.053053625776520175e+00 2.867584757062187073e+00 7.155858643143683251e-01
2.339012952555230562e+00 5.365477136197437602e+00 7.550776706580272224e-01
2.664802089693036891e+00 7.365467591127358382e+00 7.236681854277735582e-01
3.035968727524477995e+00 8.200880692670683203e+00 6.315387383172009761e-01
3.458833265763586962e+00 7.852304812841016890e+00 5.146538196676899712e-01
3.940596440236666886e+00 7.644752262212017868e+00 4.235851510770953232e-01
4.489461940391565875e+00 6.054825219842600248e+00 3.170801957685026595e-01
5.114776105571953835e+00 5.048871640900279623e+00 2.446878848200278178e-01
5.827187078870319503e+00 4.154971339329089020e+00 1.889203645223045958e-01
6.638826128706195817e+00 3.255343097648002892e+00 1.434890505496979329e-01
7.563514225758552811e+00 2.648912061602478385e+00 1.120451687880191088e-01
8.616997392941321721e+00 2.062496075244963478e+00 8.668849886528122439e-02
9.817214836071872952e+00 1.675151315559012755e+00 6.913992392049571334e-02
1.118460442108735009e+01 1.325594484686388519e+00 5.537946177725094898e-02
1.274245069961824761e+01 1.019721751612493676e+00 4.462606446010036754e-02
1.451728140926205768e+01 8.019963633009767889e-01 3.700519733603736122e-02
1.653931920034971981e+01 6.326004155206990109e-01 3.135277150520764111e-02
1.884299628142029093e+01 4.984971119963910180e-01 2.712121220828183493e-02
2.146754074702852577e+01 3.918549920496114947e-01 2.396379107480587148e-02
2.445764457215044274e+01 2.894059856797916996e-01 2.133861874336253836e-02
2.786422464810916466e+01 2.055090880588994473e-01 1.932477755918325657e-02
3.174528981929791982e+01 1.505983012527416509e-01 1.797645501737931903e-02
3.616692868500850011e+01 1.081129869729733350e-01 1.697921112583584621e-02
4.120443498711833286e+01 7.485689008054441373e-02 1.623438542667672915e-02
4.694358974726586098e+01 5.349633421113586529e-02 1.574537921446398855e-02
