1.069642439726958605e+00 -1.972729931971979767e+00 nan
1.218627458003121777e+00 -3.733821113367654654e-01 1.856848116513876690e+01
1.388363836590320144e+00 5.054170488354168267e-01 2.442564146519159962e+01
1.581741926207981042e+00 -1.787573411639081566e+00 nan
1.802054659727066133e+00 -1.660090325674075995e+00 nan
2.053053625776520175e+00 -1.680307160529638022e+00 nan
2.339012952555230562e+00 -1.146391054472065019e+00 nan
2.664802089693036891e+00 -9.617373080373592398e-01 1.452711682054224518e+00
3.035968727524477995e+00 -9.673536079006002097e-01 1.106950195883489307e+00
3.458833265763586962e+00 -1.030710303988275900e+00 nan
3.940596440236666886e+00 -1.055075896437043692e+00 nan
4.489461940391565875e+00 1.446787632215225017e+01 1.343020317792924345e+01
5.114776105571953835e+00 9.540254526571441573e+00 9.111256669629872462e+00
5.827187078870319503e+00 1.652186124640383014e+01 9.723493556867815357e+00
6.638826128706195817e+00 1.095402913284026702e+01 6.599097108391891453e+00
7.563514225758552811e+00 1.021890061692322504e+01 5.282851562491658548e+00
8.616997392941321721e+00 7.152917336682929061e+00 3.708008405126219209e+00
9.817214836071872952e+00 5.280250277525969871e+00 2.680898041789283592e+00
1.118460442108735009e+01 6.418194073455991244e+00 2.427864257746248366e+00
1.274245069961824761e+01 4.741316966903672103e+00 1.762657554702428131e+00
1.451728140926205768e+01 3.473991720795575056e+00 1.286665670398943861e+00
1.653931920034971981e+01 2.167506382543610499e+00 8.920663499992741441e-01
1.884299628142029093e+01 1.128322836399902496e+00 6.007676742405629877e-01
2.146754074702852577e+01 1.434067467281872954e+00 5.430041077159322160e-01
2.445764457215044274e+01 8.191695000448273589e-01 3.887050448591201635e-01
2.786422464810916466e+01 4.267740426074893012e-01 2.862218465445889870e-01
3.174528981929791982e+01 5.481590467213535156e-01 2.566926026980230757e-01
3.616692868500850011e+01 1.145797342551515552e-01 1.804650477253680885e-01
4.120443498711833286e+01 1.628947818020973770e-01 1.613085985974537506e-01
4.694358974726586098e+01 1.808623718632662580e-02 1.300689790844971883e-01
