1.069642439726958605e+00 -9.395360663880585328e-01 4.125738989659918921e-01
1.218627458003121777e+00 -9.601163526230442891e-01 2.546385702493846326e-01
1.388363836590320144e+00 -1.097465867439944009e+00 nan
1.581741926207981042e+00 -1.264499695201602325e+00 nan
1.802054659727066133e+00 -4.457681769081018874e-01 5.394204006951115460e-01
2.053053625776520175e+00 3.292123044567949464e-01 6.849871499930090257e-01
2.339012952555230562e+00 2.039825360046068514e+00 8.495215451021180808e-01
2.664802089693036891e+00 4.347382630901179823e+00 9.388167516379660738e-01
3.035968727524477995e+00 6.692275355309542206e+00 9.347007030231817559e-01
3.458833265763586962e+00 8.958716273730164659e+00 8.846735359502830853e-01
3.940596440236666886e+00 8.208636359239932290e+00 7.044442599258022852e-01
4.489461940391565875e+00 7.185557493716967947e+00 5.504244095277918136e-01
5.114776105571953835e+00 6.430632451740928346e+00 4.366536735535725966e-01
5.827187078870319503e+00 5.105249621674414762e+00 3.290812512856602368e-01
6.638826128706195817e+00 4.181494168425353486e+00 2.528858695640965881e-01
7.563514225758552811e+00 3.234428485928108721e+00 1.909707311156861043e-01
8.616997392941321721e+00 2.553120782669383360e+00 1.468118868338845473e-01
9.817214836071872952e+00 1.977482883740497632e+00 1.131460990574102848e-01
1.118460442108735009e+01 1.648102117769282282e+00 9.103828390435693418e-02
1.274245069961824761e+01 1.337732724989085131e+00 7.339935299637700972e-02
1.451728140926205768e+01 1.001458463128613419e+00 5.843016162068798841e-02
1.653931920034971981e+01 8.011663878585550957e-01 4.857053054027753863e-02
1.884299628142029093e+01 5.920180469758191677e-01 4.020464490056128992e-02
2.146754074702852577e+01 4.447201762117840573e-01 3.431586533956667434e-02
2.445764457215044274e+01 3.292396730210085387e-01 2.993148561805476435e-02
2.786422464810916466e+01 2.606882109319528240e-01 2.708240411489642313e-02
3.174528981929791982e+01 1.675407316105181899e-01 2.423727461455720683e-02
3.616692868500850011e+01 1.206070182491696396e-01 2.259502023659599665e-02
4.120443498711833286e+01 8.600803105481547028e-02 2.141796188198163281e-02
4.694358974726586098e+01 5.611015363096827357e-02 2.049459084182517904e-02
