1.069642439726958605e+00 -9.529608359521519745e-01 1.462414514955804878e-01
1.218627458003121777e+00 -7.054796796288058669e-01 2.781008053043863004e-01
1.388363836590320144e+00 -5.435784993572854162e-01 2.938365375802949320e-01
1.581741926207981042e+00 6.953411989921425285e-01 4.615010387581742757e-01
1.802054659727066133e+00 2.610250097711012351e+00 5.548134933763837484e-01
2.053053625776520175e+00 4.824202209328532831e+00 5.799515069882431595e-01
2.339012952555230562e+00 6.379032767883939137e+00 5.378524039737453410e-01
2.664802089693036891e+00 7.880936671504315427e+00 4.947434221499315554e-01
3.035968727524477995e+00 7.739100231750331460e+00 4.089101356249618680e-01
3.458833265763586962e+00 7.685914333926421094e+00 3.404964699253372751e-01
3.940596440236666886e+00 6.003678427265513484e+00 2.533603443165009517e-01
4.489461940391565875e+00 5.198454453830446909e+00 1.989354162399966930e-01
5.114776105571953835e+00 4.214248102577979438e+00 1.524277999162381436e-01
5.827187078870319503e+00 3.402429395219313868e+00 1.175270385312058574e-01
6.638826128706195817e+00 2.717294829623394747e+00 9.088671251353096225e-02
7.563514225758552811e+00 2.208135471955487095e+00 7.168610803379145413e-02
8.616997392941321721e+00 1.739278486610110530e+00 5.644903475101850643e-02
9.817214836071872952e+00 1.367810925316146786e+00 4.508226040452883998e-02
1.118460442108735009e+01 1.118303976432213354e+00 3.719275129485462988e-02
1.274245069961824761e+01 8.550274088155851437e-01 3.046596729701479128e-02
1.451728140926205768e+01 6.706481081922170961e-01 2.574587074257144934e-02
1.653931920034971981e+01 5.104242351195411587e-01 2.204117830870477510e-02
1.884299628142029093e+01 4.101454020517092403e-01 1.957809252588816121e-02
2.146754074702852577e+01 3.095666839301587370e-01 1.749365055703789099e-02
2.445764457215044274e+01 2.356732586262859641e-01 1.599522241679728063e-02
2.786422464810916466e+01 1.722103747804040186e-01 1.481078481946666685e-02
3.174528981929791982e+01 1.192379463133417250e-01 1.388511749473283173e-02
3.616692868500850011e+01 8.126996953813780955e-02 1.323098569572219406e-02
4.120443498711833286e+01 5.780624351390883930e-02 1.281307230912572849e-02
4.694358974726586098e+01 3.806962221082166309e-02 1.248402374040531553e-02
