1.069642439726958605e+00 -1.298829323959596493e+00 nan
1.218627458003121777e+00 -1.162999836573181955e+00 nan
1.388363836590320144e+00 -1.167844774707454292e+00 nan
1.581741926207981042e+00 -8.069974580069789738e-01 2.373338968290742701e-01
1.802054659727066133e+00 8.230248882509751951e-01 6.002413865191653652e-01
2.053053625776520175e+00 3.477808303064712447e+00 7.730262683732171958e-01
2.339012952555230562e+00 5.330979704528103547e+00 7.556047284987650325e-01
2.664802089693036891e+00 7.465160370024436887e+00 7.305939026235964695e-01
3.035968727524477995e+00 8.593985177319506619e+00 6.477094179679603325e-01
3.458833265763586962e+00 8.266659238957583256e+00 5.291151957325949118e-01
3.940596440236666886e+00 7.358209827909613310e+00 4.172818477049191621e-01
4.489461940391565875e+00 6.147019201584243753e+00 3.204195174363011489e-01
5.114776105571953835e+00 5.031639417404432102e+00 2.450906664674537550e-01
5.827187078870319503e+00 4.043150350229343104e+00 1.871387606498640110e-01
6.638826128706195817e+00 3.384039136619557020e+00 1.465149106456681283e-01
7.563514225758552811e+00 2.504537960679365405e+00 1.096543845206958134e-01
8.616997392941321721e+00 2.126406274154690745e+00 8.809581100523428132e-02
9.817214836071872952e+00 1.670456736258567609e+00 6.926246645121299228e-02
1.118460442108735009e+01 1.307082588828461844e+00 5.523238850995720872e-02
1.274245069961824761e+01 1.018156166657076422e+00 4.472289388464045085e-02
1.451728140926205768e+01 8.227167291285577555e-01 3.742230649921503977e-02
1.653931920034971981e+01 6.279328672870121419e-01 3.135974068633114176e-02
1.884299628142029093e+01 4.767439826690076377e-01 2.685962524448828534e-02
2.146754074702852577e+01 3.741824672836895349e-01 2.375548433948415986e-02
2.445764457215044274e+01 2.607371466692183226e-01 2.096173553048264609e-02
2.786422464810916466e+01 1.957284642838328370e-01 1.922067892081406881e-02
3.174528981929791982e+01 1.452052426362915316e-01 1.793280508882738600e-02
3.616692868500850011e+01 1.081428669549500121e-01 1.701201048761812745e-02
4.120443498711833286e+01 7.025538327577485198e-02 1.619729257707455683e-02
4.694358974726586098e+01 4.861251501155661181e-02 1.570272604752239592e-02
