1.069642439726958605e+00 -1.062957822372552652e+00 nan
1.218627458003121777e+00 -1.099030366135367753e+00 nan
1.388363836590320144e+00 -1.132874251712804092e+00 nan
1.581741926207981042e+00 3.783485723795432243e-02 5.457959191349452954e-01
1.802054659727066133e+00 2.656814416134247736e-01 4.956965340329034242e-01
2.053053625776520175e+00 2.735395184105704480e+00 6.995764619804638595e-01
2.339012952555230562e+00 4.291096852789011429e+00 6.840259792061725852e-01
2.664802089693036891e+00 7.195198405281503895e+00 7.124331325217441169e-01
3.035968727524477995e+00 8.702327684460666291e+00 6.460630588881127734e-01
3.458833265763586962e+00 8.423210873181872671e+00 5.294265437651994866e-01
3.940596440236666886e+00 7.406766244259968879e+00 4.151544722625978290e-01
4.489461940391565875e+00 6.140603890211341565e+00 3.176546592709158512e-01
5.114776105571953835e+00 4.961250035438425243e+00 2.415142894363545567e-01
5.827187078870319503e+00 4.173750560365331985e+00 1.884240022445456408e-01
6.638826128706195817e+00 3.198489771205394572e+00 1.416857567194599876e-01
7.563514225758552811e+00 2.611115626821506996e+00 1.108253523282890646e-01
8.616997392941321721e+00 2.057605554801855696e+00 8.621521229266035369e-02
9.817214836071872952e+00 1.626633811941891938e+00 6.801629154698622670e-02
1.118460442108735009e+01 1.328707678868510378e+00 5.519926430270026552e-02
1.274245069961824761e+01 9.932079162735640843e-01 4.402726980320152000e-02
1.451728140926205768e+01 8.065714749166048581e-01 3.693357619975634609e-02
1.653931920034971981e+01 6.050446699237737036e-01 3.082192934983504773e-02
1.884299628142029093e+01 4.801172587413782278e-01 2.675346984529839225e-02
2.146754074702852577e+01 3.650645175773967743e-01 2.348965737837612616e-02
2.445764457215044274e+01 2.725998431661276200e-01 2.102509287490893219e-02
2.786422464810916466e+01 2.093919928352983018e-01 1.932334639717586677e-02
3.174528981929791982e+01 1.485570651806620290e-01 1.789457769653172298e-02
3.616692868500850011e+01 1.091898847449743748e-01 1.694718694350375032e-02
4.120443498711833286e+01 7.554693568320081098e-02 1.619991275841039038e-02
4.694358974726586098e+01 4.882577231129014983e-02 1.563502107087881912e-02
