1.069642439726958605e+00 -8.240534521158129344e-01 4.316688351629929810e-01
1.218627458003121777e+00 -8.319586187613585704e-01 3.205874024112418397e-01
1.388363836590320144e+00 -8.818289961614191874e-01 2.281562489217206224e-01
1.581741926207981042e+00 -1.787317019963257092e-01 4.899158889187215093e-01
1.802054659727066133e+00 3.017740678597347070e-01 5.073129629841720556e-01
2.053053625776520175e+00 2.611799461275813528e+00 6.941008834315481879e-01
2.339012952555230562e+00 5.804431222209187169e+00 7.841476006568711687e-01
2.664802089693036891e+00 7.025502901687734614e+00 7.111631696971123517e-01
3.035968727524477995e+00 8.383044613902473685e+00 6.405088811958250528e-01
3.458833265763586962e+00 8.184890292321096439e+00 5.268591765902352897e-01
3.940596440236666886e+00 6.938578470555609279e+00 4.059765232241026589e-01
4.489461940391565875e+00 6.459440801339495941e+00 3.282507482250096587e-01
5.114776105571953835e+00 5.282846750346980258e+00 2.509235453980123709e-01
5.827187078870319503e+00 4.053867678505711503e+00 1.874483690281633086e-01
6.638826128706195817e+00 3.191602373628534828e+00 1.427206994154306130e-01
7.563514225758552811e+00 2.565650369111840412e+00 1.108621222881037288e-01
8.616997392941321721e+00 2.024073691485823279e+00 8.629452410863618084e-02
9.817214836071872952e+00 1.623147816393134768e+00 6.847962608227883829e-02
1.118460442108735009e+01 1.269054886053945896e+00 5.462745313833565486e-02
1.274245069961824761e+01 1.018874908624878950e+00 4.475052504727158181e-02
1.451728140926205768e+01 7.818371843692082379e-01 3.680223417550429477e-02
1.653931920034971981e+01 6.417042355869835291e-01 3.157906041379792556e-02
1.884299628142029093e+01 4.743184326728844269e-01 2.683173745135251573e-02
2.146754074702852577e+01 3.629241839923820212e-01 2.359564468732776657e-02
2.445764457215044274e+01 2.744244861439610883e-01 2.116941050578366457e-02
2.786422464810916466e+01 2.166842937455597529e-01 1.953357847219733615e-02
3.174528981929791982e+01 1.551109102531460504e-01 1.808262424258808704e-02
3.616692868500850011e+01 1.085001712564697129e-01 1.702154632480907398e-02
4.120443498711833286e+01 7.543058546188774471e-02 1.627698599239302615e-02
4.694358974726586098e+01 4.842498556937968601e-02 1.570379152518766933e-02
