1.069642439726958605e+00 -2.123948094901511041e-01 2.793101628241196011e+01
1.218627458003121777e+00 2.998517434584208052e-01 2.726807192168480043e+01
1.388363836590320144e+00 -7.649638194662087276e-01 9.840368048694140057e+00
1.581741926207981042e+00 -1.173448557430593286e+00 nan
1.802054659727066133e+00 -1.260183805111388278e+00 nan
2.053053625776520175e+00 -1.201449283833671444e+00 nan
2.339012952555230562e+00 -9.848771044298836319e-01 1.121441261171532311e+00
2.664802089693036891e+00 -1.175636350582532241e+00 nan
3.035968727524477995e+00 -1.053667887947565163e+00 nan
3.458833265763586962e+00 7.933969439486037167e+00 1.538362792117545474e+01
3.940596440236666886e+00 -1.248135472604439133e+00 nan
4.489461940391565875e+00 -1.133236870717573286e+00 nan
5.114776105571953835e+00 4.494095328286938695e+00 6.692983986830373766e+00
5.827187078870319503e+00 1.539763302443045667e+01 9.582574554928603661e+00
6.638826128706195817e+00 8.905977959312195935e+00 6.112943200385988263e+00
7.563514225758552811e+00 8.236509831529257752e+00 4.873789008041797821e+00
8.616997392941321721e+00 1.151010541272409782e+01 4.719709822130378818e+00
9.817214836071872952e+00 2.458383493499136208e+00 2.011959780743691084e+00
1.118460442108735009e+01 4.918103780759867760e+00 2.196611522637299974e+00
1.274245069961824761e+01 3.860656176830852715e+00 1.644075059376512327e+00
1.451728140926205768e+01 3.026244308079398149e+00 1.238840830485144595e+00
1.653931920034971981e+01 2.442925497216329234e+00 9.507986350983350654e-01
1.884299628142029093e+01 1.429091479955337807e+00 6.575290542865201981e-01
2.146754074702852577e+01 1.277797536269019041e+00 5.327398795852218427e-01
2.445764457215044274e+01 1.194333466426111823e+00 4.408316311774961305e-01
2.786422464810916466e+01 8.463574027064673100e-01 3.390206211936098168e-01
3.174528981929791982e+01 3.700098475727533476e-01 2.423866704511364600e-01
3.616692868500850011e+01 2.249591556567942519e-01 1.947261267586130884e-01
4.120443498711833286e+01 1.583788046480225642e-01 1.635201318536395887e-01
4.694358974726586098e+01 9.894069732108667914e-02 1.393614586438451097e-01
