1.069642439726958605e+00 -1.658207899874613922e+00 nan
1.218627458003121777e+00 -6.531778242504897580e-01 4.750216816714614154e+00
1.388363836590320144e+00 -1.041176351519495835e+00 nan
1.581741926207981042e+00 -7.482326478149099458e-01 2.796945698230142607e+00
1.802054659727066133e+00 -1.096563264317197195e+00 nan
2.053053625776520175e+00 -1.509390687068272729e+00 nan
2.339012952555230562e+00 -1.025734580161625331e+00 nan
2.664802089693036891e+00 -9.885449752152475345e-01 2.733213835486729137e-01
3.035968727524477995e+00 -1.045959332602887315e+00 nan
3.458833265763586962e+00 1.889181295429183560e+00 2.950241125848743096e+00
3.940596440236666886e+00 5.625573810750211123e+00 3.678953238969399298e+00
4.489461940391565875e+00 1.036023346634094011e+01 3.976781028188500322e+00
5.114776105571953835e+00 1.317623070759750448e+01 3.678513284849785681e+00
5.827187078870319503e+00 8.555374492045409340e+00 2.484118897342382226e+00
6.638826128706195817e+00 8.660729135153530933e+00 2.068694657488490574e+00
7.563514225758552811e+00 6.544564755436858228e+00 1.510119895363135401e+00
8.616997392941321721e+00 5.697800057374315053e+00 1.180278323775341365e+00
9.817214836071872952e+00 4.376320787050893557e+00 8.749963116137349228e-01
1.118460442108735009e+01 3.287977847989940638e+00 6.475285550287713798e-01
1.274245069961824761e+01 2.968638775393110940e+00 5.209465796275213334e-01
1.451728140926205768e+01 2.278679007811384771e+00 3.950000969910312243e-01
1.653931920034971981e+01 1.772149901822011042e+00 3.043531600828633388e-01
1.884299628142029093e+01 1.331259760062662112e+00 2.344385995611204254e-01
2.146754074702852577e+01 8.634653385396753311e-01 1.758018354173484510e-01
2.445764457215044274e+01 8.888984121966372332e-01 1.543005598168458448e-01
2.786422464810916466e+01 5.392651650366822036e-01 1.183527642184001721e-01
3.174528981929791982e+01 4.428235537730120797e-01 1.007759468558014210e-01
3.616692868500850011e+01 3.196739108925166217e-01 8.533787580519623661e-02
4.120443498711833286e+01 2.519356906919760775e-01 7.525246131571453057e-02
4.694358974726586098e+01 1.521659968324160506e-01 6.557655479494499395e-02
