1.069642439726958605e+00 -2.040365760420559837e+00 nan
1.218627458003121777e+00 -1.223996596111279533e+00 nan
1.388363836590320144e+00 -1.107648952337241699e+00 nan
1.581741926207981042e+00 -7.888605751729158566e-01 2.538966859242324681e+00
1.802054659727066133e+00 -1.418322621035089881e+00 nan
2.053053625776520175e+00 -1.081349631704814129e+00 nan
2.339012952555230562e+00 -8.378635808316357014e-01 1.227578147201496384e+00
2.664802089693036891e+00 -8.655729775215128541e-01 9.281467022236080666e-01
3.035968727524477995e+00 -1.004130437115497987e+00 nan
3.458833265763586962e+00 9.734964419757869969e-01 2.416207375853486550e+00
3.940596440236666886e+00 9.494172369347616325e+00 4.599398754757752172e+00
4.489461940391565875e+00 1.050948042041880548e+01 3.968630761106592075e+00
5.114776105571953835e+00 9.856720401659469388e+00 3.179126834917588074e+00
5.827187078870319503e+00 9.004525250236458334e+00 2.521930730679203592e+00
6.638826128706195817e+00 9.327115812581572740e+00 2.124154858270582480e+00
7.563514225758552811e+00 7.336733352474887226e+00 1.578508486896722740e+00
8.616997392941321721e+00 5.253433024131380691e+00 1.128155408963724904e+00
9.817214836071872952e+00 4.768352140547017726e+00 9.014904480390067976e-01
1.118460442108735009e+01 3.807020787512119142e+00 6.838946285726291707e-01
1.274245069961824761e+01 2.702423163191026934e+00 4.968937571036777801e-01
1.451728140926205768e+01 2.480719636600739797e+00 4.056003586928143001e-01
1.653931920034971981e+01 1.435940838806657016e+00 2.798577112042901494e-01
1.884299628142029093e+01 9.054150252279022926e-01 2.060405550498715654e-01
2.146754074702852577e+01 8.755244014881846670e-01 1.751604478792878061e-01
2.445764457215044274e+01 5.517252834113921534e-01 1.346537250704329669e-01
2.786422464810916466e+01 5.647376866609195023e-01 1.188463731948565250e-01
3.174528981929791982e+01 3.380792791937230479e-01 9.479115007002758553e-02
3.616692868500850011e+01 2.964784002724030199e-01 8.364831139832425155e-02
4.120443498711833286e+01 1.764781866480544803e-01 7.115640735091217917e-02
4.694358974726586098e+01 1.158541826621384274e-01 6.346913972436087070e-02
