1.069642439726958605e+00 -1.331110910405139069e+00 nan
1.218627458003121777e+00 -4.835862717883185891e-01 3.671333169253160889e-01
1.388363836590320144e+00 -6.744276759827441126e-01 2.473888084130532461e-01
1.581741926207981042e+00 5.461449484751188521e-01 4.393278234695729978e-01
1.802054659727066133e+00 2.834651875931629927e+00 5.701380122780568271e-01
2.053053625776520175e+00 5.435311486804527803e+00 6.081974628802140348e-01
2.339012952555230562e+00 7.095023376843169416e+00 5.623423150745671117e-01
2.664802089693036891e+00 8.102298633415827567e+00 4.996383099836614328e-01
3.035968727524477995e+00 7.721229317474122666e+00 4.072418445106795182e-01
3.458833265763586962e+00 7.319393133710862642e+00 3.316101234351424010e-01
3.940596440236666886e+00 6.068939179993845912e+00 2.539195236955019697e-01
4.489461940391565875e+00 5.035921343077742307e+00 1.953938397769011681e-01
5.114776105571953835e+00 4.310674396400590247e+00 1.536266210157026524e-01
5.827187078870319503e+00 3.358521216647679442e+00 1.164986858856412455e-01
6.638826128706195817e+00 2.683305957910969486e+00 9.012626897136920279e-02
7.563514225758552811e+00 2.181655018849532279e+00 7.111713149134545053e-02
8.616997392941321721e+00 1.676673897169244754e+00 5.544558893243203140e-02
9.817214836071872952e+00 1.367263926972170252e+00 4.496251396631895797e-02
1.118460442108735009e+01 1.053431038068755043e+00 3.627590135577338226e-02
1.274245069961824761e+01 8.649787001316555646e-01 3.052004964265845471e-02
1.451728140926205768e+01 6.718572374356464039e-01 2.570447150438107467e-02
1.653931920034971981e+01 4.987205091737720863e-01 2.185407753603782477e-02
1.884299628142029093e+01 3.963857202214109421e-01 1.937486946327273210e-02
2.146754074702852577e+01 2.980958728270972635e-01 1.732423758844341827e-02
2.445764457215044274e+01 2.269526038191362893e-01 1.586296013975136560e-02
2.786422464810916466e+01 1.696440664651872599e-01 1.475466058482167130e-02
3.174528981929791982e+01 1.136838903374588483e-01 1.379599920861468779e-02
3.616692868500850011e+01 8.052838272994344848e-02 1.320040956852101648e-02
4.120443498711833286e+01 5.341089186923730914e-02 1.274039208470251899e-02
4.694358974726586098e+01 3.523866676038611701e-02 1.243063300332153572e-02
