1.069642439726958605e+00 -3.022235514766215658e+00 nan
1.218627458003121777e+00 6.681701890436323454e-01 2.928047104048053129e+01
1.388363836590320144e+00 -6.729817009078562506e-01 1.100220183642007044e+01
1.581741926207981042e+00 -1.377128482972136414e+00 nan
1.802054659727066133e+00 -1.356632309075636034e+00 nan
2.053053625776520175e+00 -1.086719470795900033e+00 nan
2.339012952555230562e+00 -4.472569821535670176e-01 6.426575229312813775e+00
2.664802089693036891e+00 -6.963684108744108148e-01 3.955052184889261024e+00
3.035968727524477995e+00 -7.202863247422148785e-01 3.131532813986768637e+00
3.458833265763586962e+00 -9.012695494787035244e-01 1.531221329740339865e+00
3.940596440236666886e+00 -9.447710939031797039e-01 9.406736814640456190e-01
4.489461940391565875e+00 1.341859162534559324e+01 1.252977598449933794e+01
5.114776105571953835e+00 3.865579079377122085e+00 5.969327268073014281e+00
5.827187078870319503e+00 2.044799738363096608e+01 1.042573448568114003e+01
6.638826128706195817e+00 1.563375295294434508e+01 7.557899342665614917e+00
7.563514225758552811e+00 1.023356617759477771e+01 5.111618348084743246e+00
8.616997392941321721e+00 6.642131137750482139e+00 3.467919287230277536e+00
9.817214836071872952e+00 4.133673918134908476e+00 2.336176847276309587e+00
1.118460442108735009e+01 5.951379414556252634e+00 2.269320492640887643e+00
1.274245069961824761e+01 4.488928603213185653e+00 1.665049514152600274e+00
1.451728140926205768e+01 2.164771562286597728e+00 1.034934180516945634e+00
1.653931920034971981e+01 2.945422915625186100e+00 9.733600202329487638e-01
1.884299628142029093e+01 1.809565074517269778e+00 6.768375896249450019e-01
2.146754074702852577e+01 1.248237231954572479e+00 5.029175280953258609e-01
2.445764457215044274e+01 9.700340756027909794e-01 3.942237118760579806e-01
2.786422464810916466e+01 6.893949534039143234e-01 3.063508727317073577e-01
3.174528981929791982e+01 4.454488055136869296e-01 2.387610134021776742e-01
3.616692868500850011e+01 2.946564149897163976e-01 1.925543129129566877e-01
4.120443498711833286e+01 2.263377806266788639e-01 1.625049363375751788e-01
4.694358974726586098e+01 1.762921626217179849e-01 1.402088050878563252e-01
