1.069642439726958605e+00 -1.292953304670861225e+00 nan
1.218627458003121777e+00 -1.009073533078058915e+00 nan
1.388363836590320144e+00 -1.096530071539267848e+00 nan
1.581741926207981042e+00 -7.008986770664726862e-01 2.947086440518379424e-01
1.802054659727066133e+00 3.036062490702382544e-01 5.061394637885743286e-01
2.053053625776520175e+00 3.055987025696225157e+00 7.335931066350057650e-01
2.339012952555230562e+00 5.725532995069531950e+00 7.771818975128002016e-01
2.664802089693036891e+00 7.036311587487855235e+00 7.095366807692268241e-01
3.035968727524477995e+00 8.710939413147592347e+00 6.502047692519429267e-01
3.458833265763586962e+00 8.358843120485159872e+00 5.305990008352367004e-01
3.940596440236666886e+00 7.544890123718755781e+00 4.212872934335066266e-01
4.489461940391565875e+00 6.296158693498471237e+00 3.233204820842030536e-01
5.114776105571953835e+00 5.175311986494213201e+00 2.477812378008403260e-01
5.827187078870319503e+00 4.233787500741393650e+00 1.907513667830063597e-01
6.638826128706195817e+00 3.298476107330353457e+00 1.444718369282196324e-01
7.563514225758552811e+00 2.516657783974526108e+00 1.096350879742611500e-01
8.616997392941321721e+00 2.077193466286940460e+00 8.702119199241199754e-02
9.817214836071872952e+00 1.684182034720090426e+00 6.934750663273082927e-02
1.118460442108735009e+01 1.291902122524967389e+00 5.486837719173041222e-02
1.274245069961824761e+01 1.053175261014716035e+00 4.518877966362418175e-02
1.451728140926205768e+01 8.183414893056988326e-01 3.728329908153302924e-02
1.653931920034971981e+01 6.159860131490035862e-01 3.112156863172666280e-02
1.884299628142029093e+01 4.762701991086004671e-01 2.680603952881891600e-02
2.146754074702852577e+01 3.712940138757281350e-01 2.367369777618638649e-02
2.445764457215044274e+01 2.712777075544539063e-01 2.108394551470224587e-02
2.786422464810916466e+01 2.124776358333400061e-01 1.943738280437963886e-02
3.174528981929791982e+01 1.461712630035811866e-01 1.792104887020147530e-02
3.616692868500850011e+01 1.058556586594510129e-01 1.695479405393870639e-02
4.120443498711833286e+01 7.294311955202381625e-02 1.621443130851722009e-02
4.694358974726586098e+01 5.019807143652066372e-02 1.570483657294544783e-02
