1.069642439726958605e+00 -7.973692566151751038e-01 7.635510157112028740e-01
1.218627458003121777e+00 -4.342807018470911107e-01 9.695707569608214005e-01
1.388363836590320144e+00 -7.806132856936798259e-01 5.124022550555189515e-01
1.581741926207981042e+00 -9.287695152013148991e-01 2.377474072380896808e-01
1.802054659727066133e+00 -8.946748872326153457e-01 2.376899569881675001e-01
2.053053625776520175e+00 5.659506254986745866e-02 6.173148693292288547e-01
2.339012952555230562e+00 2.407281841677954670e+00 9.094681281688242747e-01
2.664802089693036891e+00 5.080751690274680321e+00 1.012798478162905802e+00
3.035968727524477995e+00 8.091469149964023444e+00 1.029330492494030747e+00
3.458833265763586962e+00 9.222125880882259708e+00 9.064148134284536473e-01
3.940596440236666886e+00 7.957162558974908428e+00 7.015725822905480857e-01
4.489461940391565875e+00 7.161493018725762383e+00 5.553369031720565285e-01
5.114776105571953835e+00 6.129798906114004353e+00 4.312942582368131661e-01
5.827187078870319503e+00 5.115653036558535760e+00 3.327842567409072805e-01
6.638826128706195817e+00 4.306451025044848890e+00 2.589646590750043775e-01
7.563514225758552811e+00 3.074372270246938932e+00 1.885937249274904637e-01
8.616997392941321721e+00 2.606347142336594036e+00 1.495873219860140158e-01
9.817214836071872952e+00 2.003636339136777966e+00 1.148562453048268539e-01
1.118460442108735009e+01 1.644568982995429085e+00 9.180860319654685076e-02
1.274245069961824761e+01 1.224538599459028987e+00 7.162911075298442065e-02
1.451728140926205768e+01 1.000124659257962012e+00 5.891128600199950494e-02
1.653931920034971981e+01 7.523949431416947498e-01 4.799454163960137354e-02
1.884299628142029093e+01 6.078582186195460313e-01 4.083543879085337752e-02
2.146754074702852577e+01 4.585159213696341496e-01 3.484186188169534348e-02
2.445764457215044274e+01 3.261552287937892203e-01 3.008744355869815909e-02
2.786422464810916466e+01 2.467077230779146646e-01 2.700171114544849468e-02
3.174528981929791982e+01 1.751706000605757207e-01 2.453912189001764346e-02
3.616692868500850011e+01 1.332555694139412328e-01 2.297422052888374241e-02
4.120443498711833286e+01 9.050110845459968800e-02 2.163161252687469463e-02
4.694358974726586098e+01 6.091776665638959365e-02 2.070519828237468371e-02
