1.069642439726958605e+00 -1.279026894133052039e+00 nan
1.218627458003121777e+00 -9.478571725907340983e-01 1.172976296204232272e-01
1.388363836590320144e+00 -6.549435457689214424e-01 2.561092132528892673e-01
1.581741926207981042e+00 3.231001406494111716e-01 4.086250704893226171e-01
1.802054659727066133e+00 2.238884228428396739e+00 5.266428481032471298e-01
2.053053625776520175e+00 5.159799749540771252e+00 5.981370872616108558e-01
2.339012952555230562e+00 6.588563164637157854e+00 5.469736994963417809e-01
2.664802089693036891e+00 7.685837381152866854e+00 4.902221070145704740e-01
3.035968727524477995e+00 7.777644402916604527e+00 4.108522411594644486e-01
3.458833265763586962e+00 6.912825934780899573e+00 3.244391943480294804e-01
3.940596440236666886e+00 6.311254263739930259e+00 2.600787812486276551e-01
4.489461940391565875e+00 5.123979757223475318e+00 1.980320891789120463e-01
5.114776105571953835e+00 4.119553775260920148e+00 1.511562740252481163e-01
5.827187078870319503e+00 3.377682658088080103e+00 1.173935414235251634e-01
6.638826128706195817e+00 2.695454444697708674e+00 9.075530434386194778e-02
7.563514225758552811e+00 2.165053150059425668e+00 7.122070707482967833e-02
8.616997392941321721e+00 1.669232131950276976e+00 5.560255601512011092e-02
9.817214836071872952e+00 1.374035421741313989e+00 4.525469922705209480e-02
1.118460442108735009e+01 1.067545633850279785e+00 3.661428796277614583e-02
1.274245069961824761e+01 8.476499034471038918e-01 3.042972437506738168e-02
1.451728140926205768e+01 6.666851879846853457e-01 2.574227771762888778e-02
1.653931920034971981e+01 5.166345050504210779e-01 2.215304962522751317e-02
1.884299628142029093e+01 3.941632087458561973e-01 1.941720678429222427e-02
2.146754074702852577e+01 2.900155571256395337e-01 1.728665370671505358e-02
2.445764457215044274e+01 2.161106042531386606e-01 1.578560367559268471e-02
2.786422464810916466e+01 1.538776926092981778e-01 1.461374297217938635e-02
3.174528981929791982e+01 1.143640240963297305e-01 1.384607395161768784e-02
3.616692868500850011e+01 7.839792647842180884e-02 1.321440309116274185e-02
4.120443498711833286e+01 4.931162293780921857e-02 1.272901736447469914e-02
4.694358974726586098e+01 3.358487220855921329e-02 1.244685186362376114e-02
