1.069642439726958605e+00 1.000000000000000000e+00 4.229809083626972921e+01
1.218627458003121777e+00 -6.634406974481132924e-01 1.318582790454272491e+01
1.388363836590320144e+00 4.153764352688615880e-02 1.968592653183441143e+01
1.581741926207981042e+00 -2.710812209001554063e-01 1.341041680784232248e+01
1.802054659727066133e+00 -1.147934635276575577e+00 nan
2.053053625776520175e+00 -5.871233094324350699e-01 6.800897224199284885e+00
2.339012952555230562e+00 -8.863006936563357918e-01 2.922208323195805146e+00
2.664802089693036891e+00 -6.674081638186142307e-01 4.150089630436043286e+00
3.035968727524477995e+00 -1.087838446893552025e+00 nan
3.458833265763586962e+00 -8.754425145626336668e-01 1.724332364054052880e+00
3.940596440236666886e+00 -9.290589720451383204e-01 1.068877716382109266e+00
4.489461940391565875e+00 6.237381794136609869e+00 8.881860025394660241e+00
5.114776105571953835e+00 1.356600993195262461e+01 1.039722615258509819e+01
5.827187078870319503e+00 8.879910441143216815e+00 7.043914879534501239e+00
6.638826128706195817e+00 1.457282623194485360e+01 7.324539927863090050e+00
7.563514225758552811e+00 6.607379072363626094e+00 4.196831060450535666e+00
8.616997392941321721e+00 8.762765445391949015e+00 3.945966199127141305e+00
9.817214836071872952e+00 8.309884452451004933e+00 3.192087824281552244e+00
1.118460442108735009e+01 5.791853987541489168e+00 2.247269366262221180e+00
1.274245069961824761e+01 5.620193576547814374e+00 1.845809285266998723e+00
1.451728140926205768e+01 3.692143871754445694e+00 1.280817751193825238e+00
1.653931920034971981e+01 2.207816311831051426e+00 8.714382113844484357e-01
1.884299628142029093e+01 1.305319118053073435e+00 6.087012604207343580e-01
2.146754074702852577e+01 1.050099919386754621e+00 4.787848327860783626e-01
2.445764457215044274e+01 7.081688212263159699e-01 3.641723864999057980e-01
2.786422464810916466e+01 9.478722807812669515e-01 3.344300054745957818e-01
3.174528981929791982e+01 4.562718901968632057e-01 2.404064931296240326e-01
3.616692868500850011e+01 3.200210500578561934e-01 1.953966275605593106e-01
4.120443498711833286e+01 1.332694947236350291e-01 1.544444306085553387e-01
4.694358974726586098e+01 9.400355250810132901e-02 1.334109081121598872e-01
