1.069642439726958605e+00 -1.370572675076384694e+00 nan
1.218627458003121777e+00 -1.212882552453808049e+00 nan
1.388363836590320144e+00 -9.990139448650876552e-01 3.413487126516309700e-02
1.581741926207981042e+00 -7.897816774531378758e-01 4.058704177086285836e-01
1.802054659727066133e+00 -6.759287043925856775e-01 4.143357220795371165e-01
2.053053625776520175e+00 6.757748805661241143e-01 7.727687179073220447e-01
2.339012952555230562e+00 2.913768003847716503e+00 9.689559758364616471e-01
2.664802089693036891e+00 5.129611026748586156e+00 1.010546672537534496e+00
3.035968727524477995e+00 7.469441026533072403e+00 9.863877902285441701e-01
3.458833265763586962e+00 7.915838676940049723e+00 8.388820630716290472e-01
3.940596440236666886e+00 8.504149374960309871e+00 7.195204516491994218e-01
4.489461940391565875e+00 7.551101152714725373e+00 5.660239278028105225e-01
5.114776105571953835e+00 6.172126326541874874e+00 4.301024535386315795e-01
5.827187078870319503e+00 5.121156128915552941e+00 3.309793112459734066e-01
6.638826128706195817e+00 4.168227290371174121e+00 2.535863707513432153e-01
7.563514225758552811e+00 3.217609768416427762e+00 1.913240998590026443e-01
8.616997392941321721e+00 2.578379491625840902e+00 1.480453727534506159e-01
9.817214836071872952e+00 2.065249998615307003e+00 1.156714404829785187e-01
1.118460442108735009e+01 1.699589967236075028e+00 9.254104298246576543e-02
1.274245069961824761e+01 1.240998570981248328e+00 7.160782322554561097e-02
1.451728140926205768e+01 1.038471914495687987e+00 5.940539185505722131e-02
1.653931920034971981e+01 7.528190591816656951e-01 4.777164233984073499e-02
1.884299628142029093e+01 6.042092235065736894e-01 4.057698906879700362e-02
2.146754074702852577e+01 4.581780255980423266e-01 3.468354196067204714e-02
2.445764457215044274e+01 3.356087222962631511e-01 3.014266979090825943e-02
2.786422464810916466e+01 2.655752914459799108e-01 2.725189051841256718e-02
3.174528981929791982e+01 1.736493811995101222e-01 2.441827350096168608e-02
3.616692868500850011e+01 1.196526814696898811e-01 2.263620080197745535e-02
4.120443498711833286e+01 9.037241009532070990e-02 2.155383224684431082e-02
4.694358974726586098e+01 6.923592997790284365e-02 2.079070320870881131e-02
