1.069642439726958605e+00 -1.071693593448864057e+00 nan
1.218627458003121777e+00 -1.176283826434924684e+00 nan
1.388363836590320144e+00 -8.792969141093158747e-01 2.294684028357773520e-01
1.581741926207981042e+00 -7.187097359251368722e-01 2.852707860747334956e-01
1.802054659727066133e+00 8.790269513617192665e-01 6.067345077427008793e-01
2.053053625776520175e+00 2.651611794650259313e+00 6.945597260679930995e-01
2.339012952555230562e+00 5.544989240595368685e+00 7.651137501896078108e-01
2.664802089693036891e+00 6.707983455125243744e+00 6.932403221845625518e-01
3.035968727524477995e+00 8.274802010685604614e+00 6.336146439657319718e-01
3.458833265763586962e+00 7.968722593240386232e+00 5.177790677453156798e-01
3.940596440236666886e+00 7.014113486987682222e+00 4.061624515603678987e-01
4.489461940391565875e+00 6.204856230903583736e+00 3.205130938777628336e-01
5.114776105571953835e+00 4.991246226541388609e+00 2.431589003917698499e-01
5.827187078870319503e+00 4.142931160204240904e+00 1.885046091779468691e-01
6.638826128706195817e+00 3.230178213045742375e+00 1.428654788115368834e-01
7.563514225758552811e+00 2.571409007688222115e+00 1.104922636104863493e-01
8.616997392941321721e+00 2.122350846443475270e+00 8.768846487337887685e-02
9.817214836071872952e+00 1.635142656776191972e+00 6.840415507766584025e-02
1.118460442108735009e+01 1.344346192475569524e+00 5.564471312995488556e-02
1.274245069961824761e+01 1.019919527174694140e+00 4.459704490965655382e-02
1.451728140926205768e+01 7.683990596800340800e-01 3.646052717979008512e-02
1.653931920034971981e+01 6.049549920031978001e-01 3.091359914961912952e-02
1.884299628142029093e+01 4.623400277180813589e-01 2.656458666367467886e-02
2.146754074702852577e+01 3.530496169583039467e-01 2.337583910820550948e-02
2.445764457215044274e+01 2.515115140559460727e-01 2.076953233627913675e-02
2.786422464810916466e+01 1.762523698538780437e-01 1.888580490261440245e-02
3.174528981929791982e+01 1.351569225496980220e-01 1.774141975339581234e-02
3.616692868500850011e+01 8.767511030917485293e-02 1.667227897903821379e-02
4.120443498711833286e+01 6.624507954572678159e-02 1.610075540466755425e-02
4.694358974726586098e+01 3.869733667232444496e-02 1.552192804609065294e-02
