1.069642439726958605e+00 -7.536765866404784298e-01 1.506241096194679763e+01
1.218627458003121777e+00 -1.273413170620552037e-02 2.291573818935212614e+01
1.388363836590320144e+00 -7.019624862779139107e-01 1.068537226551602615e+01
1.581741926207981042e+00 -4.509842519685038909e-01 1.180952982635972859e+01
1.802054659727066133e+00 -6.346289960589055479e-01 7.920654595028741696e+00
2.053053625776520175e+00 -1.269272013150078315e+00 nan
2.339012952555230562e+00 -8.649482623572577467e-01 3.231627001513717623e+00
2.664802089693036891e+00 -7.595926403610686606e-01 3.580235536267825758e+00
3.035968727524477995e+00 -6.810041960669990235e-01 3.402159223193518045e+00
3.458833265763586962e+00 -9.654017811705430940e-01 9.221389184152376517e-01
3.940596440236666886e+00 4.106709336446774827e+00 9.210926176487204131e+00
4.489461940391565875e+00 6.330133751384478202e+00 9.069972933460404008e+00
5.114776105571953835e+00 6.646387640486842052e+00 7.621370926009086944e+00
5.827187078870319503e+00 9.147018163363643595e+00 7.243985335949957083e+00
6.638826128706195817e+00 9.390878287119322820e+00 6.041775320329071164e+00
7.563514225758552811e+00 8.312022750539309612e+00 4.721462039784645626e+00
8.616997392941321721e+00 5.836315003206629548e+00 3.330765659487626262e+00
9.817214836071872952e+00 5.050762951953450930e+00 2.586333021552465361e+00
1.118460442108735009e+01 4.764865363046702385e+00 2.091083379527304942e+00
1.274245069961824761e+01 3.239891511899640086e+00 1.476642596060725010e+00
1.451728140926205768e+01 3.098479062640726589e+00 1.207588178345417207e+00
1.653931920034971981e+01 1.964510331592643322e+00 8.468580281089640449e-01
1.884299628142029093e+01 1.465199105466052254e+00 6.402388547224621140e-01
2.146754074702852577e+01 9.000083150261408704e-01 4.653900145431061341e-01
2.445764457215044274e+01 6.031112224327375149e-01 3.561418171509551645e-01
2.786422464810916466e+01 7.714884141632247783e-01 3.200635877048262912e-01
3.174528981929791982e+01 4.148317218482528990e-01 2.392773287748639344e-01
3.616692868500850011e+01 2.740157963657832152e-01 1.934313541135183612e-01
4.120443498711833286e+01 1.449826551130373176e-01 1.574094537698111640e-01
4.694358974726586098e+01 7.991106770985734187e-02 1.337321719026725308e-01
