1.069642439726958605e+00 -1.079282754459115701e+00 nan
1.218627458003121777e+00 -9.669741057892338176e-01 1.419482032092037882e-01
1.388363836590320144e+00 -9.603106703457069404e-01 1.320626602045306408e-01
1.581741926207981042e+00 -2.523401537655804994e-01 4.668678805902662377e-01
1.802054659727066133e+00 4.183619186362712572e-01 5.289370119072256404e-01
2.053053625776520175e+00 3.303671646691079378e+00 7.571765893020725446e-01
2.339012952555230562e+00 5.232361975081050609e+00 7.490533160508694444e-01
2.664802089693036891e+00 6.898045450975406112e+00 7.044994296637382414e-01
3.035968727524477995e+00 8.067984566958786630e+00 6.284348571441885634e-01
3.458833265763586962e+00 8.636356102401876456e+00 5.398813277571284930e-01
3.940596440236666886e+00 7.347560871171782360e+00 4.166950582377914603e-01
4.489461940391565875e+00 6.037856651441243727e+00 3.174801229888948861e-01
5.114776105571953835e+00 5.154851892434757943e+00 2.477352037053194844e-01
5.827187078870319503e+00 4.138790298696405578e+00 1.890523378053960424e-01
6.638826128706195817e+00 3.247942016379920638e+00 1.436967402041835207e-01
7.563514225758552811e+00 2.681919598979502162e+00 1.129391125815373959e-01
8.616997392941321721e+00 2.105196032151456897e+00 8.765958676035588704e-02
9.817214836071872952e+00 1.712998593865454389e+00 6.994439967918911205e-02
1.118460442108735009e+01 1.317281248776248637e+00 5.536625468933029787e-02
1.274245069961824761e+01 1.023542035413694151e+00 4.478232896378993300e-02
1.451728140926205768e+01 8.253733307183175327e-01 3.744250328156063790e-02
1.653931920034971981e+01 6.181949013261194281e-01 3.119532272014821292e-02
1.884299628142029093e+01 4.735382873735223264e-01 2.679808318610062134e-02
2.146754074702852577e+01 3.672757428713531169e-01 2.364175525705632802e-02
2.445764457215044274e+01 2.783345662494052242e-01 2.121130411742258234e-02
2.786422464810916466e+01 2.084178266692904291e-01 1.939845409997936407e-02
3.174528981929791982e+01 1.470810417541918991e-01 1.795270982155611900e-02
3.616692868500850011e+01 9.627801605585495359e-02 1.683152579912643512e-02
4.120443498711833286e+01 6.788440129920769728e-02 1.615617734392120128e-02
4.694358974726586098e+01 4.408954300627088152e-02 1.563049009045669457e-02
