1.069642439726958605e+00 -1.033679214092597665e+00 nan
1.218627458003121777e+00 -1.031956196945966742e+00 nan
1.388363836590320144e+00 -8.931486117910003575e-01 3.532287558498514168e-01
1.581741926207981042e+00 -9.230367858074615128e-01 2.441137739469338153e-01
1.802054659727066133e+00 -4.684901636410070402e-01 5.275084320761491696e-01
2.053053625776520175e+00 6.517242336522042212e-01 7.626387907283953549e-01
2.339012952555230562e+00 2.315846295409475619e+00 8.862004267640550825e-01
2.664802089693036891e+00 5.205774988408252923e+00 1.010883326247919323e+00
3.035968727524477995e+00 7.152801656314283107e+00 9.616298237012801398e-01
3.458833265763586962e+00 9.602827202140232998e+00 9.128947850569669731e-01
3.940596440236666886e+00 8.678966154497457453e+00 7.223318975841330758e-01
4.489461940391565875e+00 7.224331390018514654e+00 5.510890394665229897e-01
5.114776105571953835e+00 6.072670668034928276e+00 4.244070774288495884e-01
5.827187078870319503e+00 5.093018185004123843e+00 3.282819399581979880e-01
6.638826128706195817e+00 4.082916890309476798e+00 2.497970920152413898e-01
7.563514225758552811e+00 3.217946955145732701e+00 1.902926860685162924e-01
8.616997392941321721e+00 2.644476051809780959e+00 1.488909224410306653e-01
9.817214836071872952e+00 2.041391212798382426e+00 1.145096120110167259e-01
1.118460442108735009e+01 1.601680735669762434e+00 8.989637924049015405e-02
1.274245069961824761e+01 1.280927482403345197e+00 7.210717639009243951e-02
1.451728140926205768e+01 9.907939469721354087e-01 5.814629636149707542e-02
1.653931920034971981e+01 7.492067151194301555e-01 4.748241130105960994e-02
1.884299628142029093e+01 6.034294515429166061e-01 4.038654212107723601e-02
2.146754074702852577e+01 4.077017102746693933e-01 3.357188661109703626e-02
2.445764457215044274e+01 3.215678176137526378e-01 2.975851865876076238e-02
2.786422464810916466e+01 2.340129182531933694e-01 2.655641201621602304e-02
3.174528981929791982e+01 1.697165197444840956e-01 2.425798568257277188e-02
3.616692868500850011e+01 1.114448465227044771e-01 2.240564990214908778e-02
4.120443498711833286e+01 7.600257081386008196e-02 2.121460498833971364e-02
4.694358974726586098e+01 5.058801490040232274e-02 2.037618759976548774e-02
