1.069642439726958605e+00 -7.629308166491355347e-01 1.485475691826420075e+01
1.218627458003121777e+00 -1.807837514528842782e-02 2.297426061110487794e+01
1.388363836590320144e+00 -1.688626000750371947e+00 nan
1.581741926207981042e+00 -6.207124010554092575e-01 9.867564433614900210e+00
1.802054659727066133e+00 -8.623556741378246571e-01 4.887173304704862886e+00
2.053053625776520175e+00 -5.453609138832054004e-01 7.279720460779585345e+00
2.339012952555230562e+00 -3.814239732556052864e-01 6.952844958819700771e+00
2.664802089693036891e+00 -9.389625213477434951e-01 1.813500876779552851e+00
3.035968727524477995e+00 -7.361728739152961776e-01 3.110327417574473507e+00
3.458833265763586962e+00 -8.503273710655709916e-01 1.928117083478786631e+00
3.940596440236666886e+00 -1.137010073420651413e+00 nan
4.489461940391565875e+00 6.433463295131337745e+00 9.182054054240541774e+00
5.114776105571953835e+00 2.448640697333485505e+01 1.408999077274294365e+01
5.827187078870319503e+00 9.358284488380895993e+00 7.358344469071075089e+00
6.638826128706195817e+00 1.519558303839719038e+01 7.621471397683599491e+00
7.563514225758552811e+00 7.716334541420287962e+00 4.588185458814213469e+00
8.616997392941321721e+00 1.073593513081995354e+01 4.428109639190743962e+00
9.817214836071872952e+00 7.621169568571353636e+00 3.125726404580797091e+00
1.118460442108735009e+01 4.561063901603331416e+00 2.062630644737779573e+00
1.274245069961824761e+01 5.692676335056788162e+00 1.892436364506058899e+00
1.451728140926205768e+01 2.743773445115602616e+00 1.156390825748618845e+00
1.653931920034971981e+01 1.767340924469941399e+00 8.202599271762008870e-01
1.884299628142029093e+01 1.380121972965409505e+00 6.312447831187667502e-01
2.146754074702852577e+01 1.320445641962166627e+00 5.228242469614597931e-01
2.445764457215044274e+01 6.701574662586466946e-01 3.662784517372732473e-01
2.786422464810916466e+01 4.992811020238894226e-01 2.914518152355867198e-01
3.174528981929791982e+01 4.738575080087272795e-01 2.464846758523155379e-01
3.616692868500850011e+01 3.284943142714404907e-01 1.995753495599669469e-01
4.120443498711833286e+01 1.124772442712762555e-01 1.551049701020396354e-01
4.694358974726586098e+01 6.334582711337599648e-02 1.328398232880158847e-01
