1.069642439726958605e+00 -9.325534617785902203e-01 2.658221107375767223e-01
1.218627458003121777e+00 -7.993202662313372286e-01 3.484563110574190881e-01
1.388363836590320144e+00 -8.478780357588628913e-01 2.574733106963540963e-01
1.581741926207981042e+00 -7.560213471605095048e-01 2.655333927430418850e-01
1.802054659727066133e+00 7.810043292675821203e-01 5.903519690511505047e-01
2.053053625776520175e+00 2.976812031603162989e+00 7.246334894162221874e-01
2.339012952555230562e+00 5.587352895670834485e+00 7.672199589972714673e-01
2.664802089693036891e+00 7.575192856439254996e+00 7.318956620705574512e-01
3.035968727524477995e+00 8.303613463611124956e+00 6.343134625831320372e-01
3.458833265763586962e+00 8.088768299346732249e+00 5.211871656294264632e-01
3.940596440236666886e+00 7.332872929334220302e+00 4.146314939075161354e-01
4.489461940391565875e+00 5.887799962611361515e+00 3.124823056114904296e-01
5.114776105571953835e+00 5.113812462551358351e+00 2.458355372512576187e-01
5.827187078870319503e+00 4.121671940540744039e+00 1.879610278010777347e-01
6.638826128706195817e+00 3.279720532315549164e+00 1.437871736362560937e-01
7.563514225758552811e+00 2.562008222549811087e+00 1.102623722678854890e-01
8.616997392941321721e+00 1.966781038009789206e+00 8.486081965915874548e-02
9.817214836071872952e+00 1.649933741472118243e+00 6.862588164734605145e-02
1.118460442108735009e+01 1.279831486757686543e+00 5.456440873798874130e-02
1.274245069961824761e+01 1.003711113642430153e+00 4.432151514175073498e-02
1.451728140926205768e+01 7.729807402660009430e-01 3.651682709102987284e-02
1.653931920034971981e+01 6.000911826356125633e-01 3.082821079739780923e-02
1.884299628142029093e+01 4.556022359921709786e-01 2.645441108217942011e-02
2.146754074702852577e+01 3.551931829809520380e-01 2.339954043867588374e-02
2.445764457215044274e+01 2.700062912630494250e-01 2.103459270155385447e-02
2.786422464810916466e+01 1.912598833906031803e-01 1.909968336518472198e-02
3.174528981929791982e+01 1.333148476493382084e-01 1.770917852699340975e-02
3.616692868500850011e+01 9.357600669301535667e-02 1.675355551113327096e-02
4.120443498711833286e+01 6.793888641275769302e-02 1.612089557463948150e-02
4.694358974726586098e+01 4.345491299673343022e-02 1.558698111674692958e-02
