1.069642439726958605e+00 -1.107830594549475300e+00 nan
1.218627458003121777e+00 -8.543233791903412921e-01 2.965744977353858558e-01
1.388363836590320144e+00 -9.500806707392748240e-01 1.473351229785168637e-01
1.581741926207981042e+00 -8.288702020429841166e-01 2.221472421065814329e-01
1.802054659727066133e+00 4.865512233605875370e-01 5.386986277749847840e-01
2.053053625776520175e+00 2.933421069844081241e+00 7.198944773119714258e-01
2.339012952555230562e+00 4.514675541759527455e+00 7.003566107230301263e-01
2.664802089693036891e+00 7.103666069636537017e+00 7.101860641148386444e-01
3.035968727524477995e+00 9.069975378078217076e+00 6.604898312523591608e-01
3.458833265763586962e+00 8.055610942431334465e+00 5.196488454420986614e-01
3.940596440236666886e+00 7.315514973595286463e+00 4.137486322609909561e-01
4.489461940391565875e+00 6.287061728478890110e+00 3.220536451196929217e-01
5.114776105571953835e+00 5.116590629801994972e+00 2.456589507621866897e-01
5.827187078870319503e+00 4.109106866226985844e+00 1.875135071368730089e-01
6.638826128706195817e+00 3.326303514164020925e+00 1.445789289790521681e-01
7.563514225758552811e+00 2.596704723331458631e+00 1.108148611551823537e-01
8.616997392941321721e+00 2.049442876315461515e+00 8.626747760193229086e-02
9.817214836071872952e+00 1.646264822834647257e+00 6.850307834451292710e-02
1.118460442108735009e+01 1.317240193516194369e+00 5.513062564065277643e-02
1.274245069961824761e+01 1.021089364545981315e+00 4.456066870226003951e-02
1.451728140926205768e+01 7.926854438227213251e-01 3.679250797430664438e-02
1.653931920034971981e+01 6.251072656381946313e-01 3.118379824808327136e-02
1.884299628142029093e+01 4.637112668178644537e-01 2.655669454484205563e-02
2.146754074702852577e+01 3.807098017727512662e-01 2.376084037908952548e-02
2.445764457215044274e+01 2.681833746786870254e-01 2.099436402309616534e-02
2.786422464810916466e+01 2.030451273120772449e-01 1.926046569100712744e-02
3.174528981929791982e+01 1.511271851208735306e-01 1.795887544023924351e-02
3.616692868500850011e+01 9.699424749914076216e-02 1.679384813968680390e-02
4.120443498711833286e+01 6.650208442319582858e-02 1.609096679791111734e-02
4.694358974726586098e+01 4.584006420138386773e-02 1.561321886358228370e-02
