1.069642439726958605e+00 -1.513602076677272645e+00 nan
1.218627458003121777e+00 -6.443736254227676596e-01 4.619410824754291989e-01
1.388363836590320144e+00 -6.283942654820062756e-01 4.007577805467899545e-01
1.581741926207981042e+00 -5.032442247777246802e-01 3.773431605619040341e-01
1.802054659727066133e+00 3.702030771638085138e-01 5.155331083977541251e-01
2.053053625776520175e+00 3.034700095889525606e+00 7.268817161903008417e-01
2.339012952555230562e+00 4.229196297651260039e+00 6.796289619096325119e-01
2.664802089693036891e+00 7.299797519566117998e+00 7.167443860352081808e-01
3.035968727524477995e+00 7.779502707185304899e+00 6.128774294548658963e-01
3.458833265763586962e+00 8.270152942334840773e+00 5.245725974065744701e-01
3.940596440236666886e+00 7.108500528105123450e+00 4.069023018235771727e-01
4.489461940391565875e+00 6.303377668338457696e+00 3.214961503639816587e-01
5.114776105571953835e+00 5.082513545503075214e+00 2.441655056110319799e-01
5.827187078870319503e+00 4.080859560574779721e+00 1.863722391245317689e-01
6.638826128706195817e+00 3.325751182079360380e+00 1.441572688623387055e-01
7.563514225758552811e+00 2.605652566766265110e+00 1.106741243995845309e-01
8.616997392941321721e+00 1.999086430251507895e+00 8.513179939604177682e-02
9.817214836071872952e+00 1.631878547285103398e+00 6.807730973924470963e-02
1.118460442108735009e+01 1.319050833554963997e+00 5.501956842820850818e-02
1.274245069961824761e+01 1.035753083249186357e+00 4.468303198235298174e-02
1.451728140926205768e+01 7.926056655512982996e-01 3.670487864733729122e-02
1.653931920034971981e+01 6.072635965552048987e-01 3.084460566919908220e-02
1.884299628142029093e+01 4.576155254668416994e-01 2.640938620168615386e-02
2.146754074702852577e+01 3.572628474972563417e-01 2.336710783012082432e-02
2.445764457215044274e+01 2.608747573394627484e-01 2.084678479663841510e-02
2.786422464810916466e+01 1.859809432833716691e-01 1.897568422494504484e-02
3.174528981929791982e+01 1.372123822063409104e-01 1.772417516632515677e-02
3.616692868500850011e+01 9.800696713574263974e-02 1.677973989975430416e-02
4.120443498711833286e+01 6.727580467320204427e-02 1.607525372367788266e-02
4.694358974726586098e+01 4.477453920954310718e-02 1.557202768417484569e-02
