1.069642439726958605e+00 -1.589731703527218265e+00 nan
1.218627458003121777e+00 -1.300844986166155959e+00 nan
1.388363836590320144e+00 -1.485743830584788316e+00 nan
1.581741926207981042e+00 -1.417441860465116665e+00 nan
1.802054659727066133e+00 -1.339654131926172553e+00 nan
2.053053625776520175e+00 -8.709806617740059043e-01 1.314405859747499683e+00
2.339012952555230562e+00 -8.564760136369173882e-01 1.135132219312294799e+00
2.664802089693036891e+00 -1.144889432568933163e+00 nan
3.035968727524477995e+00 6.227167581577537359e-01 2.615525692646246014e+00
3.458833265763586962e+00 2.906712010651689049e+00 3.343632681324209877e+00
3.940596440236666886e+00 6.684631482922613444e+00 3.862640610187117574e+00
4.489461940391565875e+00 8.878670775306581220e+00 3.609377276711243976e+00
5.114776105571953835e+00 1.156721843992693266e+01 3.369267002922547771e+00
5.827187078870319503e+00 1.028788050313318614e+01 2.639484580216969523e+00
6.638826128706195817e+00 8.989102759439902002e+00 2.052383755348991201e+00
7.563514225758552811e+00 8.391896142101423095e+00 1.653971852165671663e+00
8.616997392941321721e+00 5.725899546230749593e+00 1.153537344767403106e+00
9.817214836071872952e+00 4.557716721711667418e+00 8.689147541122687057e-01
1.118460442108735009e+01 4.231204056323311313e+00 7.052241420327973742e-01
1.274245069961824761e+01 2.763993091554230563e+00 4.934293364510784485e-01
1.451728140926205768e+01 2.126762715425502659e+00 3.752000366446964774e-01
1.653931920034971981e+01 1.619570216419486952e+00 2.874439550617002848e-01
1.884299628142029093e+01 1.157034658580422537e+00 2.184921626664977912e-01
2.146754074702852577e+01 8.733939532812327045e-01 1.724054944013513890e-01
2.445764457215044274e+01 7.484658292882899744e-01 1.434337106471291756e-01
2.786422464810916466e+01 5.105694239190610162e-01 1.143793732105972544e-01
3.174528981929791982e+01 3.643399670957667702e-01 9.483633381985655253e-02
3.616692868500850011e+01 2.686388756375719389e-01 8.123085884758407538e-02
4.120443498711833286e+01 1.886146504397991919e-01 7.087868379706999122e-02
4.694358974726586098e+01 1.004568614292009610e-01 6.201901212506875927e-02
