1.069642439726958605e+00 -9.601528833659955797e-01 2.051435295651259094e-01
1.218627458003121777e+00 -7.265439649138476508e-01 4.084088313027067763e-01
1.388363836590320144e+00 -1.009408670213435499e+00 nan
1.581741926207981042e+00 -8.820727925009688164e-01 1.853443531857655868e-01
1.802054659727066133e+00 3.534166388375563628e-01 5.165846218166904036e-01
2.053053625776520175e+00 2.307954862203813740e+00 6.631953235481657938e-01
2.339012952555230562e+00 4.921835413187893415e+00 7.297694161671036683e-01
2.664802089693036891e+00 6.887551640816276688e+00 7.039075609920735221e-01
3.035968727524477995e+00 8.170784488984182303e+00 6.320472271304081735e-01
3.458833265763586962e+00 8.058635655772999229e+00 5.222989433996623188e-01
3.940596440236666886e+00 7.542981767361395029e+00 4.219021479186947921e-01
4.489461940391565875e+00 5.887125993249869182e+00 3.136614730025975573e-01
5.114776105571953835e+00 5.225670062089653456e+00 2.493078429407791230e-01
5.827187078870319503e+00 4.229987567593965991e+00 1.909610261891877825e-01
6.638826128706195817e+00 3.351014654906809831e+00 1.457371801099119624e-01
7.563514225758552811e+00 2.641410332917160098e+00 1.121599532603744231e-01
8.616997392941321721e+00 2.098165586248998959e+00 8.752161491587634456e-02
9.817214836071872952e+00 1.669245716962023840e+00 6.918895002159501650e-02
1.118460442108735009e+01 1.383486973333570624e+00 5.644333835944045918e-02
1.274245069961824761e+01 1.015180614218300192e+00 4.464387221861382260e-02
1.451728140926205768e+01 8.266358548018335473e-01 3.745754447514304530e-02
1.653931920034971981e+01 6.569324676432075627e-01 3.177910311051073550e-02
1.884299628142029093e+01 5.024182130538730195e-01 2.722702613274296732e-02
2.146754074702852577e+01 3.639918844681093724e-01 2.359067055236966498e-02
2.445764457215044274e+01 2.746845207645005615e-01 2.115547528849659464e-02
2.786422464810916466e+01 2.082385062967011535e-01 1.939400422059074300e-02
3.174528981929791982e+01 1.480790340523820969e-01 1.796570049468943289e-02
3.616692868500850011e+01 9.673620024666740314e-02 1.683675239447473757e-02
4.120443498711833286e+01 7.205193613516591711e-02 1.621570890395190173e-02
4.694358974726586098e+01 4.039741874262836596e-02 1.557523309738661002e-02
