1.069642439726958605e+00 -1.214907683373120495e+00 nan
1.218627458003121777e+00 -1.022424372820200933e+00 nan
1.388363836590320144e+00 -7.156310947266864009e-01 2.307052284776239248e-01
1.581741926207981042e+00 5.301425485128894444e-01 4.361070275913802030e-01
1.802054659727066133e+00 2.083923239735562483e+00 5.098814972731625650e-01
2.053053625776520175e+00 4.703052175829198767e+00 5.708213284127550136e-01
2.339012952555230562e+00 6.807737209154216984e+00 5.508216380789733302e-01
2.664802089693036891e+00 7.663906518312046501e+00 4.858915966861154789e-01
3.035968727524477995e+00 8.006379393905852737e+00 4.134186170902219293e-01
3.458833265763586962e+00 7.447021419281526278e+00 3.336832373691014930e-01
3.940596440236666886e+00 6.146391486157874340e+00 2.549395380628702856e-01
4.489461940391565875e+00 5.240197889401346565e+00 1.987217455518625053e-01
5.114776105571953835e+00 4.198183755888736712e+00 1.514231108670073267e-01
5.827187078870319503e+00 3.359608196736498797e+00 1.162903375976715725e-01
6.638826128706195817e+00 2.689913998200801792e+00 9.005483654137130811e-02
7.563514225758552811e+00 2.127723583158623644e+00 7.021449418877505344e-02
8.616997392941321721e+00 1.682115237700921417e+00 5.542047393136686345e-02
9.817214836071872952e+00 1.386083471036720027e+00 4.513204460594458928e-02
1.118460442108735009e+01 1.061990078366617851e+00 3.632467269654133385e-02
1.274245069961824761e+01 8.594732035011913851e-01 3.040314813318834020e-02
1.451728140926205768e+01 6.514445673601689801e-01 2.541622467024990534e-02
1.653931920034971981e+01 5.037229481610197013e-01 2.188288835602019561e-02
1.884299628142029093e+01 3.829964650540691462e-01 1.918828411992699531e-02
2.146754074702852577e+01 3.037676481894100444e-01 1.736903491417863404e-02
2.445764457215044274e+01 2.205599291680122587e-01 1.576736913155754941e-02
2.786422464810916466e+01 1.684349011572650046e-01 1.472256805791067463e-02
3.174528981929791982e+01 1.151872838586602832e-01 1.379760312155186262e-02
3.616692868500850011e+01 8.401093409617543806e-02 1.322643264461366257e-02
4.120443498711833286e+01 5.657230024276116431e-02 1.276339827123880791e-02
4.694358974726586098e+01 3.705839490188300722e-02 1.243833174494759011e-02
