1.069642439726958605e+00 -2.643134021319641924e+00 nan
1.218627458003121777e+00 -9.869983554650105795e-01 9.103603597166591843e-01
1.388363836590320144e+00 -3.469340131316096532e-01 5.475682309332837505e+00
1.581741926207981042e+00 -6.746183206106872721e-01 3.147304095268280921e+00
1.802054659727066133e+00 -8.488361036849456642e-01 1.763674718358401394e+00
2.053053625776520175e+00 -9.009054706137209489e-01 1.170355144611960885e+00
2.339012952555230562e+00 -7.502287364328252828e-01 1.521432179331404955e+00
2.664802089693036891e+00 -8.511443000527014746e-01 9.752706763492658970e-01
3.035968727524477995e+00 5.677462673149875627e-01 2.611912074034552500e+00
3.458833265763586962e+00 3.883606388972878687e+00 3.799457451311790912e+00
3.940596440236666886e+00 4.942735537992787975e+00 3.447598599337325265e+00
4.489461940391565875e+00 1.052541158136261323e+01 3.965705023463344858e+00
5.114776105571953835e+00 7.790328873910659979e+00 2.849576389447684654e+00
5.827187078870319503e+00 1.203653077528268867e+01 2.889670557097490100e+00
6.638826128706195817e+00 1.057578102460056257e+01 2.252730756850474858e+00
7.563514225758552811e+00 5.924358853646086942e+00 1.429124252353879410e+00
8.616997392941321721e+00 5.957299650964453797e+00 1.192766944091753878e+00
9.817214836071872952e+00 5.427554281937146285e+00 9.551360949204507067e-01
1.118460442108735009e+01 2.757289340660101118e+00 5.966305654060433117e-01
1.274245069961824761e+01 2.759738035309009963e+00 5.005107849861968328e-01
1.451728140926205768e+01 2.157280287841746524e+00 3.828820428530916864e-01
1.653931920034971981e+01 1.535650779174731584e+00 2.861123908431717489e-01
1.884299628142029093e+01 1.142293937387611091e+00 2.207066077102465274e-01
2.146754074702852577e+01 1.071967775339352169e+00 1.862694199535987472e-01
2.445764457215044274e+01 7.468109686858162011e-01 1.452710913940006010e-01
2.786422464810916466e+01 5.621480487794949799e-01 1.185707977130776303e-01
3.174528981929791982e+01 4.159934294260658749e-01 9.862841690490257995e-02
3.616692868500850011e+01 2.797634408745552914e-01 8.273672376279661567e-02
4.120443498711833286e+01 2.095413040128817350e-01 7.267830389037741035e-02
4.694358974726586098e+01 1.720422659314551073e-01 6.608069487630040262e-02
