1.069642439726958605e+00 -1.977499017424341865e+00 nan
1.218627458003121777e+00 -3.755853981463967983e-01 1.856555177053566652e+01
1.388363836590320144e+00 -1.229193798872026733e+00 nan
1.581741926207981042e+00 -6.423796791443849852e-01 9.709698455960923624e+00
1.802054659727066133e+00 -1.664357850260719029e+00 nan
2.053053625776520175e+00 -1.237172598784319622e+00 nan
2.339012952555230562e+00 -1.099838312288266451e+00 nan
2.664802089693036891e+00 -1.447487685849818906e+00 nan
3.035968727524477995e+00 -8.532175407450224291e-01 2.350975719844114131e+00
3.458833265763586962e+00 -1.097529632005537437e+00 nan
3.940596440236666886e+00 -1.069093501356758402e+00 nan
4.489461940391565875e+00 1.070574247900973397e+01 1.168991958716097912e+01
5.114776105571953835e+00 9.517010522087154811e+00 9.115660875202337365e+00
5.827187078870319503e+00 1.669396015499305719e+01 9.787643666945569976e+00
6.638826128706195817e+00 1.208364515616268164e+01 6.921672934364026197e+00
7.563514225758552811e+00 7.847927006544107797e+00 4.684598265132789763e+00
8.616997392941321721e+00 9.451732325413349400e+00 4.223273140454743668e+00
9.817214836071872952e+00 8.255941541572155984e+00 3.286762985526010983e+00
1.118460442108735009e+01 5.234594843870354453e+00 2.218583969291668012e+00
1.274245069961824761e+01 5.065152621004880729e+00 1.817964712818940010e+00
1.451728140926205768e+01 2.639720132151822440e+00 1.153896029508693299e+00
1.653931920034971981e+01 1.420369562946493192e+00 7.735287277878475365e-01
1.884299628142029093e+01 1.443871395250883261e+00 6.485821783049841027e-01
2.146754074702852577e+01 1.525813279036558168e+00 5.553140407795873479e-01
2.445764457215044274e+01 1.453065277209538486e+00 4.629546111287998200e-01
2.786422464810916466e+01 1.033755787502147694e+00 3.536122448884737035e-01
3.174528981929791982e+01 3.747537476445359506e-01 2.390544746354376637e-01
3.616692868500850011e+01 4.255902890993972232e-01 2.112294062890986146e-01
4.120443498711833286e+01 4.147744149285037540e-01 1.844665576109849048e-01
4.694358974726586098e+01 2.136942553563105918e-01 1.474583460062013074e-01
