1.069642439726958605e+00 -1.068233477065097414e+00 nan
1.218627458003121777e+00 -9.983033468858246717e-01 3.231013288731304084e-02
1.388363836590320144e+00 -6.720331845931715176e-01 3.812679940436994874e-01
1.581741926207981042e+00 -7.950683184490217048e-01 2.454155560908432565e-01
1.802054659727066133e+00 5.393628540275738903e-01 5.534135758443169406e-01
2.053053625776520175e+00 2.570670093290691405e+00 6.922039661065422234e-01
2.339012952555230562e+00 5.929137410904266048e+00 7.938002719705999910e-01
2.664802089693036891e+00 7.379810760725077579e+00 7.293042938573496281e-01
3.035968727524477995e+00 8.196808071047113842e+00 6.357129488727643052e-01
3.458833265763586962e+00 8.287362341596734794e+00 5.315380806905124489e-01
3.940596440236666886e+00 7.892121829622862350e+00 4.330216424238092499e-01
4.489461940391565875e+00 6.316314132998867237e+00 3.256745214978196135e-01
5.114776105571953835e+00 5.103329497406714488e+00 2.475395237038501561e-01
5.827187078870319503e+00 3.958327295391351974e+00 1.859151938337563759e-01
6.638826128706195817e+00 3.223094650097929392e+00 1.437498454570765027e-01
7.563514225758552811e+00 2.720127208200013857e+00 1.140849490986563103e-01
8.616997392941321721e+00 2.079626842076317317e+00 8.752293678876209293e-02
9.817214836071872952e+00 1.657817122433381307e+00 6.924986002245586691e-02
1.118460442108735009e+01 1.301385785087176394e+00 5.529586039942249037e-02
1.274245069961824761e+01 1.031997120920584710e+00 4.506582310044437989e-02
1.451728140926205768e+01 7.967107592826887519e-01 3.711683079586958200e-02
1.653931920034971981e+01 6.180122733805148982e-01 3.128704533501689561e-02
1.884299628142029093e+01 4.872931029973921468e-01 2.708142001161036733e-02
2.146754074702852577e+01 3.727530787686883507e-01 2.378768337307249001e-02
2.445764457215044274e+01 2.892594811267938937e-01 2.142772224202096204e-02
2.786422464810916466e+01 2.122029067756492360e-01 1.950239317437443484e-02
3.174528981929791982e+01 1.614683721098768565e-01 1.820686148580082792e-02
3.616692868500850011e+01 1.129245356724222216e-01 1.711464158630159396e-02
4.120443498711833286e+01 7.825950280129934100e-02 1.634477923933829249e-02
4.694358974726586098e+01 5.324725714802669430e-02 1.579936452107016248e-02
