1.069642439726958605e+00 -1.752990438854644673e+00 nan
1.218627458003121777e+00 -7.033891231682161127e-01 4.224572861920434796e+00
1.388363836590320144e+00 -8.811706651261770329e-01 2.269284624310019982e+00
1.581741926207981042e+00 -9.524103831891221894e-01 1.169410165492211995e+00
1.802054659727066133e+00 -2.097351443550898864e-01 3.918040567927421058e+00
2.053053625776520175e+00 -9.207369195284054175e-01 1.016952350177432907e+00
2.339012952555230562e+00 -8.985823980962119872e-01 9.418971939277731575e-01
2.664802089693036891e+00 -1.026176219522252353e+00 nan
3.035968727524477995e+00 -1.153471615062256816e+00 nan
3.458833265763586962e+00 3.666008165869924618e+00 3.608144519341295542e+00
3.940596440236666886e+00 9.003701208387113297e+00 4.356174286662207074e+00
4.489461940391565875e+00 1.241004087380569132e+01 4.163600421934421369e+00
5.114776105571953835e+00 1.150580999169588203e+01 3.318097185119111892e+00
5.827187078870319503e+00 1.068282170136330222e+01 2.653167609276888328e+00
6.638826128706195817e+00 7.548317974883817172e+00 1.867781828364615926e+00
7.563514225758552811e+00 6.131265484630088913e+00 1.411246030396154039e+00
8.616997392941321721e+00 5.541958479006373395e+00 1.122387735718388901e+00
9.817214836071872952e+00 3.920606120406370909e+00 8.033937403853449455e-01
1.118460442108735009e+01 3.651565033908727109e+00 6.525765675214565409e-01
1.274245069961824761e+01 2.601511946622482974e+00 4.755259446684562130e-01
1.451728140926205768e+01 1.914340691179743148e+00 3.560717699011088921e-01
1.653931920034971981e+01 1.304437830596634207e+00 2.635308573662333287e-01
1.884299628142029093e+01 1.183533684387429119e+00 2.175743771640572533e-01
2.146754074702852577e+01 1.051604201975499420e+00 1.805465324411719141e-01
2.445764457215044274e+01 5.923547340397519179e-01 1.334379593465798430e-01
2.786422464810916466e+01 5.348042710588607473e-01 1.144297625247186895e-01
3.174528981929791982e+01 2.948296067944300436e-01 9.041342910058511317e-02
3.616692868500850011e+01 1.918446663302919575e-01 7.673062394669213915e-02
4.120443498711833286e+01 1.686501507587965243e-01 6.929199958807343018e-02
4.694358974726586098e+01 8.975583767243189293e-02 6.098714620768445893e-02
