1.069642439726958605e+00 -1.583265514329269763e+00 nan
1.218627458003121777e+00 -9.587190215323220244e-01 1.580344321787261475e-01
1.388363836590320144e+00 -8.782652659299421405e-01 2.303205042425341964e-01
1.581741926207981042e+00 -5.012820793158399013e-01 3.796677416448304143e-01
1.802054659727066133e+00 1.987562205314097330e-01 4.841711823541498538e-01
2.053053625776520175e+00 2.380436681686076472e+00 6.677610510586231563e-01
2.339012952555230562e+00 5.421180672632635478e+00 7.573182305176323625e-01
2.664802089693036891e+00 7.187428619949688624e+00 7.146720169090337027e-01
3.035968727524477995e+00 8.078333135915800156e+00 6.262289383606644000e-01
3.458833265763586962e+00 7.836276852976626017e+00 5.134264267534441872e-01
3.940596440236666886e+00 7.878458574513479640e+00 4.291836730202613359e-01
4.489461940391565875e+00 6.033969913917900385e+00 3.161210336780134189e-01
5.114776105571953835e+00 5.099207677669007843e+00 2.454991223645329734e-01
5.827187078870319503e+00 4.135586580465010265e+00 1.882534481824351402e-01
6.638826128706195817e+00 3.199112256527419706e+00 1.421716063633166605e-01
7.563514225758552811e+00 2.547822138728123686e+00 1.099922484516503013e-01
8.616997392941321721e+00 2.045716240201120861e+00 8.627757747327821636e-02
9.817214836071872952e+00 1.677247607407762020e+00 6.909017068386459626e-02
1.118460442108735009e+01 1.264739852438128143e+00 5.431590955336378090e-02
1.274245069961824761e+01 1.002961960087889182e+00 4.430901654245975735e-02
1.451728140926205768e+01 7.832858783271188230e-01 3.667558795997072352e-02
1.653931920034971981e+01 6.149720850170825592e-01 3.105317536558115446e-02
1.884299628142029093e+01 4.731361872148938108e-01 2.671587121015915958e-02
2.146754074702852577e+01 3.573371429822180811e-01 2.343097528329318030e-02
2.445764457215044274e+01 2.613549997843309658e-01 2.090721638953744674e-02
2.786422464810916466e+01 1.921032644522255861e-01 1.911183487756977842e-02
3.174528981929791982e+01 1.351172849218771344e-01 1.773533941992279719e-02
3.616692868500850011e+01 1.045848401185838217e-01 1.691406870538146243e-02
4.120443498711833286e+01 7.152115633229372271e-02 1.617299484965427359e-02
4.694358974726586098e+01 4.941675432522751876e-02 1.567377001165625242e-02
