1.069642439726958605e+00 -9.775965770142138744e-01 1.536500013722821079e+00
1.218627458003121777e+00 -1.626706090138364758e+00 nan
1.388363836590320144e+00 -9.741158604821829048e-01 1.065134047307326526e+00
1.581741926207981042e+00 -6.362546616941928690e-01 3.251440123431152074e+00
1.802054659727066133e+00 -7.327473765717646970e-01 2.291355158592613517e+00
2.053053625776520175e+00 -8.821225936140855151e-01 1.247219830176724997e+00
2.339012952555230562e+00 -1.008991107565542666e+00 nan
2.664802089693036891e+00 -9.461090275703596397e-01 5.733603428844319394e-01
3.035968727524477995e+00 2.803292545986120210e-01 2.306150460706477112e+00
3.458833265763586962e+00 2.659520780333976209e+00 3.212292425896192238e+00
3.940596440236666886e+00 5.944523921078411988e+00 3.643799652888159546e+00
4.489461940391565875e+00 1.178827643520495982e+01 4.086712379805505613e+00
5.114776105571953835e+00 1.084804515522731450e+01 3.245179115914532453e+00
5.827187078870319503e+00 1.158525027390897755e+01 2.773428078688528586e+00
6.638826128706195817e+00 9.663012202535236739e+00 2.109070628262285751e+00
7.563514225758552811e+00 7.355463418483596527e+00 1.543108714451961738e+00
8.616997392941321721e+00 5.814455884950319842e+00 1.153517683422051077e+00
9.817214836071872952e+00 4.105180731988815168e+00 8.240081925197575430e-01
1.118460442108735009e+01 3.446363457018176923e+00 6.399335956570589845e-01
1.274245069961824761e+01 2.898780119623663776e+00 4.998793492939083705e-01
1.451728140926205768e+01 2.145773588787811548e+00 3.739731850264167434e-01
1.653931920034971981e+01 1.831916243983917392e+00 2.990354103573371614e-01
1.884299628142029093e+01 1.282731934328447565e+00 2.246675868175472546e-01
2.146754074702852577e+01 9.170558996277387021e-01 1.738078163677564680e-01
2.445764457215044274e+01 6.656760308779223756e-01 1.380797503792935144e-01
2.786422464810916466e+01 5.859036679413212045e-01 1.175906873919258661e-01
3.174528981929791982e+01 3.911837090590162269e-01 9.563918477189857492e-02
3.616692868500850011e+01 2.640875106658067129e-01 8.057297014892167430e-02
4.120443498711833286e+01 1.880256243349791578e-01 7.049014247124482657e-02
4.694358974726586098e+01 1.113988281529902924e-01 6.223448742502275810e-02
