1.069642439726958605e+00 -4.149741200974637056e-01 8.025626463528638510e+00
1.218627458003121777e+00 -9.844735799180410751e-01 9.935681086896903658e-01
1.388363836590320144e+00 -1.185986617881001681e+00 nan
1.581741926207981042e+00 -1.285736975857687536e+00 nan
1.802054659727066133e+00 -6.203864489885067002e-01 2.791375978180635986e+00
2.053053625776520175e+00 -9.238032900056116770e-01 1.024962369575298959e+00
2.339012952555230562e+00 -8.668012552519963609e-01 1.109617361000718505e+00
2.664802089693036891e+00 -1.000907956772902896e+00 nan
3.035968727524477995e+00 1.444252078935313044e-01 2.228518365017600367e+00
3.458833265763586962e+00 3.927650674341311987e+00 3.811773090825397059e+00
3.940596440236666886e+00 6.182396584375085880e+00 3.787925714917459885e+00
4.489461940391565875e+00 7.811867326785260524e+00 3.455683548012535855e+00
5.114776105571953835e+00 1.257615007204022461e+01 3.556824920368129028e+00
5.827187078870319503e+00 9.711257083599186046e+00 2.605669356474562104e+00
6.638826128706195817e+00 9.969197375455754795e+00 2.186896169929619216e+00
7.563514225758552811e+00 8.128150740948683506e+00 1.652143432185659400e+00
8.616997392941321721e+00 5.641179468849124135e+00 1.161961847877009513e+00
9.817214836071872952e+00 4.175936524768140146e+00 8.477932201674619472e-01
1.118460442108735009e+01 4.114520714706339177e+00 7.060425121383098190e-01
1.274245069961824761e+01 2.466887973125607481e+00 4.777408329854814784e-01
1.451728140926205768e+01 2.274403324621506961e+00 3.905313632347750530e-01
1.653931920034971981e+01 1.535969074372950605e+00 2.858009643540025402e-01
1.884299628142029093e+01 1.112123616862773279e+00 2.185798133713887093e-01
2.146754074702852577e+01 9.267612182575957203e-01 1.777200126035443084e-01
2.445764457215044274e+01 6.278432481227071982e-01 1.385730407027304656e-01
2.786422464810916466e+01 5.271367907259310037e-01 1.166154812801127177e-01
3.174528981929791982e+01 3.974199100732085377e-01 9.759368156041749176e-02
3.616692868500850011e+01 2.212902461939780796e-01 7.977954540431859976e-02
4.120443498711833286e+01 1.594738841624379067e-01 7.020013115682449678e-02
4.694358974726586098e+01 1.488750264343363661e-01 6.492475152727607279e-02
