1.069642439726958605e+00 -1.105885839814463534e+00 nan
1.218627458003121777e+00 -7.140443062504526761e-01 2.742058946534239872e-01
1.388363836590320144e+00 -6.308782050701104982e-01 2.644096726373260653e-01
1.581741926207981042e+00 5.419063797413810057e-01 4.403718658325435631e-01
1.802054659727066133e+00 2.405122058221607073e+00 5.390816942165447267e-01
2.053053625776520175e+00 4.993424258885740485e+00 5.888189491479645099e-01
2.339012952555230562e+00 7.015633933847020387e+00 5.615716146886867710e-01
2.664802089693036891e+00 7.789361946473174925e+00 4.923860815571575733e-01
3.035968727524477995e+00 7.825888678896053108e+00 4.113260706223113017e-01
3.458833265763586962e+00 7.307817737182528361e+00 3.325499880441414313e-01
3.940596440236666886e+00 6.232587747273926837e+00 2.580765091284680235e-01
4.489461940391565875e+00 5.162428134701922744e+00 1.983989496095294458e-01
5.114776105571953835e+00 4.280793007226951552e+00 1.536497036627222090e-01
5.827187078870319503e+00 3.319680553035433856e+00 1.162707740189103944e-01
6.638826128706195817e+00 2.688043478098476768e+00 9.049720759835234996e-02
7.563514225758552811e+00 2.164302768000850197e+00 7.109821186806014603e-02
8.616997392941321721e+00 1.747771392420516712e+00 5.659622873670424464e-02
9.817214836071872952e+00 1.348789720412169491e+00 4.485479307113997977e-02
1.118460442108735009e+01 1.107348601000262445e+00 3.707160158383961124e-02
1.274245069961824761e+01 8.343032938867400716e-01 3.022200211638676609e-02
1.451728140926205768e+01 6.702685806299801818e-01 2.575309038916998375e-02
1.653931920034971981e+01 5.062373431633138132e-01 2.200019849437541766e-02
1.884299628142029093e+01 4.063654087283350425e-01 1.954092928723619171e-02
2.146754074702852577e+01 2.862735879893441027e-01 1.722284549639205645e-02
2.445764457215044274e+01 2.240166193188561916e-01 1.586278401888523842e-02
2.786422464810916466e+01 1.622387387746830889e-01 1.469794416907952914e-02
3.174528981929791982e+01 1.112912445573357445e-01 1.379590551240088454e-02
3.616692868500850011e+01 8.009733795119666766e-02 1.322170447537950565e-02
4.120443498711833286e+01 5.647840103615764384e-02 1.280173176776649643e-02
4.694358974726586098e+01 3.923741182022721929e-02 1.250205777910027433e-02
