1.069642439726958605e+00 -1.106974474983575263e+00 nan
1.218627458003121777e+00 -7.221845483575866087e-01 6.739308103057711774e-01
1.388363836590320144e+00 -7.796866524149577149e-01 5.093281688990205502e-01
1.581741926207981042e+00 -1.020441578855446174e+00 nan
1.802054659727066133e+00 -5.154447312421088778e-01 5.057575703308717641e-01
2.053053625776520175e+00 4.699633985657289958e-01 7.223823465030694280e-01
2.339012952555230562e+00 3.408553125243279247e+00 1.026902550000722947e+00
2.664802089693036891e+00 5.036444111468396656e+00 1.000941011279153248e+00
3.035968727524477995e+00 7.197157380081343092e+00 9.682713350415622644e-01
3.458833265763586962e+00 9.120699246655899373e+00 8.945712705472513848e-01
3.940596440236666886e+00 8.679413244638848113e+00 7.252625656604650972e-01
4.489461940391565875e+00 7.647138436277778339e+00 5.684625169121394483e-01
5.114776105571953835e+00 6.402345008516958202e+00 4.368824524913830776e-01
5.827187078870319503e+00 5.116797090846828766e+00 3.302859477567435253e-01
6.638826128706195817e+00 4.197291288010052135e+00 2.539767046188456945e-01
7.563514225758552811e+00 3.228255273908628098e+00 1.912901695481958042e-01
8.616997392941321721e+00 2.649147798073558491e+00 1.495617593950833712e-01
9.817214836071872952e+00 2.015504774370998842e+00 1.143184316068512896e-01
1.118460442108735009e+01 1.546360528502826792e+00 8.897567593123037466e-02
1.274245069961824761e+01 1.302452554010926633e+00 7.281465047149211778e-02
1.451728140926205768e+01 9.758675106648406761e-01 5.803115665801581585e-02
1.653931920034971981e+01 7.383597304900599845e-01 4.741606244290471478e-02
1.884299628142029093e+01 5.919967064725035755e-01 4.028503311395749409e-02
2.146754074702852577e+01 4.434522908379898709e-01 3.435706094433852581e-02
2.445764457215044274e+01 3.586803484416842824e-01 3.054563838340531787e-02
2.786422464810916466e+01 2.640511133299001667e-01 2.719249203550406710e-02
3.174528981929791982e+01 1.922898531856434001e-01 2.474233315502687852e-02
3.616692868500850011e+01 1.421583482570181189e-01 2.303469473698909961e-02
4.120443498711833286e+01 9.864488640685609155e-02 2.168718685259236195e-02
4.694358974726586098e+01 7.053545079445977528e-02 2.079484388413232326e-02
