1.069642439726958605e+00 -2.169783689782469160e+00 nan
1.218627458003121777e+00 -8.305246002730914956e-01 3.217176464959541793e+00
1.388363836590320144e+00 -1.554436033932502959e+00 nan
1.581741926207981042e+00 -7.484433374844332576e-01 2.708726596243940410e+00
1.802054659727066133e+00 -1.031290435415665563e+00 nan
2.053053625776520175e+00 -1.108750427425532425e+00 nan
2.339012952555230562e+00 -1.395118902470261713e+00 nan
2.664802089693036891e+00 1.217158646903031105e+00 3.685562503671038215e+00
3.035968727524477995e+00 1.795026635923498537e+00 3.414757863830831131e+00
3.458833265763586962e+00 9.041670591574937355e-01 2.319736603467952296e+00
3.940596440236666886e+00 4.407585349773616379e+00 3.218342851406878591e+00
4.489461940391565875e+00 1.221475080301769012e+01 4.163056605666740850e+00
5.114776105571953835e+00 1.032180480730855265e+01 3.175854067130744696e+00
5.827187078870319503e+00 9.909062009064857790e+00 2.579075763171819968e+00
6.638826128706195817e+00 9.793760539350042649e+00 2.126342926382651655e+00
7.563514225758552811e+00 9.043187329695992815e+00 1.705351013502589330e+00
8.616997392941321721e+00 5.882705284479087915e+00 1.161697338195914364e+00
9.817214836071872952e+00 4.308724619129948863e+00 8.430773515822409525e-01
1.118460442108735009e+01 3.938130198061830178e+00 6.793585067109604303e-01
1.274245069961824761e+01 2.654412044689147265e+00 4.827949811373269395e-01
1.451728140926205768e+01 2.423026794931681049e+00 3.933310818315856050e-01
1.653931920034971981e+01 1.580281521816210510e+00 2.834655349263644486e-01
1.884299628142029093e+01 1.269348234956540367e+00 2.242181639594135467e-01
2.146754074702852577e+01 1.062698818663662781e+00 1.823356907855109288e-01
2.445764457215044274e+01 7.660922718016172084e-01 1.437179567286756277e-01
2.786422464810916466e+01 5.851491486973252609e-01 1.177204854072274737e-01
3.174528981929791982e+01 3.873599082142087369e-01 9.558003556443753213e-02
3.616692868500850011e+01 2.213557256637803672e-01 7.859771507796306511e-02
4.120443498711833286e+01 1.950096546243427209e-01 7.091047865448721343e-02
4.694358974726586098e+01 1.546494480721511966e-01 6.434225431911021198e-02
