1.069642439726958605e+00 -1.336518322527704417e+00 nan
1.218627458003121777e+00 -8.841254139480194674e-01 1.742925104282385951e-01
1.388363836590320144e+00 -6.775835255169282423e-01 2.467576082763976719e-01
1.581741926207981042e+00 4.391157659761899534e-01 4.248062901779036116e-01
1.802054659727066133e+00 2.028362280941911067e+00 5.075002443149883025e-01
2.053053625776520175e+00 4.566646056123703445e+00 5.663665857430431050e-01
2.339012952555230562e+00 7.190468590787972403e+00 5.670373598964392192e-01
2.664802089693036891e+00 7.901448870486167841e+00 4.949621296540999693e-01
3.035968727524477995e+00 7.780807290317559577e+00 4.096373754027813896e-01
3.458833265763586962e+00 7.195944772317949045e+00 3.296559891602054426e-01
3.940596440236666886e+00 6.426522760838555115e+00 2.615447585635231054e-01
4.489461940391565875e+00 5.206135300117304077e+00 1.989304932356292244e-01
5.114776105571953835e+00 4.192202619451700585e+00 1.519434879895056323e-01
5.827187078870319503e+00 3.436987727299221973e+00 1.179952443094454545e-01
6.638826128706195817e+00 2.699182291201548178e+00 9.055076440020581874e-02
7.563514225758552811e+00 2.175924117405343861e+00 7.117696883866118929e-02
8.616997392941321721e+00 1.731405904823247521e+00 5.630438823677154370e-02
9.817214836071872952e+00 1.366065675803455282e+00 4.503082889922788157e-02
1.118460442108735009e+01 1.099736442337810427e+00 3.693328069918443146e-02
1.274245069961824761e+01 8.608580012666677828e-01 3.052103430968176878e-02
1.451728140926205768e+01 6.802373727154475969e-01 2.584906284519366756e-02
1.653931920034971981e+01 5.283768653715672503e-01 2.224658495575013162e-02
1.884299628142029093e+01 4.183801167486580486e-01 1.966698657454977323e-02
2.146754074702852577e+01 3.244018741550909191e-01 1.766208220212435454e-02
2.445764457215044274e+01 2.458151380528452723e-01 1.610837708369544652e-02
2.786422464810916466e+01 1.726230160578587913e-01 1.480917924892030842e-02
3.174528981929791982e+01 1.250000939362323482e-01 1.394742962543156321e-02
3.616692868500850011e+01 8.937785396470654398e-02 1.332142829340329099e-02
4.120443498711833286e+01 6.356909602989757602e-02 1.287601470912609972e-02
4.694358974726586098e+01 4.535157274684942230e-02 1.256512698653626699e-02
