1.069642439726958605e+00 -1.412582134661135580e+00 nan
1.218627458003121777e+00 -8.272089036324494771e-01 3.242439931337390280e-01
1.388363836590320144e+00 -7.848663628914296364e-01 3.070533709341200512e-01
1.581741926207981042e+00 -6.946875258854896540e-01 2.978804542148572598e-01
1.802054659727066133e+00 5.527732601221895248e-01 5.527064671612446078e-01
2.053053625776520175e+00 3.029505720477657871e+00 7.314894695863901619e-01
2.339012952555230562e+00 4.654037845474322310e+00 7.119835160764674820e-01
2.664802089693036891e+00 6.999362574179617269e+00 7.081567797498016237e-01
3.035968727524477995e+00 7.807670089101296007e+00 6.181150113115032596e-01
3.458833265763586962e+00 8.234546059484307179e+00 5.270489123188326630e-01
3.940596440236666886e+00 7.499951953612844946e+00 4.202524445423179711e-01
4.489461940391565875e+00 6.202499490648399671e+00 3.211443340555599768e-01
5.114776105571953835e+00 5.168234418220060356e+00 2.477189903193229292e-01
5.827187078870319503e+00 4.137287746740962113e+00 1.887791520708704540e-01
6.638826128706195817e+00 3.225570317081418281e+00 1.430674588489700694e-01
7.563514225758552811e+00 2.630229261005285757e+00 1.118271656997126273e-01
8.616997392941321721e+00 2.090451801155149170e+00 8.729070612352744785e-02
9.817214836071872952e+00 1.607952090224607833e+00 6.806969555940264871e-02
1.118460442108735009e+01 1.278175955250185236e+00 5.466188949053337603e-02
1.274245069961824761e+01 1.037010703283031354e+00 4.494752151976550564e-02
1.451728140926205768e+01 8.034521703599071252e-01 3.706504515624070573e-02
1.653931920034971981e+01 5.973674353607651977e-01 3.084861386993669602e-02
1.884299628142029093e+01 4.495630444992069208e-01 2.641442042931710366e-02
2.146754074702852577e+01 3.548928956544559199e-01 2.343733810791610861e-02
2.445764457215044274e+01 2.774837639541114509e-01 2.118078561205362365e-02
2.786422464810916466e+01 2.115060837087670009e-01 1.942798833949851284e-02
3.174528981929791982e+01 1.542384001521670545e-01 1.804340012102280399e-02
3.616692868500850011e+01 1.154661908914185187e-01 1.709920836461193208e-02
4.120443498711833286e+01 7.985521817766172425e-02 1.631908173661538591e-02
4.694358974726586098e+01 5.242097851396088082e-02 1.574080120007499348e-02
