1.069642439726958605e+00 -8.019168810949899306e-01 4.625459621079270001e+00
1.218627458003121777e+00 -3.874566852932912475e-01 6.181249540619256244e+00
1.388363836590320144e+00 -6.655049757843662928e-01 3.876506070360279388e+00
1.581741926207981042e+00 -1.043082524271844669e+00 nan
1.802054659727066133e+00 -1.202135035503304472e+00 nan
2.053053625776520175e+00 -9.305434645748180689e-01 9.692539356771666670e-01
2.339012952555230562e+00 -1.235624332841966488e+00 nan
2.664802089693036891e+00 -1.329532887856661461e+00 nan
3.035968727524477995e+00 1.683386188341593037e+00 3.381240037108748986e+00
3.458833265763586962e+00 2.914192689924094637e+00 3.363667093997352087e+00
3.940596440236666886e+00 5.452295462805166082e+00 3.554733717557125416e+00
4.489461940391565875e+00 1.081825027553846219e+01 3.973784230505074788e+00
5.114776105571953835e+00 1.073645925824055603e+01 3.268931885792647041e+00
5.827187078870319503e+00 1.150295761049443399e+01 2.797492818458397146e+00
6.638826128706195817e+00 8.854648446699499686e+00 2.047828646382107376e+00
7.563514225758552811e+00 5.799590729054356686e+00 1.400649592999536397e+00
8.616997392941321721e+00 6.065406484726841185e+00 1.190204064221762170e+00
9.817214836071872952e+00 4.371121938020262832e+00 8.570549129168851810e-01
1.118460442108735009e+01 4.040416211703522720e+00 6.940307344719274241e-01
1.274245069961824761e+01 2.723577818159506503e+00 4.927602776973947774e-01
1.451728140926205768e+01 2.063569151258810130e+00 3.725594256244738611e-01
1.653931920034971981e+01 1.740039168119070334e+00 2.965305241223829547e-01
1.884299628142029093e+01 1.274515706592138420e+00 2.266500437391175959e-01
2.146754074702852577e+01 9.814726450319211093e-01 1.793809493923526066e-01
2.445764457215044274e+01 6.219696339968550092e-01 1.371276929548254919e-01
2.786422464810916466e+01 4.884014306204740308e-01 1.136888965732198442e-01
3.174528981929791982e+01 2.959529760723718095e-01 9.175474794036292403e-02
3.616692868500850011e+01 2.644057008442777246e-01 8.132556754550253342e-02
4.120443498711833286e+01 2.005733254574262325e-01 7.170097152106266747e-02
4.694358974726586098e+01 8.751353690765339977e-02 6.161265232824684329e-02
