1.069642439726958605e+00 2.078359363210359190e-01 1.129801246029295392e+01
1.218627458003121777e+00 -3.724051366888290193e-01 6.188853563631572463e+00
1.388363836590320144e+00 -8.121807830062084399e-01 2.873271199126777642e+00
1.581741926207981042e+00 -1.512493330962119575e+00 nan
1.802054659727066133e+00 -5.506155192918733565e-01 2.975515590345521044e+00
2.053053625776520175e+00 -7.360003152579728258e-01 1.869183915022742060e+00
2.339012952555230562e+00 -8.954613763776859692e-01 9.630838487654589386e-01
2.664802089693036891e+00 -6.737421204928388807e-01 1.412824670469240873e+00
3.035968727524477995e+00 2.656743517566810819e-01 2.296166939680442720e+00
3.458833265763586962e+00 2.746492690809197779e+00 3.254964884253571888e+00
3.940596440236666886e+00 5.904426222701617988e+00 3.638333173742714255e+00
4.489461940391565875e+00 7.475193436365634270e+00 3.319880086827064147e+00
5.114776105571953835e+00 1.082206983630750230e+01 3.246065739985021015e+00
5.827187078870319503e+00 1.185872212762463107e+01 2.808636409419700275e+00
6.638826128706195817e+00 9.502417415940842105e+00 2.095166384886113065e+00
7.563514225758552811e+00 6.700591178041373830e+00 1.479813373372547591e+00
8.616997392941321721e+00 5.307283875341124890e+00 1.108206516376509132e+00
9.817214836071872952e+00 4.731832583811545589e+00 8.786817882464724727e-01
1.118460442108735009e+01 3.848747853446037759e+00 6.722685885160147867e-01
1.274245069961824761e+01 2.309938454019643927e+00 4.566673101033940640e-01
1.451728140926205768e+01 2.157972066118650556e+00 3.753000488721865424e-01
1.653931920034971981e+01 1.769254934108080768e+00 2.954630771973941750e-01
1.884299628142029093e+01 1.328916491970688618e+00 2.277208820885027463e-01
2.146754074702852577e+01 9.125749530265168108e-01 1.737669374029063296e-01
2.445764457215044274e+01 7.006764339072280023e-01 1.401446052001712184e-01
2.786422464810916466e+01 4.913331652967494190e-01 1.128355783441965798e-01
3.174528981929791982e+01 3.234799678626474329e-01 9.235623839213537301e-02
3.616692868500850011e+01 2.799324442095516563e-01 8.142766694326371291e-02
4.120443498711833286e+01 1.713117588076753517e-01 6.976317734254718073e-02
4.694358974726586098e+01 1.567556490228354527e-01 6.442624212004421924e-02
