1.069642439726958605e+00 -2.143780071065470860e-01 2.794147210388729619e+01
1.218627458003121777e+00 -1.103880611668834888e+00 nan
1.388363836590320144e+00 -7.678508922352376143e-01 9.795745612121660173e+00
1.581741926207981042e+00 -5.071564885496180342e-01 1.162236179141478409e+01
1.802054659727066133e+00 -1.037492848958919023e+00 nan
2.053053625776520175e+00 -1.052977908262818563e+00 nan
2.339012952555230562e+00 -5.803036163908033007e-01 5.917572337229966450e+00
2.664802089693036891e+00 -1.214343498164307533e+00 nan
3.035968727524477995e+00 -1.104865056009558533e+00 nan
3.458833265763586962e+00 -8.470612626439166792e-01 2.013884520551096902e+00
3.940596440236666886e+00 4.984984508379252333e+00 1.035900971748775845e+01
4.489461940391565875e+00 1.129063040039215871e+01 1.221476816436428514e+01
5.114776105571953835e+00 1.250358303381837111e+01 1.054365995569712133e+01
5.827187078870319503e+00 1.000136075991466456e+01 7.836985507490675573e+00
6.638826128706195817e+00 1.032047636422955961e+01 6.553425350504627822e+00
7.563514225758552811e+00 1.328420834251507543e+01 6.109485437350524961e+00
8.616997392941321721e+00 4.680948295404744997e+00 3.145488072051453532e+00
9.817214836071872952e+00 8.214118785551685065e+00 3.341700755178024895e+00
1.118460442108735009e+01 4.473368716012116941e+00 2.112071356161152824e+00
1.274245069961824761e+01 2.854023753270616748e+00 1.457612607349820344e+00
1.451728140926205768e+01 3.384797696129201228e+00 1.298834905049659705e+00
1.653931920034971981e+01 2.024902211229219429e+00 8.879598692563385187e-01
1.884299628142029093e+01 1.255230027400470405e+00 6.325266618154248288e-01
2.146754074702852577e+01 1.540703671923048468e+00 5.673755881090100095e-01
2.445764457215044274e+01 1.280921412869236331e+00 4.515540761251353730e-01
2.786422464810916466e+01 9.083532149042450321e-01 3.462941481496903950e-01
3.174528981929791982e+01 5.358228158146460807e-01 2.602334041601945813e-01
3.616692868500850011e+01 2.037161224224801614e-01 1.928720423520362270e-01
4.120443498711833286e+01 2.126105793670050037e-01 1.688122640261531249e-01
4.694358974726586098e+01 3.159857942953103738e-02 1.335084222666690912e-01
