1.069642439726958605e+00 -1.023905643360959683e+00 nan
1.218627458003121777e+00 -8.792297579538190799e-01 2.719913332756971336e-01
1.388363836590320144e+00 -8.171648610917983113e-01 2.840232503222300253e-01
1.581741926207981042e+00 -7.287850235014907696e-01 2.817012784658442515e-01
1.802054659727066133e+00 8.974797763363384639e-01 6.131637699116032625e-01
2.053053625776520175e+00 3.951134692764646239e+00 8.141745071507232590e-01
2.339012952555230562e+00 5.256651764928552240e+00 7.520198792159065171e-01
2.664802089693036891e+00 6.939954322767303729e+00 7.078071076740446443e-01
3.035968727524477995e+00 8.932001755790009767e+00 6.603672116066152675e-01
3.458833265763586962e+00 8.568658416496891306e+00 5.388902286776566797e-01
3.940596440236666886e+00 7.203857513417732505e+00 4.135772381151088806e-01
4.489461940391565875e+00 6.136135690956269428e+00 3.205276892356356266e-01
5.114776105571953835e+00 5.204634494898910724e+00 2.493312496700132164e-01
5.827187078870319503e+00 4.171334780323566527e+00 1.900933522428709666e-01
6.638826128706195817e+00 3.251227406840640821e+00 1.440227954745181838e-01
7.563514225758552811e+00 2.622459579933843710e+00 1.120162856623487108e-01
8.616997392941321721e+00 2.148008650158172550e+00 8.857719124756703588e-02
9.817214836071872952e+00 1.623469819089382593e+00 6.853042243087606455e-02
1.118460442108735009e+01 1.330454411851458740e+00 5.567248002438706517e-02
1.274245069961824761e+01 9.994318407276683303e-01 4.446847459631086269e-02
1.451728140926205768e+01 8.160245571161217626e-01 3.735356409031774516e-02
1.653931920034971981e+01 6.309219468772631068e-01 3.143298592880478665e-02
1.884299628142029093e+01 4.751970257604105630e-01 2.685914567460679497e-02
2.146754074702852577e+01 3.549880798662803372e-01 2.348982653690835989e-02
2.445764457215044274e+01 2.811341271550737986e-01 2.127849394768161276e-02
2.786422464810916466e+01 2.092327279622547831e-01 1.943310034840482758e-02
3.174528981929791982e+01 1.469134134872425168e-01 1.797046731023448432e-02
3.616692868500850011e+01 1.095007717728277985e-01 1.704349339455369511e-02
4.120443498711833286e+01 7.527891808300801735e-02 1.628157607932137485e-02
4.694358974726586098e+01 4.755669702740528137e-02 1.569753959463615622e-02
