1.069642439726958605e+00 -1.445647069948837071e+00 nan
1.218627458003121777e+00 -2.946463964069996333e-01 6.752007517583129115e+00
1.388363836590320144e+00 -1.867637395166272807e-01 6.152899790322558182e+00
1.581741926207981042e+00 -2.928028916544653804e-01 4.672275366844244715e+00
1.802054659727066133e+00 -1.089656577136064008e+00 nan
2.053053625776520175e+00 -1.245907289262735418e+00 nan
2.339012952555230562e+00 -8.992864048737860827e-01 9.728097810621644248e-01
2.664802089693036891e+00 -7.696376174934373982e-01 1.221699245453375715e+00
3.035968727524477995e+00 1.908008280808230595e+00 3.583210234843870801e+00
3.458833265763586962e+00 2.986067416051218615e+00 3.455297802533146889e+00
3.940596440236666886e+00 1.038852606353037622e+01 4.819862100933433702e+00
4.489461940391565875e+00 8.822602861373137983e+00 3.681291553773565539e+00
5.114776105571953835e+00 8.455153890874683498e+00 2.978032010342951619e+00
5.827187078870319503e+00 8.812140141379540381e+00 2.510217619563204217e+00
6.638826128706195817e+00 1.102938190517064143e+01 2.314546192537171088e+00
7.563514225758552811e+00 6.442689789688377466e+00 1.494526970537142230e+00
8.616997392941321721e+00 6.791082002592037981e+00 1.276272008566722960e+00
9.817214836071872952e+00 4.115472768381150281e+00 8.490869674838652514e-01
1.118460442108735009e+01 3.472368226169440852e+00 6.606031983779053762e-01
1.274245069961824761e+01 2.419739587876896802e+00 4.777945803069211239e-01
1.451728140926205768e+01 2.225826040140423956e+00 3.901309740230319290e-01
1.653931920034971981e+01 1.529990993438355318e+00 2.875556626549547468e-01
1.884299628142029093e+01 1.449680200862884405e+00 2.409394613029232912e-01
2.146754074702852577e+01 1.005105606099558013e+00 1.835413927666227907e-01
2.445764457215044274e+01 6.847264412700453384e-01 1.426992468597989283e-01
2.786422464810916466e+01 5.384706964814383046e-01 1.179936498357938568e-01
3.174528981929791982e+01 3.722845352904369243e-01 9.694057009769221911e-02
3.616692868500850011e+01 3.200603532281220964e-01 8.514981354360151578e-02
4.120443498711833286e+01 1.284874906939175165e-01 6.910302013489130757e-02
4.694358974726586098e+01 1.264116283365266380e-01 6.420423332446216491e-02
