1.069642439726958605e+00 -1.346446986865749817e+00 nan
1.218627458003121777e+00 -1.371344977401624199e+00 nan
1.388363836590320144e+00 -5.452786201136106126e-01 4.414240956157242657e+00
1.581741926207981042e+00 -4.021510096575942050e-01 4.121620426876853038e+00
1.802054659727066133e+00 -7.497275434548003048e-01 2.192446386236177158e+00
2.053053625776520175e+00 -8.854579016620083287e-01 1.215630486421601431e+00
2.339012952555230562e+00 -8.714976855788811871e-01 1.054281024564806879e+00
2.664802089693036891e+00 -9.695150013523450294e-01 4.263854214471688997e-01
3.035968727524477995e+00 1.633529536106605118e+00 3.271457609971779590e+00
3.458833265763586962e+00 4.583231679279453630e+00 3.926115152734964031e+00
3.940596440236666886e+00 1.188486871659163313e+01 4.924168220419108621e+00
4.489461940391565875e+00 9.900776462724982352e+00 3.725309397999304828e+00
5.114776105571953835e+00 1.082353895168323099e+01 3.205808965835280411e+00
5.827187078870319503e+00 1.267597117604028867e+01 2.864823894136211635e+00
6.638826128706195817e+00 8.488236393567818894e+00 1.961771947471760980e+00
7.563514225758552811e+00 8.551883798234175771e+00 1.639290418567443286e+00
8.616997392941321721e+00 5.646584907153743060e+00 1.125849709361817386e+00
9.817214836071872952e+00 4.489940424855343615e+00 8.479133149938294922e-01
1.118460442108735009e+01 3.332392453108183883e+00 6.241116059717399800e-01
1.274245069961824761e+01 2.422894615760863068e+00 4.597383862208919703e-01
1.451728140926205768e+01 2.344187124752208362e+00 3.834073757461739507e-01
1.653931920034971981e+01 1.467950339511210789e+00 2.728742546581308659e-01
1.884299628142029093e+01 1.375873534948170107e+00 2.279376229974315882e-01
2.146754074702852577e+01 7.247473485200024435e-01 1.610921104324352926e-01
2.445764457215044274e+01 6.216663115753893187e-01 1.343910727215990031e-01
2.786422464810916466e+01 5.504825238331518822e-01 1.147130375615504766e-01
3.174528981929791982e+01 3.072527245949325803e-01 9.063546922464110756e-02
3.616692868500850011e+01 2.071189974733742556e-01 7.714985476855994173e-02
4.120443498711833286e+01 1.537111084826525698e-01 6.831201195953873206e-02
4.694358974726586098e+01 1.026446098911124594e-01 6.136301507479006989e-02
