1.069642439726958605e+00 -1.286823824454080167e+00 nan
1.218627458003121777e+00 -8.670868071571202762e-01 2.834945623022964156e-01
1.388363836590320144e+00 -7.817679426455321767e-01 3.082987842363054121e-01
1.581741926207981042e+00 -6.283137734539268049e-01 3.276582812100490849e-01
1.802054659727066133e+00 4.431312347024516374e-01 5.311548269118215870e-01
2.053053625776520175e+00 2.328315798071553644e+00 6.623781654273165342e-01
2.339012952555230562e+00 4.925450263165416231e+00 7.268641126874514358e-01
2.664802089693036891e+00 6.792471242564827705e+00 6.965573542891390080e-01
3.035968727524477995e+00 8.515711342801409955e+00 6.416485959236223335e-01
3.458833265763586962e+00 8.693413435326544203e+00 5.392434428555331616e-01
3.940596440236666886e+00 7.564966373182065773e+00 4.207472129639283631e-01
4.489461940391565875e+00 6.297557733913109246e+00 3.225373341934632543e-01
5.114776105571953835e+00 4.914983708066623436e+00 2.412197511846151943e-01
5.827187078870319503e+00 3.958925649697668803e+00 1.844351163276110872e-01
6.638826128706195817e+00 3.364437811333566675e+00 1.454340469842637373e-01
7.563514225758552811e+00 2.689960565549405214e+00 1.126413634325778429e-01
8.616997392941321721e+00 1.981268878417150159e+00 8.509942151702266921e-02
9.817214836071872952e+00 1.624819266748828372e+00 6.817998872682529132e-02
1.118460442108735009e+01 1.298529931305550722e+00 5.485756346784814025e-02
1.274245069961824761e+01 1.011653247093420527e+00 4.443701045013319362e-02
1.451728140926205768e+01 8.003793023756837766e-01 3.693174383813258022e-02
1.653931920034971981e+01 6.309946296898263363e-01 3.128937868057400651e-02
1.884299628142029093e+01 4.747948907159778020e-01 2.673550251191705862e-02
2.146754074702852577e+01 3.625833939965823483e-01 2.350426146854187048e-02
2.445764457215044274e+01 2.845272140662984395e-01 2.124406934215328571e-02
2.786422464810916466e+01 2.037846594800114541e-01 1.927968211212200550e-02
3.174528981929791982e+01 1.513765542495226768e-01 1.797004765893717507e-02
3.616692868500850011e+01 1.037741991930654084e-01 1.689961895798922087e-02
4.120443498711833286e+01 7.251308221630803352e-02 1.618501653547036942e-02
4.694358974726586098e+01 4.924680090078226158e-02 1.566896696869041206e-02
