1.069642439726958605e+00 -8.916549129549553587e-01 2.228883103669083710e-01
1.218627458003121777e+00 -8.533394101831834888e-01 1.970707004743235957e-01
1.388363836590320144e+00 -3.813085995046003873e-01 3.435764325160264865e-01
1.581741926207981042e+00 1.962232895650983799e-01 3.891940075213530248e-01
1.802054659727066133e+00 3.011322133363580011e+00 5.874852557073331205e-01
2.053053625776520175e+00 5.701920558419542928e+00 6.253997099868258136e-01
2.339012952555230562e+00 6.617817810521539279e+00 5.490055751813455176e-01
2.664802089693036891e+00 7.651943758473152890e+00 4.900634897250930599e-01
3.035968727524477995e+00 7.980164107898631620e+00 4.165787140168374925e-01
3.458833265763586962e+00 7.372822867215468534e+00 3.351071563183384838e-01
3.940596440236666886e+00 6.221071461548258519e+00 2.587219484725455931e-01
4.489461940391565875e+00 5.224187543857675919e+00 2.001921425942029820e-01
5.114776105571953835e+00 4.145226180446789144e+00 1.518408085686237252e-01
5.827187078870319503e+00 3.422042628643602313e+00 1.182905554731756431e-01
6.638826128706195817e+00 2.656867348905993076e+00 9.031066588515856974e-02
7.563514225758552811e+00 2.211140161355709122e+00 7.199059902177556980e-02
8.616997392941321721e+00 1.746697668660595948e+00 5.675086837304925413e-02
9.817214836071872952e+00 1.345023736503396128e+00 4.493480884731702873e-02
1.118460442108735009e+01 1.094233241350748509e+00 3.700641330375697979e-02
1.274245069961824761e+01 8.473104157654796076e-01 3.046511555025430834e-02
1.451728140926205768e+01 6.814145581846544619e-01 2.595500328804365917e-02
1.653931920034971981e+01 5.235990116244997328e-01 2.226356525513750392e-02
1.884299628142029093e+01 4.034219077643155238e-01 1.955019665625360240e-02
2.146754074702852577e+01 2.881934918743072060e-01 1.728338814189957565e-02
2.445764457215044274e+01 2.277047683722284166e-01 1.593982795391546067e-02
2.786422464810916466e+01 1.733764820360721437e-01 1.485988733497033316e-02
3.174528981929791982e+01 1.236093984076283014e-01 1.396908653779834093e-02
3.616692868500850011e+01 9.266755158969286477e-02 1.339605586748606955e-02
4.120443498711833286e+01 6.242277196999213018e-02 1.289621466985175699e-02
4.694358974726586098e+01 4.303779248829031623e-02 1.257023290223526282e-02
