1.069642439726958605e+00 -1.242255888467955316e+00 nan
1.218627458003121777e+00 -6.718298928321670971e-01 2.928877247969139397e-01
1.388363836590320144e+00 -5.250201041593647311e-01 2.990656860642801340e-01
1.581741926207981042e+00 1.745881516021194901e-01 3.831462748515960248e-01
1.802054659727066133e+00 2.713122607164716538e+00 5.614237685287436497e-01
2.053053625776520175e+00 4.402059877601097071e+00 5.569810752431099132e-01
2.339012952555230562e+00 7.195269638525948253e+00 5.663626778561149377e-01
2.664802089693036891e+00 7.659301106585232333e+00 4.871610005669191334e-01
3.035968727524477995e+00 8.132954248774426631e+00 4.176969555966400516e-01
3.458833265763586962e+00 7.389028724313226881e+00 3.333731404956459810e-01
3.940596440236666886e+00 6.303205838663434868e+00 2.587509418069205425e-01
4.489461940391565875e+00 4.996030358318515496e+00 1.948073589801769534e-01
5.114776105571953835e+00 4.192584173882652365e+00 1.517388473983659614e-01
5.827187078870319503e+00 3.408212743780355769e+00 1.173762048133567271e-01
6.638826128706195817e+00 2.688065859120863266e+00 9.026205310703692974e-02
7.563514225758552811e+00 2.052361465910857330e+00 6.930876532919415245e-02
8.616997392941321721e+00 1.713805667683683254e+00 5.599220965879138368e-02
9.817214836071872952e+00 1.378481177796381019e+00 4.513940325986674773e-02
1.118460442108735009e+01 1.099291428268283966e+00 3.688435024390377542e-02
1.274245069961824761e+01 8.702748166219058668e-01 3.060411371063118113e-02
1.451728140926205768e+01 6.750868697087193393e-01 2.575852084357006799e-02
1.653931920034971981e+01 5.200563249231484608e-01 2.212356935445526640e-02
1.884299628142029093e+01 4.126569488455664736e-01 1.957955609444226447e-02
2.146754074702852577e+01 2.980084162071696685e-01 1.733165782997021093e-02
2.445764457215044274e+01 2.274073648062671094e-01 1.587577692278159536e-02
2.786422464810916466e+01 1.652022788311220403e-01 1.470870585505256595e-02
3.174528981929791982e+01 1.183140915756768496e-01 1.385682160353959858e-02
3.616692868500850011e+01 8.395251825219163244e-02 1.324654297504074089e-02
4.120443498711833286e+01 5.663858607388205790e-02 1.278389781171431795e-02
4.694358974726586098e+01 3.992933418708122240e-02 1.249122585289421869e-02
