1.069642439726958605e+00 -1.927404396731608571e+00 nan
1.218627458003121777e+00 -2.042994512461075551e+00 nan
1.388363836590320144e+00 -7.046469696947559314e-01 1.065392273256653688e+01
1.581741926207981042e+00 -1.906545741324921384e+00 nan
1.802054659727066133e+00 -1.292090185325500240e+00 nan
2.053053625776520175e+00 -1.052897954299806482e+00 nan
2.339012952555230562e+00 -1.949299717574777269e+00 nan
2.664802089693036891e+00 -1.304635107097517288e+00 nan
3.035968727524477995e+00 -1.167994910834431632e+00 nan
3.458833265763586962e+00 -9.060096638536121461e-01 1.522295721855374540e+00
3.940596440236666886e+00 4.510337714608952275e+00 9.583827807066930049e+00
4.489461940391565875e+00 6.435573317574490915e+00 9.149625992643597883e+00
5.114776105571953835e+00 9.004130476231290814e+00 8.739781301281380976e+00
5.827187078870319503e+00 1.093586640780245922e+01 7.877485921992127160e+00
6.638826128706195817e+00 1.749230434797145861e+01 8.130910692426462916e+00
7.563514225758552811e+00 1.073290854713553877e+01 5.324886573214786090e+00
8.616997392941321721e+00 1.484292975883886356e+01 5.166269614872756932e+00
9.817214836071872952e+00 7.541394770696538963e+00 3.099360149723492608e+00
1.118460442108735009e+01 5.009028311155951485e+00 2.140357752755702503e+00
1.274245069961824761e+01 2.570066385413892984e+00 1.351502321824775255e+00
1.451728140926205768e+01 3.177661933656833249e+00 1.221905754633350716e+00
1.653931920034971981e+01 2.573609974141139567e+00 9.385511808595451422e-01
1.884299628142029093e+01 1.676727317481773172e+00 6.708130342235032462e-01
2.146754074702852577e+01 1.287146847985060294e+00 5.168030933870257915e-01
2.445764457215044274e+01 6.416675775219906619e-01 3.614842466475730598e-01
2.786422464810916466e+01 4.824440477458458165e-01 2.885604627155235469e-01
3.174528981929791982e+01 4.626116521426657524e-01 2.445288260824094173e-01
3.616692868500850011e+01 2.296172876679889452e-01 1.893826361648014711e-01
4.120443498711833286e+01 1.117068370887417394e-01 1.545559517543226014e-01
4.694358974726586098e+01 -1.370848976956162701e-02 1.256673518513460597e-01
