1.069642439726958605e+00 -1.429639198218263019e+00 nan
1.218627458003121777e+00 -2.273893247588424593e+00 nan
1.388363836590320144e+00 -1.273777674849467356e+00 nan
1.581741926207981042e+00 -1.121954545454545649e+00 nan
1.802054659727066133e+00 -7.362731990865685194e-01 2.330408649259447795e+00
2.053053625776520175e+00 -5.973412355320038003e-01 2.360096244703959290e+00
2.339012952555230562e+00 -6.658717277486914110e-01 1.760354725017818867e+00
2.664802089693036891e+00 1.068578726695935011e+00 3.638132865674558403e+00
3.035968727524477995e+00 -1.009919985962449474e+00 nan
3.458833265763586962e+00 -9.557874780851634000e-01 3.609982224827674169e-01
3.940596440236666886e+00 8.238738939100590741e+00 4.307904127315638654e+00
4.489461940391565875e+00 1.147336070216820048e+01 4.130180497993594990e+00
5.114776105571953835e+00 7.207421056402638193e+00 2.752570288976850854e+00
5.827187078870319503e+00 1.159651825911786460e+01 2.839366837999479642e+00
6.638826128706195817e+00 8.528341773904275058e+00 2.034106688552493658e+00
7.563514225758552811e+00 7.639819336002968697e+00 1.607024862406410293e+00
8.616997392941321721e+00 6.040058617759257231e+00 1.200789699499926533e+00
9.817214836071872952e+00 4.641673252471839817e+00 8.897316463900521999e-01
1.118460442108735009e+01 3.109956951677769865e+00 6.267483005704680421e-01
1.274245069961824761e+01 2.454501823197017263e+00 4.775245805273963251e-01
1.451728140926205768e+01 1.760588800840346746e+00 3.547908102653368201e-01
1.653931920034971981e+01 1.633560195241315682e+00 2.926436684312293535e-01
1.884299628142029093e+01 1.252166210948965075e+00 2.275587745973015608e-01
2.146754074702852577e+01 8.622243806196889793e-01 1.742166796018658481e-01
2.445764457215044274e+01 6.303910180018199583e-01 1.389069027591599836e-01
2.786422464810916466e+01 5.156286731091064279e-01 1.161661795081612991e-01
3.174528981929791982e+01 4.388616082491847425e-01 9.980996397862054725e-02
3.616692868500850011e+01 2.340237111970220329e-01 8.050531107729533287e-02
4.120443498711833286e+01 2.200379132384608916e-01 7.320260257503601042e-02
4.694358974726586098e+01 1.145125607442361027e-01 6.335938772934972263e-02
