1.069642439726958605e+00 -9.958584070362401786e-01 4.357363953013494717e-02
1.218627458003121777e+00 -8.553389204937995594e-01 1.957065470613618963e-01
1.388363836590320144e+00 -3.990691632970779779e-01 3.385790825004926785e-01
1.581741926207981042e+00 2.830332727073259225e-01 4.030550031760250507e-01
1.802054659727066133e+00 2.980265800854659197e+00 5.851439541727301297e-01
2.053053625776520175e+00 4.611155447988265266e+00 5.714490360160940918e-01
2.339012952555230562e+00 6.895537074242373166e+00 5.591538970062942537e-01
2.664802089693036891e+00 7.648206452768624430e+00 4.899137006678195294e-01
3.035968727524477995e+00 7.666196550841373636e+00 4.087315604922453494e-01
3.458833265763586962e+00 6.947883894983680975e+00 3.257391970242903834e-01
3.940596440236666886e+00 6.092663161315723386e+00 2.561416101715855986e-01
4.489461940391565875e+00 5.288278256630961849e+00 2.013455525055496131e-01
5.114776105571953835e+00 4.147631711724006465e+00 1.518705813649851022e-01
5.827187078870319503e+00 3.351860106199421097e+00 1.171563349857350916e-01
6.638826128706195817e+00 2.753935076381067049e+00 9.177427023897889724e-02
7.563514225758552811e+00 2.134829262326994215e+00 7.088823864259725938e-02
8.616997392941321721e+00 1.714559825116879210e+00 5.630522269522104939e-02
9.817214836071872952e+00 1.371637107972661251e+00 4.528414361843061120e-02
1.118460442108735009e+01 1.057366175102629313e+00 3.653126216266491116e-02
1.274245069961824761e+01 8.335816798557051932e-01 3.029150204410104019e-02
1.451728140926205768e+01 6.464115895014639346e-01 2.552373208584638592e-02
1.653931920034971981e+01 5.072509493569847816e-01 2.206422857275708999e-02
1.884299628142029093e+01 3.984214127753973322e-01 1.948911301222578177e-02
2.146754074702852577e+01 2.966387462691604249e-01 1.738341489783068461e-02
2.445764457215044274e+01 2.150939740099782060e-01 1.578892668203752195e-02
2.786422464810916466e+01 1.541631738652444739e-01 1.463090246579818246e-02
3.174528981929791982e+01 1.122213947776340426e-01 1.383328954231217989e-02
3.616692868500850011e+01 7.945450381000473961e-02 1.323872497610906716e-02
4.120443498711833286e+01 5.416773973967980993e-02 1.279776055623569296e-02
4.694358974726586098e+01 3.693578688641840913e-02 1.249734428763265258e-02
