1.069642439726958605e+00 -1.419130542691289687e+00 nan
1.218627458003121777e+00 -8.501187475363192192e-01 4.992137014821278473e-01
1.388363836590320144e+00 -1.107574704487817030e+00 nan
1.581741926207981042e+00 -1.046658495772663677e+00 nan
1.802054659727066133e+00 -8.343988560457900050e-01 2.981522452065624718e-01
2.053053625776520175e+00 2.341813615401220350e-01 6.674710991164027885e-01
2.339012952555230562e+00 2.588379009559967692e+00 9.337749466594816861e-01
2.664802089693036891e+00 4.639222948247827993e+00 9.752273255712197164e-01
3.035968727524477995e+00 7.558875443072881950e+00 9.982685613497719324e-01
3.458833265763586962e+00 8.907361295984546956e+00 8.920420864367222258e-01
3.940596440236666886e+00 8.807222543883938215e+00 7.363568138332027280e-01
4.489461940391565875e+00 7.561453710747883861e+00 5.700333479995582930e-01
5.114776105571953835e+00 6.529707310044473800e+00 4.445681063738561867e-01
5.827187078870319503e+00 5.107783748170215077e+00 3.326548267109881718e-01
6.638826128706195817e+00 4.102159463305110165e+00 2.532898667151244343e-01
7.563514225758552811e+00 3.490970286326782634e+00 1.997217207793524074e-01
8.616997392941321721e+00 2.554660944663242894e+00 1.483404771362425989e-01
9.817214836071872952e+00 2.100661163431729594e+00 1.171857931857303997e-01
1.118460442108735009e+01 1.640905390675162945e+00 9.175401531106719411e-02
1.274245069961824761e+01 1.245047050107808140e+00 7.209216008567242984e-02
1.451728140926205768e+01 1.056147430303491674e+00 6.008603206124248780e-02
1.653931920034971981e+01 8.010727741662844181e-01 4.898595099221884214e-02
1.884299628142029093e+01 5.855992603554545095e-01 4.040862755676492141e-02
2.146754074702852577e+01 4.425088639169600935e-01 3.454103450300292921e-02
2.445764457215044274e+01 3.322844933266100309e-01 3.021152879258828805e-02
2.786422464810916466e+01 2.418362143056100866e-01 2.691527390241631873e-02
3.174528981929791982e+01 1.752454617025651640e-01 2.454568852390442285e-02
3.616692868500850011e+01 1.289477195554611377e-01 2.289774951476900716e-02
4.120443498711833286e+01 9.476592408452932936e-02 2.171599213667258985e-02
4.694358974726586098e+01 5.993270149439999805e-02 2.069061712156402069e-02
