1.069642439726958605e+00 -1.181520142060733747e+00 nan
1.218627458003121777e+00 -6.358731354670719149e-01 7.750075587166199709e-01
1.388363836590320144e+00 -1.166846273573905801e+00 nan
1.581741926207981042e+00 -1.262960147364112107e+00 nan
1.802054659727066133e+00 -3.006701542268745975e-01 6.103524741180355040e-01
2.053053625776520175e+00 3.094446696670218877e-01 6.847947604006098254e-01
2.339012952555230562e+00 3.703957450769477244e+00 1.065708506312264658e+00
2.664802089693036891e+00 5.190535729171937618e+00 1.018306127571654507e+00
3.035968727524477995e+00 8.142955797541088003e+00 1.028600377727303616e+00
3.458833265763586962e+00 9.076186057522830808e+00 8.964179519653018291e-01
3.940596440236666886e+00 8.788281661654407273e+00 7.327462403630763399e-01
4.489461940391565875e+00 7.489183606295577000e+00 5.652485086263454583e-01
5.114776105571953835e+00 6.408905832198359853e+00 4.389527052735962553e-01
5.827187078870319503e+00 5.432256453218578862e+00 3.411651690223369005e-01
6.638826128706195817e+00 4.293984137862395301e+00 2.577398604018548145e-01
7.563514225758552811e+00 3.412798981829980871e+00 1.969464127484641669e-01
8.616997392941321721e+00 2.643819151496881847e+00 1.500288800032426040e-01
9.817214836071872952e+00 2.032893292702537380e+00 1.151784573539416934e-01
1.118460442108735009e+01 1.719171231935797906e+00 9.318666813417320061e-02
1.274245069961824761e+01 1.303747057233672013e+00 7.311118597908455863e-02
1.451728140926205768e+01 1.022389960859998670e+00 5.919928654963396708e-02
1.653931920034971981e+01 7.797739915644892328e-01 4.840962802838322254e-02
1.884299628142029093e+01 5.993935228293674200e-01 4.056105041859671412e-02
2.146754074702852577e+01 4.609274310984528000e-01 3.480027165868598144e-02
2.445764457215044274e+01 3.343305821992117455e-01 3.017094187428537647e-02
2.786422464810916466e+01 2.446253299278937643e-01 2.690063545574281414e-02
3.174528981929791982e+01 1.810472853697824291e-01 2.459632554284193681e-02
3.616692868500850011e+01 1.302523062106377694e-01 2.286977584811275208e-02
4.120443498711833286e+01 8.833314673603132050e-02 2.154722987626849287e-02
4.694358974726586098e+01 6.245319750253952584e-02 2.069325974156612652e-02
