1.069642439726958605e+00 -7.967365286440597494e-01 7.644730227265753575e-01
1.218627458003121777e+00 -9.808744494106798051e-01 1.782000889305672131e-01
1.388363836590320144e+00 -1.078915479527744026e+00 nan
1.581741926207981042e+00 -8.830416862238910092e-01 3.045438860431206041e-01
1.802054659727066133e+00 -6.280344176059506900e-01 4.465615821385265916e-01
2.053053625776520175e+00 -1.985496362865928344e-01 5.373828565005407398e-01
2.339012952555230562e+00 2.261997012119305595e+00 8.894610024893693234e-01
2.664802089693036891e+00 5.029870816869712158e+00 1.008145909080065961e+00
3.035968727524477995e+00 8.175863454272974451e+00 1.033869801181289461e+00
3.458833265763586962e+00 7.843685620953031901e+00 8.402482941003790451e-01
3.940596440236666886e+00 9.227343808404073755e+00 7.524563053074494468e-01
4.489461940391565875e+00 7.541147780218741659e+00 5.689183525515207895e-01
5.114776105571953835e+00 6.316666109622024905e+00 4.373139116970592988e-01
5.827187078870319503e+00 5.104088329035256777e+00 3.323219919735186378e-01
6.638826128706195817e+00 4.152300855063404406e+00 2.545437301449733902e-01
7.563514225758552811e+00 3.168925581648950107e+00 1.910713376917039519e-01
8.616997392941321721e+00 2.555237946851267594e+00 1.482610651059132478e-01
9.817214836071872952e+00 1.973953092901601591e+00 1.141158391773903907e-01
1.118460442108735009e+01 1.617072327887802086e+00 9.116378336355447642e-02
1.274245069961824761e+01 1.286261732451850159e+00 7.293616624960154449e-02
1.451728140926205768e+01 9.440769718506911712e-01 5.773246520571666263e-02
1.653931920034971981e+01 7.875337554924313199e-01 4.868789233822785195e-02
1.884299628142029093e+01 5.450103642613948196e-01 3.958977400135406388e-02
2.146754074702852577e+01 4.375816745629423909e-01 3.442897930364174908e-02
2.445764457215044274e+01 3.400342452647413527e-01 3.034553981951156054e-02
2.786422464810916466e+01 2.306238982136554760e-01 2.669086154589837140e-02
3.174528981929791982e+01 1.836853068657220422e-01 2.469463422150897092e-02
3.616692868500850011e+01 1.194213144848015329e-01 2.270924977861890973e-02
4.120443498711833286e+01 9.102167844175346190e-02 2.163718704295733777e-02
4.694358974726586098e+01 5.260063334182163430e-02 2.054510790435143744e-02
