1.069642439726958605e+00 -1.333675627709132616e+00 nan
1.218627458003121777e+00 -5.722920681435808010e-01 8.361415348895091526e-01
1.388363836590320144e+00 -1.305301850392150520e+00 nan
1.581741926207981042e+00 -8.584026092916365869e-01 3.324686350879573760e-01
1.802054659727066133e+00 -6.724448763667005835e-01 4.157693308794688236e-01
2.053053625776520175e+00 -2.921722136952455973e-01 5.010451407341232066e-01
2.339012952555230562e+00 2.193236364853545783e+00 8.731184624697320151e-01
2.664802089693036891e+00 5.056000172185555641e+00 1.002494701348906725e+00
3.035968727524477995e+00 8.584877294359500866e+00 1.049155110799239843e+00
3.458833265763586962e+00 8.923479542098320394e+00 8.853506605019194620e-01
3.940596440236666886e+00 8.822460075909067001e+00 7.308760392914057658e-01
4.489461940391565875e+00 7.343739723550168463e+00 5.575616369113906012e-01
5.114776105571953835e+00 6.226201722636090174e+00 4.311020989201053699e-01
5.827187078870319503e+00 5.014588121357690831e+00 3.271599874309912281e-01
6.638826128706195817e+00 3.887420509767009591e+00 2.451928689602435041e-01
7.563514225758552811e+00 3.430415674476742005e+00 1.965913490458366386e-01
8.616997392941321721e+00 2.581304570032313173e+00 1.478666765728018639e-01
9.817214836071872952e+00 1.959100476944153346e+00 1.129778454165621254e-01
1.118460442108735009e+01 1.655108644683379149e+00 9.140231744199167618e-02
1.274245069961824761e+01 1.218973923789663960e+00 7.102329182985858691e-02
1.451728140926205768e+01 9.703139072257243036e-01 5.791252155738338403e-02
1.653931920034971981e+01 7.642006102817202606e-01 4.793038553834200188e-02
1.884299628142029093e+01 5.716455240535527338e-01 3.988436941633542038e-02
2.146754074702852577e+01 4.492994370299943085e-01 3.446746162292280147e-02
2.445764457215044274e+01 3.169475335695453033e-01 2.975025626719829050e-02
2.786422464810916466e+01 2.547775570798633815e-01 2.701597360176946627e-02
3.174528981929791982e+01 1.819787174652598427e-01 2.454728072407127287e-02
3.616692868500850011e+01 1.287845242073888397e-01 2.278287328838645917e-02
4.120443498711833286e+01 8.905462797892060856e-02 2.150664071307227185e-02
4.694358974726586098e+01 5.474581545645951230e-02 2.049855545638659682e-02
