1.069642439726958605e+00 -1.027136651576253890e+00 nan
1.218627458003121777e+00 -8.692718867174789033e-01 4.662944075588534298e-01
1.388363836590320144e+00 -1.203078871077613243e+00 nan
1.581741926207981042e+00 -9.026799083942571578e-01 2.780374671075579451e-01
1.802054659727066133e+00 -8.629398583821221713e-01 2.712824433303251404e-01
2.053053625776520175e+00 1.549890187776123973e-01 6.457714428774972149e-01
2.339012952555230562e+00 2.965667975303810433e+00 9.820498903022292225e-01
2.664802089693036891e+00 4.641265606528975241e+00 9.755483675059578585e-01
3.035968727524477995e+00 7.692225542540853667e+00 1.006363881369147562e+00
3.458833265763586962e+00 8.482589092798132668e+00 8.720217090640391966e-01
3.940596440236666886e+00 8.470889387757214450e+00 7.229473218004185409e-01
4.489461940391565875e+00 7.296680683615925034e+00 5.605387938648734858e-01
5.114776105571953835e+00 6.645691718395635661e+00 4.483899704441671186e-01
5.827187078870319503e+00 5.164501186553215106e+00 3.344261648727016589e-01
6.638826128706195817e+00 4.259783052797995850e+00 2.577748815647321057e-01
7.563514225758552811e+00 3.263009074773075557e+00 1.937311267323370556e-01
8.616997392941321721e+00 2.668319347949357656e+00 1.511998159520899498e-01
9.817214836071872952e+00 1.976034705615426379e+00 1.142509026556445817e-01
1.118460442108735009e+01 1.590224334121807637e+00 9.062590417869882675e-02
1.274245069961824761e+01 1.287835396340027083e+00 7.302132910415495837e-02
1.451728140926205768e+01 9.839080808769902209e-01 5.859868182797978164e-02
1.653931920034971981e+01 7.699490381367963820e-01 4.836605121679603964e-02
1.884299628142029093e+01 5.973871305138565013e-01 4.064458999433567810e-02
2.146754074702852577e+01 4.532543862790399114e-01 3.475222363277379739e-02
2.445764457215044274e+01 3.317703105647338280e-01 3.020462010047136880e-02
2.786422464810916466e+01 2.573402424991482196e-01 2.721174743943385529e-02
3.174528981929791982e+01 1.961317998606619817e-01 2.494208814574862265e-02
3.616692868500850011e+01 1.339769602463047882e-01 2.299435563710152536e-02
4.120443498711833286e+01 9.364062646922044486e-02 2.169659829808865195e-02
4.694358974726586098e+01 6.997888356352865991e-02 2.088096597379031014e-02
