1.069642439726958605e+00 -1.174892751976801986e+00 nan
1.218627458003121777e+00 -1.032408985951358549e+00 nan
1.388363836590320144e+00 -1.031261365720520740e+00 nan
1.581741926207981042e+00 -5.212755616207147558e-01 3.729606712394809565e-01
1.802054659727066133e+00 -1.008692180810273342e-01 4.203597077490991984e-01
2.053053625776520175e+00 2.811035188894381864e+00 7.111326915790011638e-01
2.339012952555230562e+00 5.573515779165642670e+00 7.683993146397397611e-01
2.664802089693036891e+00 7.376676473498509523e+00 7.250031686154936317e-01
3.035968727524477995e+00 8.445132660226654764e+00 6.409828523211932305e-01
3.458833265763586962e+00 7.430604154701917707e+00 5.020620954839403183e-01
3.940596440236666886e+00 7.375157788765354994e+00 4.168181391816342951e-01
4.489461940391565875e+00 6.443531831283076272e+00 3.270038279518828195e-01
5.114776105571953835e+00 5.001203651939863271e+00 2.438639469672063131e-01
5.827187078870319503e+00 4.037497978683404654e+00 1.866193718685859593e-01
6.638826128706195817e+00 3.378175282973075788e+00 1.460925226704300472e-01
7.563514225758552811e+00 2.652018963564465981e+00 1.122201619466380862e-01
8.616997392941321721e+00 2.116474119334388782e+00 8.774247279761361595e-02
9.817214836071872952e+00 1.617955509726035856e+00 6.823080512088264271e-02
1.118460442108735009e+01 1.308114419631309921e+00 5.514557583615938008e-02
1.274245069961824761e+01 1.033459054780810016e+00 4.488495364716833108e-02
1.451728140926205768e+01 7.898231246092610736e-01 3.684936959392656058e-02
1.653931920034971981e+01 6.476299848247706326e-01 3.160658964678425553e-02
1.884299628142029093e+01 4.539751952242343513e-01 2.647722360860534085e-02
2.146754074702852577e+01 3.564138724612229137e-01 2.345717972631563772e-02
2.445764457215044274e+01 2.688184920786140797e-01 2.105096652284529912e-02
2.786422464810916466e+01 1.936223960623446594e-01 1.916375823615344004e-02
3.174528981929791982e+01 1.451621103307734195e-01 1.790879755112159688e-02
3.616692868500850011e+01 1.012937254483854410e-01 1.689042903198684220e-02
4.120443498711833286e+01 7.479706799449825638e-02 1.624365976366324779e-02
4.694358974726586098e+01 4.451789637928982302e-02 1.562394513981495321e-02
