1.069642439726958605e+00 -1.736560445012085729e+00 nan
1.218627458003121777e+00 -5.803416589201626508e-01 4.995031965270808172e+00
1.388363836590320144e+00 -1.195151344860816423e+00 nan
1.581741926207981042e+00 -4.555687203791469742e-01 3.931790931739743034e+00
1.802054659727066133e+00 -7.126734206557150397e-01 2.348327888472403924e+00
2.053053625776520175e+00 -7.868845091571439188e-01 1.657591530840202276e+00
2.339012952555230562e+00 -7.559644921962236364e-01 1.452382600940357982e+00
2.664802089693036891e+00 2.924961760169218383e+00 4.839752606600274731e+00
3.035968727524477995e+00 -1.025118524992744362e+00 nan
3.458833265763586962e+00 2.764264759743135791e+00 3.220374191361297100e+00
3.940596440236666886e+00 7.085403539459004918e+00 3.888855750022448987e+00
4.489461940391565875e+00 9.484542261369171001e+00 3.650963939902624578e+00
5.114776105571953835e+00 8.877721512045248176e+00 2.922233519688865577e+00
5.827187078870319503e+00 9.476392835241950863e+00 2.492423159759435958e+00
6.638826128706195817e+00 9.258820451400469054e+00 2.043259639296592933e+00
7.563514225758552811e+00 7.388221389605835299e+00 1.528965961371553606e+00
8.616997392941321721e+00 5.269223868118926291e+00 1.090770909562976732e+00
9.817214836071872952e+00 5.057146159340016212e+00 8.943948329336560699e-01
1.118460442108735009e+01 3.291113357190848632e+00 6.206236961510093186e-01
1.274245069961824761e+01 2.590355060137513821e+00 4.720378535594787484e-01
1.451728140926205768e+01 1.744847593861774460e+00 3.422174830872422580e-01
1.653931920034971981e+01 1.486399373122153644e+00 2.739807985118492550e-01
1.884299628142029093e+01 1.044531221438220081e+00 2.079784505640023817e-01
2.146754074702852577e+01 8.204321881280103312e-01 1.665543316642098814e-01
2.445764457215044274e+01 6.305194659981039340e-01 1.348301634877154542e-01
2.786422464810916466e+01 5.337759696070032422e-01 1.138241493414730021e-01
3.174528981929791982e+01 3.583178980760521881e-01 9.315098881903444150e-02
3.616692868500850011e+01 2.393112727729376221e-01 7.868727565421571035e-02
4.120443498711833286e+01 2.093480926205657511e-01 7.092880460072131799e-02
4.694358974726586098e+01 1.148343326437573086e-01 6.191855335182340492e-02
