1.069642439726958605e+00 -1.270701863618784788e+00 nan
1.218627458003121777e+00 -6.110405468401609586e-01 7.980141376491803884e-01
1.388363836590320144e+00 -9.024133432652901021e-01 3.392194641392997645e-01
1.581741926207981042e+00 -9.670641981912193597e-01 1.604725311505600382e-01
1.802054659727066133e+00 -6.666839204004721964e-01 4.197524704373089000e-01
2.053053625776520175e+00 2.253731273385821687e-01 6.599510830914713244e-01
2.339012952555230562e+00 2.234697290919775980e+00 8.795102033541916109e-01
2.664802089693036891e+00 4.824507902545228433e+00 9.837049542613529596e-01
3.035968727524477995e+00 7.280494730932324465e+00 9.740046024153513615e-01
3.458833265763586962e+00 9.071287825042318786e+00 8.929228111096508824e-01
3.940596440236666886e+00 7.832639936358541277e+00 6.914137543443971134e-01
4.489461940391565875e+00 7.788375183173158689e+00 5.738648138355233463e-01
5.114776105571953835e+00 6.046279014539134522e+00 4.255110958688211875e-01
5.827187078870319503e+00 5.039021298893596956e+00 3.281540321615223355e-01
6.638826128706195817e+00 3.933587680261374953e+00 2.466966215634049386e-01
7.563514225758552811e+00 3.029424669776669354e+00 1.861118886279432283e-01
8.616997392941321721e+00 2.547963325089051434e+00 1.471440651027983437e-01
9.817214836071872952e+00 2.083773432455046759e+00 1.159968333362506737e-01
1.118460442108735009e+01 1.578814219655745088e+00 8.975987670773083460e-02
1.274245069961824761e+01 1.288570537492200074e+00 7.256196146729640417e-02
1.451728140926205768e+01 9.661651602860255039e-01 5.786453215828395169e-02
1.653931920034971981e+01 7.377872645515277661e-01 4.743100855452406922e-02
1.884299628142029093e+01 5.709595492106303016e-01 3.989464723131584678e-02
2.146754074702852577e+01 4.425675356272908978e-01 3.435733878081443510e-02
2.445764457215044274e+01 3.187937723691873781e-01 2.980135733474463880e-02
2.786422464810916466e+01 2.449405979900960428e-01 2.684392901338297430e-02
3.174528981929791982e+01 1.661125351487084956e-01 2.426087785984497661e-02
3.616692868500850011e+01 1.252593887425181851e-01 2.272738468334678172e-02
4.120443498711833286e+01 8.254538175416148427e-02 2.139443933837411813e-02
4.694358974726586098e+01 5.419986158282830147e-02 2.049732768715007217e-02
