1.069642439726958605e+00 -2.042580963160392837e+00 nan
1.218627458003121777e+00 -1.459892467450318865e+00 nan
1.388363836590320144e+00 -1.446654112787492785e+00 nan
1.581741926207981042e+00 -1.405532786885245855e+00 nan
1.802054659727066133e+00 -9.663187413429896733e-01 8.343230253299673826e-01
2.053053625776520175e+00 -9.050604552489422971e-01 1.148059983804921469e+00
2.339012952555230562e+00 -9.073212599776845355e-01 9.287775558701795164e-01
2.664802089693036891e+00 -9.608659263040095766e-01 5.011412477842051016e-01
3.035968727524477995e+00 4.577543722062220155e+00 4.942254855449582429e+00
3.458833265763586962e+00 1.939338558461386697e+00 2.951967913334012650e+00
3.940596440236666886e+00 5.618731029009659039e+00 3.647672031362044542e+00
4.489461940391565875e+00 1.294913921451869498e+01 4.380697866589132516e+00
5.114776105571953835e+00 1.236370191353859305e+01 3.540029259798942007e+00
5.827187078870319503e+00 1.061655928720042041e+01 2.726987178661136380e+00
6.638826128706195817e+00 1.017824741541880584e+01 2.216220891223561917e+00
7.563514225758552811e+00 7.707282724651487449e+00 1.616530200151329311e+00
8.616997392941321721e+00 5.668872995418094973e+00 1.168441456173922033e+00
9.817214836071872952e+00 3.940906276394598784e+00 8.295432248134075870e-01
1.118460442108735009e+01 3.575491840824863043e+00 6.659452550262905390e-01
1.274245069961824761e+01 2.786872385529022722e+00 5.035671849488868590e-01
1.451728140926205768e+01 2.118433833246800457e+00 3.809420423196202554e-01
1.653931920034971981e+01 1.811361777506635962e+00 3.046616451976874584e-01
1.884299628142029093e+01 1.279918894849390476e+00 2.296303927712819715e-01
2.146754074702852577e+01 8.639324093901556978e-01 1.745944116580014083e-01
2.445764457215044274e+01 8.384707376260287504e-01 1.505365692241357189e-01
2.786422464810916466e+01 6.017518505850729671e-01 1.208521978363238658e-01
3.174528981929791982e+01 3.821300819681638927e-01 9.708157905251578457e-02
3.616692868500850011e+01 3.023853123270168197e-01 8.398388202171086503e-02
4.120443498711833286e+01 2.051822892577970237e-01 7.257882938795008620e-02
4.694358974726586098e+01 1.093136088121893224e-01 6.318803020092782219e-02
