1.069642439726958605e+00 -1.621404912028913792e+00 nan
1.218627458003121777e+00 -8.894547659808336171e-01 2.584858315614315671e-01
1.388363836590320144e+00 -9.265222293301398349e-01 1.788475280013985536e-01
1.581741926207981042e+00 -5.574029510330937853e-01 3.574837126025744993e-01
1.802054659727066133e+00 8.552034783446957888e-01 6.022392393971769398e-01
2.053053625776520175e+00 2.616615261989471808e+00 6.904842592234622378e-01
2.339012952555230562e+00 4.503894522146395296e+00 7.000317585151207833e-01
2.664802089693036891e+00 6.956392999740259597e+00 7.038948755058249684e-01
3.035968727524477995e+00 8.417682952589100154e+00 6.380489407251330736e-01
3.458833265763586962e+00 8.256923718650103439e+00 5.260395098295257421e-01
3.940596440236666886e+00 7.551754818680390002e+00 4.203086735090007520e-01
4.489461940391565875e+00 6.272717906581072533e+00 3.218636614936065676e-01
5.114776105571953835e+00 5.182236590882797422e+00 2.472705626962805048e-01
5.827187078870319503e+00 4.023863668390396775e+00 1.857889644746016089e-01
6.638826128706195817e+00 3.271275241237097120e+00 1.435517598181272891e-01
7.563514225758552811e+00 2.620694140108668968e+00 1.113191333055243426e-01
8.616997392941321721e+00 2.057417735822914651e+00 8.644994716295929804e-02
9.817214836071872952e+00 1.643990414517310761e+00 6.849491017489622857e-02
1.118460442108735009e+01 1.281828242944297536e+00 5.457434260029545015e-02
1.274245069961824761e+01 1.034231180305922537e+00 4.478729637362704324e-02
1.451728140926205768e+01 7.933524166859500237e-01 3.681741786266564537e-02
1.653931920034971981e+01 6.135059430014238036e-01 3.102001645556037163e-02
1.884299628142029093e+01 4.755421171124754043e-01 2.674280915228235619e-02
2.146754074702852577e+01 3.372690549392920456e-01 2.312679693916225299e-02
2.445764457215044274e+01 2.580886557063237774e-01 2.085286521140407995e-02
2.786422464810916466e+01 1.911505497361860595e-01 1.909233083040688325e-02
3.174528981929791982e+01 1.340989478679708302e-01 1.771549846026891986e-02
3.616692868500850011e+01 9.420652539893192845e-02 1.675804902918197684e-02
4.120443498711833286e+01 6.733772165637108564e-02 1.610771226479373874e-02
4.694358974726586098e+01 4.404747637488681811e-02 1.559142810046774789e-02
