1.069642439726958605e+00 -9.160540483664487699e-01 4.883860078834239560e-01
1.218627458003121777e+00 -1.006713927640074058e+00 nan
1.388363836590320144e+00 -9.991305394375495919e-01 3.205515907945719056e-02
1.581741926207981042e+00 -8.002952755905512472e-01 3.956130366989951130e-01
1.802054659727066133e+00 -4.318646788877504861e-01 5.486789794146723631e-01
2.053053625776520175e+00 9.571281523695547300e-01 8.352887254507916914e-01
2.339012952555230562e+00 2.848223292343403656e+00 9.608180088000690677e-01
2.664802089693036891e+00 4.880823697655785942e+00 9.896250270677796612e-01
3.035968727524477995e+00 7.752813731935814801e+00 1.003243854245137179e+00
3.458833265763586962e+00 8.449365012343241332e+00 8.646870501097693174e-01
3.940596440236666886e+00 7.562088855684107713e+00 6.808992523151757847e-01
4.489461940391565875e+00 7.453734538052302128e+00 5.625677597748753866e-01
5.114776105571953835e+00 6.293749696138728922e+00 4.341156877329874764e-01
5.827187078870319503e+00 5.350809854268849364e+00 3.379055722671296391e-01
6.638826128706195817e+00 3.990384599676080946e+00 2.485746497219723239e-01
7.563514225758552811e+00 3.275767240319162887e+00 1.928746939184935727e-01
8.616997392941321721e+00 2.460070329107801435e+00 1.450922314485406373e-01
9.817214836071872952e+00 1.993206939564459823e+00 1.139793184950036037e-01
1.118460442108735009e+01 1.665359321227323219e+00 9.178325621576453874e-02
1.274245069961824761e+01 1.318604361461413799e+00 7.327165138701971503e-02
1.451728140926205768e+01 9.834897674987854721e-01 5.827493951947543965e-02
1.653931920034971981e+01 7.351440073914623508e-01 4.741925811563631882e-02
1.884299628142029093e+01 5.502055645861414490e-01 3.952091376269521034e-02
2.146754074702852577e+01 4.337573885454932832e-01 3.421467622498354511e-02
2.445764457215044274e+01 3.331225249790585874e-01 3.009649147675684880e-02
2.786422464810916466e+01 2.515812107273847076e-01 2.698846941730896273e-02
3.174528981929791982e+01 1.644467264622011538e-01 2.424598557270602958e-02
3.616692868500850011e+01 1.231037697925714269e-01 2.270171004881589918e-02
4.120443498711833286e+01 8.006344669101594924e-02 2.136137934038984110e-02
4.694358974726586098e+01 5.664449994363285334e-02 2.055562696996215619e-02
