1.069642439726958605e+00 -1.565788373693224766e+00 nan
1.218627458003121777e+00 -1.025645485239640831e+00 nan
1.388363836590320144e+00 -9.182525328760107186e-01 3.108517692484599748e-01
1.581741926207981042e+00 -1.239369148656925379e+00 nan
1.802054659727066133e+00 -4.985454338616999159e-01 5.155094739406973492e-01
2.053053625776520175e+00 4.943076047921024507e-01 7.297704635347346258e-01
2.339012952555230562e+00 2.234291879053765584e+00 8.805295863775566279e-01
2.664802089693036891e+00 5.329438883270314342e+00 1.027250957003548182e+00
3.035968727524477995e+00 8.005361136081365458e+00 1.018093210935103299e+00
3.458833265763586962e+00 8.277369939112722008e+00 8.565289580016581805e-01
3.940596440236666886e+00 8.949532040710142411e+00 7.373430131705013268e-01
4.489461940391565875e+00 7.241761428339639650e+00 5.549660092122760124e-01
5.114776105571953835e+00 6.431973614788061511e+00 4.386562991361645514e-01
5.827187078870319503e+00 5.178933505787143510e+00 3.327710743251464098e-01
6.638826128706195817e+00 4.030794527383676495e+00 2.497418301311472577e-01
7.563514225758552811e+00 3.211700455474083782e+00 1.911927527117400216e-01
8.616997392941321721e+00 2.642952931164526120e+00 1.496700213348692576e-01
9.817214836071872952e+00 2.036037108992908351e+00 1.149987691432172582e-01
1.118460442108735009e+01 1.561046329132962596e+00 8.945491397627701458e-02
1.274245069961824761e+01 1.274033996628193055e+00 7.232440363123816829e-02
1.451728140926205768e+01 9.815536392098038743e-01 5.823902746906318290e-02
1.653931920034971981e+01 7.730783189499685903e-01 4.818291803222413822e-02
1.884299628142029093e+01 6.085608390944927670e-01 4.066642416857292608e-02
2.146754074702852577e+01 4.344203739786007823e-01 3.422952243928818750e-02
2.445764457215044274e+01 3.159424859023196586e-01 2.977105940336097559e-02
2.786422464810916466e+01 2.387177828172755145e-01 2.674683797242463634e-02
3.174528981929791982e+01 1.704033267783202632e-01 2.435932340091464046e-02
3.616692868500850011e+01 1.303369461256607131e-01 2.283856710959020556e-02
4.120443498711833286e+01 9.146168906749063687e-02 2.157597708306622022e-02
4.694358974726586098e+01 5.595949770468022777e-02 2.054376912856182083e-02
