1.069642439726958605e+00 -6.069042316258350667e-01 6.537159413446428147e+00
1.218627458003121777e+00 -9.719453376205786643e-01 1.327131314577522758e+00
1.388363836590320144e+00 -7.544580824455766610e-01 3.332079946196083053e+00
1.581741926207981042e+00 -9.389204545454543638e-01 1.353265523748228949e+00
1.802054659727066133e+00 -1.096948308075565759e+00 nan
2.053053625776520175e+00 -1.112885232185190532e+00 nan
2.339012952555230562e+00 -8.381521129394167158e-01 1.215423179280324506e+00
2.664802089693036891e+00 -1.139431444594855680e+00 nan
3.035968727524477995e+00 3.702203349986830094e-01 2.423218492364621390e+00
3.458833265763586962e+00 9.760592527350601344e+00 5.609434599420933587e+00
3.940596440236666886e+00 8.100977297825219026e+00 4.241578748144952726e+00
4.489461940391565875e+00 1.054145253128088910e+01 3.938724775211043916e+00
5.114776105571953835e+00 1.064288311666501841e+01 3.265937957710199235e+00
5.827187078870319503e+00 9.694402517669875152e+00 2.587407178187887347e+00
6.638826128706195817e+00 8.113409200471044969e+00 1.971837778238471284e+00
7.563514225758552811e+00 7.650787436115021656e+00 1.595747968483941737e+00
8.616997392941321721e+00 6.657613259529780336e+00 1.246893336771169647e+00
9.817214836071872952e+00 4.824669297382540911e+00 8.984703031320903088e-01
1.118460442108735009e+01 3.996538061323158253e+00 6.927768959669176052e-01
1.274245069961824761e+01 2.811820261587588021e+00 5.008114131318616158e-01
1.451728140926205768e+01 2.038333558772897014e+00 3.719155875554164825e-01
1.653931920034971981e+01 1.461466274633245188e+00 2.792362780063715744e-01
1.884299628142029093e+01 1.161767191957200129e+00 2.204070213809106171e-01
2.146754074702852577e+01 9.640530105993894150e-01 1.788873905024397082e-01
2.445764457215044274e+01 7.239305806291924661e-01 1.430974494949322218e-01
2.786422464810916466e+01 6.353063759105272990e-01 1.216393366354691363e-01
3.174528981929791982e+01 2.952195399768549056e-01 9.195132283963738939e-02
3.616692868500850011e+01 1.924178291739113700e-01 7.798376711200805111e-02
4.120443498711833286e+01 1.453435521197714575e-01 6.920870128459595538e-02
4.694358974726586098e+01 6.676353373066246100e-02 6.076053832404250399e-02
