1.069642439726958605e+00 -3.676470897707942775e+00 nan
1.218627458003121777e+00 -6.878902195103424599e-01 1.288453481235390718e+01
1.388363836590320144e+00 -4.588249882382118283e-01 1.439872134269588422e+01
1.581741926207981042e+00 -7.734251968503937924e-01 7.586549150314446877e+00
1.802054659727066133e+00 -5.256537296549785854e-01 9.024905204783163271e+00
2.053053625776520175e+00 -8.300580751210311359e-01 4.427329741608638791e+00
2.339012952555230562e+00 -1.208491363317805156e+00 nan
2.664802089693036891e+00 -8.611076003818995961e-01 2.721287055511560027e+00
3.035968727524477995e+00 -1.118525836139231622e+00 nan
3.458833265763586962e+00 -1.152582903186785135e+00 nan
3.940596440236666886e+00 4.538182005177882061e+00 9.592943035432979215e+00
4.489461940391565875e+00 6.330133751384478202e+00 9.069972933460404008e+00
5.114776105571953835e+00 2.162316143396678925e+01 1.319051594560986551e+01
5.827187078870319503e+00 1.267201362071505422e+01 8.426649814672146022e+00
6.638826128706195817e+00 8.219819459489270841e+00 5.685166581711921019e+00
7.563514225758552811e+00 1.073472523254400812e+01 5.317051436183056978e+00
8.616997392941321721e+00 9.486282670811405637e+00 4.154308859163042378e+00
9.817214836071872952e+00 7.209920497418069729e+00 3.031126894555462137e+00
1.118460442108735009e+01 6.454082503132448245e+00 2.394412616915080783e+00
1.274245069961824761e+01 3.399319670063332577e+00 1.505616652377322673e+00
1.451728140926205768e+01 2.842672406997835743e+00 1.166644460918555115e+00
1.653931920034971981e+01 2.741386201722361804e+00 9.609464346640398391e-01
1.884299628142029093e+01 2.215878200441120160e+00 7.415748811697406850e-01
2.146754074702852577e+01 1.604078975701438647e+00 5.553344936209536620e-01
2.445764457215044274e+01 7.962785466667221534e-01 3.798762529092773454e-01
2.786422464810916466e+01 9.545192523869832080e-01 3.395266918785768140e-01
3.174528981929791982e+01 4.894958819862169630e-01 2.469323868219098217e-01
3.616692868500850011e+01 3.375379500531541233e-01 1.995405442144961849e-01
4.120443498711833286e+01 2.555918097269334055e-01 1.674699455242383006e-01
4.694358974726586098e+01 2.227753679565642742e-01 1.461186842725201995e-01
