1.069642439726958605e+00 -1.967594116246145219e-01 2.784303487245921005e+01
1.218627458003121777e+00 -3.667840994106463803e-02 2.317147189418767184e+01
1.388363836590320144e+00 -7.422023301232807402e-01 1.017290112445356165e+01
1.581741926207981042e+00 -1.145419129500268252e+00 nan
1.802054659727066133e+00 -8.963804419619434416e-01 4.317815714223779189e+00
2.053053625776520175e+00 -1.322924871064427244e+00 nan
2.339012952555230562e+00 -1.009517486235796291e+00 nan
2.664802089693036891e+00 -6.972799468286690061e-01 4.112548546099829672e+00
3.035968727524477995e+00 -8.621799039189639302e-01 2.289089520870673855e+00
3.458833265763586962e+00 -7.883290432287941574e-01 2.334860850492147311e+00
3.940596440236666886e+00 -1.165280169597839421e+00 nan
4.489461940391565875e+00 1.458220612584172393e+01 1.356674260512292562e+01
5.114776105571953835e+00 1.225529697424681608e+01 1.029446303559164200e+01
5.827187078870319503e+00 7.796357554377594923e+00 6.897626591054843992e+00
6.638826128706195817e+00 1.832046295773575295e+01 8.497217108267559382e+00
7.563514225758552811e+00 1.038492422916738711e+01 5.356763971672996227e+00
8.616997392941321721e+00 1.450809724404543033e+01 5.217473588959561148e+00
9.817214836071872952e+00 6.453077395459668963e+00 2.948595417540170072e+00
1.118460442108735009e+01 5.344557679163077779e+00 2.249615730899273025e+00
1.274245069961824761e+01 4.144162352306510755e+00 1.672960319062058110e+00
1.451728140926205768e+01 4.887527910003136355e+00 1.503103193010654204e+00
1.653931920034971981e+01 3.123698725808992105e+00 1.036483893342847518e+00
1.884299628142029093e+01 1.780617990599912215e+00 6.993496631022351195e-01
2.146754074702852577e+01 1.263404601148752304e+00 5.244123496903669857e-01
2.445764457215044274e+01 1.060083542806896206e+00 4.199516623032852891e-01
2.786422464810916466e+01 6.879649927636677376e-01 3.176744267044653847e-01
3.174528981929791982e+01 4.167987750555965931e-01 2.445185557457215109e-01
3.616692868500850011e+01 2.566626266847988891e-01 1.956719016272894240e-01
4.120443498711833286e+01 1.958150761020345243e-01 1.652251162981008825e-01
4.694358974726586098e+01 2.195035749302127748e-01 1.485241710469921150e-01
