1.069642439726958605e+00 -1.028055787814399213e+00 nan
1.218627458003121777e+00 -9.369613205704971914e-01 1.287480514832263501e-01
1.388363836590320144e+00 -3.045354112985103612e-01 3.630094155244480425e-01
1.581741926207981042e+00 1.003677191590039541e+00 5.021708989855562244e-01
1.802054659727066133e+00 2.296397093918207677e+00 5.304013767239306176e-01
2.053053625776520175e+00 5.264605249357043881e+00 6.022390195489301101e-01
2.339012952555230562e+00 6.613036801825675326e+00 5.469387505239875491e-01
2.664802089693036891e+00 8.239176391820711487e+00 5.054449360958137571e-01
3.035968727524477995e+00 8.256146472297412942e+00 4.219277327807486322e-01
3.458833265763586962e+00 7.355312351924236047e+00 3.336085975118909253e-01
3.940596440236666886e+00 6.645030491675699480e+00 2.661845080791700457e-01
4.489461940391565875e+00 5.303714939241096715e+00 2.009863455405650201e-01
5.114776105571953835e+00 4.153350758721141567e+00 1.514923696945616460e-01
5.827187078870319503e+00 3.483883780630822713e+00 1.189033273887086101e-01
6.638826128706195817e+00 2.719278977786875107e+00 9.097568165614493274e-02
7.563514225758552811e+00 2.157296713786763132e+00 7.100263906260703695e-02
8.616997392941321721e+00 1.759995790948193140e+00 5.676749945303813383e-02
9.817214836071872952e+00 1.394589699258507842e+00 4.546228525370258483e-02
1.118460442108735009e+01 1.131884026284329270e+00 3.738726968273421714e-02
1.274245069961824761e+01 8.661481057892328472e-01 3.062130161747034229e-02
1.451728140926205768e+01 6.821278770523437895e-01 2.589985278044017875e-02
1.653931920034971981e+01 5.429542679509282710e-01 2.244544971968141442e-02
1.884299628142029093e+01 4.065785867973181755e-01 1.954450254972225909e-02
2.146754074702852577e+01 3.052058034882958459e-01 1.744947160146863643e-02
2.445764457215044274e+01 2.289148992421270457e-01 1.592175394687865911e-02
2.786422464810916466e+01 1.682523774714455023e-01 1.476995248831680478e-02
3.174528981929791982e+01 1.206447906161833838e-01 1.390735474410078817e-02
3.616692868500850011e+01 8.185393057296330710e-02 1.324308282138611688e-02
4.120443498711833286e+01 5.575697394460243927e-02 1.279373767518796230e-02
4.694358974726586098e+01 3.580502867705370740e-02 1.246195372792830748e-02
