1.069642439726958605e+00 -1.302670925812149605e+00 nan
1.218627458003121777e+00 -8.354626344384077363e-01 5.189096384083090596e-01
1.388363836590320144e+00 -1.117858183865454880e+00 nan
1.581741926207981042e+00 -7.788777339107535447e-01 4.157311293356647508e-01
1.802054659727066133e+00 -7.699896096696183800e-01 3.486064985489158441e-01
2.053053625776520175e+00 -4.377279499474395763e-02 5.827900441505677875e-01
2.339012952555230562e+00 2.840640579314627434e+00 9.585832636527650275e-01
2.664802089693036891e+00 6.008589176836775181e+00 1.080196973076030798e+00
3.035968727524477995e+00 7.963118393391859229e+00 1.014207654718466189e+00
3.458833265763586962e+00 9.793008580906668925e+00 9.256506724561808230e-01
3.940596440236666886e+00 8.433085862590864679e+00 7.157712547176594553e-01
4.489461940391565875e+00 6.943739327359450542e+00 5.433314482506900189e-01
5.114776105571953835e+00 6.062550178412855928e+00 4.259665621954894510e-01
5.827187078870319503e+00 5.255753471514915454e+00 3.346353149105084634e-01
6.638826128706195817e+00 4.074088476359954747e+00 2.506348276523182039e-01
7.563514225758552811e+00 3.281757733913950759e+00 1.927966637349919077e-01
8.616997392941321721e+00 2.639568221138899773e+00 1.493947045822140163e-01
9.817214836071872952e+00 2.027246466741139841e+00 1.146477194438630942e-01
1.118460442108735009e+01 1.699658230908719592e+00 9.244162734700449302e-02
1.274245069961824761e+01 1.249269633901597176e+00 7.170901523129026567e-02
1.451728140926205768e+01 1.027129572306082039e+00 5.911168513124441526e-02
1.653931920034971981e+01 7.718859437448943872e-01 4.810658817076002292e-02
1.884299628142029093e+01 5.777983819159295820e-01 4.002258685083144585e-02
2.146754074702852577e+01 4.497479492985732019e-01 3.449066217516220945e-02
2.445764457215044274e+01 3.363773701678411943e-01 3.013193195433619409e-02
2.786422464810916466e+01 2.423467693713283744e-01 2.679152833185639154e-02
3.174528981929791982e+01 1.828598057786146036e-01 2.457277769167216103e-02
3.616692868500850011e+01 1.292794656187541413e-01 2.280011338387864447e-02
4.120443498711833286e+01 8.876629637589439348e-02 2.150850477885724726e-02
4.694358974726586098e+01 5.891708295109254756e-02 2.058333461189615701e-02
