1.069642439726958605e+00 -1.443143116535111403e+00 nan
1.218627458003121777e+00 -6.742626723234228514e-01 7.333558912318244305e-01
1.388363836590320144e+00 -9.104270194808878891e-01 3.263616436926165543e-01
1.581741926207981042e+00 -1.138240456340500639e+00 nan
1.802054659727066133e+00 -7.534934024593793467e-01 3.624869554978201736e-01
2.053053625776520175e+00 1.062448508856328910e+00 8.601448002981529894e-01
2.339012952555230562e+00 2.063563341172276910e+00 8.594184631671409891e-01
2.664802089693036891e+00 6.472653127168390697e+00 1.120819500452495454e+00
3.035968727524477995e+00 7.844524037847470765e+00 1.011683163890743975e+00
3.458833265763586962e+00 8.168633059382598205e+00 8.537782284382879894e-01
3.940596440236666886e+00 8.901640586821327972e+00 7.375783131435389439e-01
4.489461940391565875e+00 7.727952981132376387e+00 5.740377454001066582e-01
5.114776105571953835e+00 6.144568799050132313e+00 4.304733806428807652e-01
5.827187078870319503e+00 5.134824594832071654e+00 3.323679971339747463e-01
6.638826128706195817e+00 4.230811580864189736e+00 2.560821091035004882e-01
7.563514225758552811e+00 3.014301042231733341e+00 1.864235347002615450e-01
8.616997392941321721e+00 2.707676701344832182e+00 1.516755184583840621e-01
9.817214836071872952e+00 2.057874404310461536e+00 1.158152011399790071e-01
1.118460442108735009e+01 1.595763391673092002e+00 9.046436889367845402e-02
1.274245069961824761e+01 1.258828802268795677e+00 7.217658975216498241e-02
1.451728140926205768e+01 9.632938239227064603e-01 5.799960793633277684e-02
1.653931920034971981e+01 7.713922458920792202e-01 4.825877722953463705e-02
1.884299628142029093e+01 5.695882239022085347e-01 3.999021399191759335e-02
2.146754074702852577e+01 4.475176007514873877e-01 3.455292803528728363e-02
2.445764457215044274e+01 3.278491182859473163e-01 3.005661328671210483e-02
2.786422464810916466e+01 2.444825431825623507e-01 2.690579463451700515e-02
3.174528981929791982e+01 1.860366482420325873e-01 2.469718458029306063e-02
3.616692868500850011e+01 1.400836888378091949e-01 2.306063679086263474e-02
4.120443498711833286e+01 8.714960989048559092e-02 2.153059211700176362e-02
4.694358974726586098e+01 5.772157500868813074e-02 2.060974679091053322e-02
