1.069642439726958605e+00 -1.036965947863480064e+00 nan
1.218627458003121777e+00 -9.506791897738264829e-01 1.136526194332670714e-01
1.388363836590320144e+00 -5.009692244265508965e-01 3.068608455764941234e-01
1.581741926207981042e+00 3.347583218628358281e-01 4.088901981772321559e-01
1.802054659727066133e+00 2.869295609642827038e+00 5.737682721299042221e-01
2.053053625776520175e+00 4.913698738594645121e+00 5.837168522690625583e-01
2.339012952555230562e+00 6.580089722728534873e+00 5.446430814045248869e-01
2.664802089693036891e+00 7.841722479774124288e+00 4.929879935939816549e-01
3.035968727524477995e+00 7.451359579735347793e+00 4.012041287828964631e-01
3.458833265763586962e+00 7.221610457740260003e+00 3.300618587318450148e-01
3.940596440236666886e+00 6.330889343162509064e+00 2.595465637043001261e-01
4.489461940391565875e+00 5.088826766693507864e+00 1.966978863349699846e-01
5.114776105571953835e+00 4.298506394647045425e+00 1.536784838569846545e-01
5.827187078870319503e+00 3.430393495074933963e+00 1.178382083007093878e-01
6.638826128706195817e+00 2.684343766836907452e+00 9.028759017678464338e-02
7.563514225758552811e+00 2.150819342742719797e+00 7.078716003456700379e-02
8.616997392941321721e+00 1.729507492785518519e+00 5.625537011505283430e-02
9.817214836071872952e+00 1.345875114222019331e+00 4.474664526492260624e-02
1.118460442108735009e+01 1.087991237166512581e+00 3.676929610736004439e-02
1.274245069961824761e+01 8.640447115570759617e-01 3.054969043063786305e-02
1.451728140926205768e+01 6.534538208536124770e-01 2.551231584323601642e-02
1.653931920034971981e+01 5.157620041529544785e-01 2.208688681255704944e-02
1.884299628142029093e+01 3.917302497859604937e-01 1.934169510521794796e-02
2.146754074702852577e+01 2.994849508022394691e-01 1.736005519590668594e-02
2.445764457215044274e+01 2.207072038710442552e-01 1.580570915987122502e-02
2.786422464810916466e+01 1.632114701030180637e-01 1.469358490197001862e-02
3.174528981929791982e+01 1.170821276313762649e-01 1.384998182161572763e-02
3.616692868500850011e+01 8.464490782251687939e-02 1.326196364207792890e-02
4.120443498711833286e+01 6.220350735482060855e-02 1.285656890983858519e-02
4.694358974726586098e+01 4.421694740699977366e-02 1.254853665942330145e-02
