1.069642439726958605e+00 -1.507560073220827856e+00 nan
1.218627458003121777e+00 -8.242245603873004089e-01 5.385501734907411908e-01
1.388363836590320144e+00 -1.085955484717279429e+00 nan
1.581741926207981042e+00 -8.030972680477082015e-01 3.939189430485253163e-01
1.802054659727066133e+00 -3.979409477270019480e-01 5.663977151230499274e-01
2.053053625776520175e+00 8.732461015773180790e-01 8.194270814495429045e-01
2.339012952555230562e+00 2.954886599804546155e+00 9.768170459878829925e-01
2.664802089693036891e+00 4.926647344232184089e+00 9.962640161288918161e-01
3.035968727524477995e+00 7.383627888505246872e+00 9.839976813792918886e-01
3.458833265763586962e+00 8.598260446882974861e+00 8.741304117575149357e-01
3.940596440236666886e+00 9.430869766917181707e+00 7.580974056097901093e-01
4.489461940391565875e+00 7.108863279810524460e+00 5.515545757522388737e-01
5.114776105571953835e+00 6.629623537426032165e+00 4.461801027744056736e-01
5.827187078870319503e+00 5.166309138810685653e+00 3.332304006374763872e-01
6.638826128706195817e+00 4.196471472965735749e+00 2.550482261984567955e-01
7.563514225758552811e+00 3.252523224737843499e+00 1.927481945440759625e-01
8.616997392941321721e+00 2.727344566324381603e+00 1.521220493028622722e-01
9.817214836071872952e+00 2.083235756278429385e+00 1.163825846924998186e-01
1.118460442108735009e+01 1.655489728170346675e+00 9.178003069665950642e-02
1.274245069961824761e+01 1.339595598556154066e+00 7.388794741879343986e-02
1.451728140926205768e+01 9.947571472375102974e-01 5.863695540619901642e-02
1.653931920034971981e+01 7.712652610556336441e-01 4.824545415745815080e-02
1.884299628142029093e+01 5.729433247780519878e-01 4.004751907336710770e-02
2.146754074702852577e+01 4.405116754715268090e-01 3.441081154564678418e-02
2.445764457215044274e+01 3.262490388331904523e-01 3.002032218375763270e-02
2.786422464810916466e+01 2.365176197244964751e-01 2.675013308499345210e-02
3.174528981929791982e+01 1.673982960758149119e-01 2.434175471640147997e-02
3.616692868500850011e+01 1.211612438735771846e-01 2.270125416818910211e-02
4.120443498711833286e+01 8.027761544113087844e-02 2.139818018052809523e-02
4.694358974726586098e+01 5.515137044488205298e-02 2.055832079881316984e-02
