1.069642439726958605e+00 -1.682548174687712006e+00 nan
1.218627458003121777e+00 -1.097020131413393162e+00 nan
1.388363836590320144e+00 -1.109060656100851805e+00 nan
1.581741926207981042e+00 -9.488542890716804568e-01 2.016715208354105393e-01
1.802054659727066133e+00 -3.118775454975410977e-01 6.083027214958451889e-01
2.053053625776520175e+00 1.126733263943993091e-01 6.341718979877729589e-01
2.339012952555230562e+00 2.098591098420320655e+00 8.680132624176005729e-01
2.664802089693036891e+00 5.688353096657005281e+00 1.063984072151344717e+00
3.035968727524477995e+00 8.459339105605501175e+00 1.051627571610772360e+00
3.458833265763586962e+00 8.784619549540032324e+00 8.868719332588469451e-01
3.940596440236666886e+00 9.845029219116984365e+00 7.774230815380100967e-01
4.489461940391565875e+00 7.818781893248452519e+00 5.796187720890694228e-01
5.114776105571953835e+00 6.294382395819681619e+00 4.371673165924581661e-01
5.827187078870319503e+00 5.110760972144616332e+00 3.329661927578794756e-01
6.638826128706195817e+00 4.288677736654961770e+00 2.587197842982529306e-01
7.563514225758552811e+00 3.116203158967533859e+00 1.899032676910652195e-01
8.616997392941321721e+00 2.577009419893294684e+00 1.489949680880517102e-01
9.817214836071872952e+00 1.995449177606484437e+00 1.147686426192933151e-01
1.118460442108735009e+01 1.609942146192296253e+00 9.111327084109488439e-02
1.274245069961824761e+01 1.204297769478975599e+00 7.125481143117644300e-02
1.451728140926205768e+01 1.033181549407832245e+00 5.964513511147587210e-02
1.653931920034971981e+01 7.366353592884653523e-01 4.771591652674922468e-02
1.884299628142029093e+01 5.997407653088946411e-01 4.070735429023905616e-02
2.146754074702852577e+01 4.414905022575308369e-01 3.453821444855158934e-02
2.445764457215044274e+01 3.379795397664708823e-01 3.033437423468495972e-02
2.786422464810916466e+01 2.619496075265654866e-01 2.730864358551958818e-02
3.174528981929791982e+01 1.874740324670369773e-01 2.478690665210471489e-02
3.616692868500850011e+01 1.335201239592342937e-01 2.299308781323562006e-02
4.120443498711833286e+01 9.105787976698409558e-02 2.165472002443212182e-02
4.694358974726586098e+01 5.672767945779155774e-02 2.063823782205636420e-02
