1.069642439726958605e+00 -1.929133717372295553e-01 2.781989675404050999e+01
1.218627458003121777e+00 -3.777957656849288970e-01 1.856244945777383393e+01
1.388363836590320144e+00 -1.232775792121419745e+00 nan
1.581741926207981042e+00 -6.450187466523835678e-01 9.689353840750094093e+00
1.802054659727066133e+00 -2.113412271015248312e+00 nan
2.053053625776520175e+00 -9.419984244401644613e-01 2.639144319293071472e+00
2.339012952555230562e+00 -3.019886594671297164e-01 7.496612695690815009e+00
2.664802089693036891e+00 -1.175204057650423017e+00 nan
3.035968727524477995e+00 -1.678560442434718247e+00 nan
3.458833265763586962e+00 -9.258250549167070798e-01 1.377695377648720187e+00
3.940596440236666886e+00 -1.061680318171710713e+00 nan
4.489461940391565875e+00 6.991524014990515568e+00 9.664491151720485007e+00
5.114776105571953835e+00 9.659942536310728300e+00 9.192615644711420231e+00
5.827187078870319503e+00 6.125518626792216814e+00 6.182030627117685029e+00
6.638826128706195817e+00 7.401536768915972786e+00 5.532600123777383416e+00
7.563514225758552811e+00 1.106810990531839778e+01 5.502493520590800991e+00
8.616997392941321721e+00 1.056009823844723527e+01 4.457807773136653218e+00
9.817214836071872952e+00 8.603818495484437889e+00 3.356403037576701998e+00
1.118460442108735009e+01 7.280808689698655911e+00 2.582048736925392607e+00
1.274245069961824761e+01 3.578170528075902634e+00 1.568024030361250709e+00
1.451728140926205768e+01 2.999493817080668201e+00 1.215274818720938343e+00
1.653931920034971981e+01 2.118131772491007148e+00 8.872591040820728692e-01
1.884299628142029093e+01 1.962615160523557556e+00 7.220753971221840484e-01
2.146754074702852577e+01 1.361054991846284201e+00 5.353727578032028145e-01
2.445764457215044274e+01 1.437375905611909310e+00 4.618806264855270793e-01
2.786422464810916466e+01 8.133360655321408839e-01 3.305164023275453111e-01
3.174528981929791982e+01 8.596594780988240370e-01 2.886560679656856032e-01
3.616692868500850011e+01 4.884014284732740574e-01 2.175144655807824678e-01
4.120443498711833286e+01 3.108477796538056115e-01 1.753138099945971140e-01
4.694358974726586098e+01 8.882726310032817985e-02 1.366826408510163071e-01
