1.069642439726958605e+00 -1.437692542245643246e+00 nan
1.218627458003121777e+00 -7.398863406793925179e-01 2.608599110011723399e-01
1.388363836590320144e+00 -2.650228610260976225e-01 3.722114425553686434e-01
1.581741926207981042e+00 6.141956949524838283e-01 4.494572494103782900e-01
1.802054659727066133e+00 2.023137902379962938e+00 5.065065064379759008e-01
2.053053625776520175e+00 4.699691704340516196e+00 5.725643485097652308e-01
2.339012952555230562e+00 6.853749578123006891e+00 5.543272035010682330e-01
2.664802089693036891e+00 8.019003412108958173e+00 4.978355267240334725e-01
3.035968727524477995e+00 8.018071903363399144e+00 4.150553904984173870e-01
3.458833265763586962e+00 7.544862979076699006e+00 3.368663276684183416e-01
3.940596440236666886e+00 6.182946284047821983e+00 2.564781053111619968e-01
4.489461940391565875e+00 5.313282574742780540e+00 2.006713702181052994e-01
5.114776105571953835e+00 4.242735774786636327e+00 1.526489271794640168e-01
5.827187078870319503e+00 3.407124336166992951e+00 1.174032092527855092e-01
6.638826128706195817e+00 2.676164258838618526e+00 9.011575283512082701e-02
7.563514225758552811e+00 2.161699855025656980e+00 7.090619170427951701e-02
8.616997392941321721e+00 1.745116842042858885e+00 5.644052301337137284e-02
9.817214836071872952e+00 1.378542005606889775e+00 4.515545725590829756e-02
1.118460442108735009e+01 1.076002616698404690e+00 3.659891121718309576e-02
1.274245069961824761e+01 8.518015220340502403e-01 3.038347331723822639e-02
1.451728140926205768e+01 6.685121803234868043e-01 2.568569363951854131e-02
1.653931920034971981e+01 5.158699532706254587e-01 2.207921999939951169e-02
1.884299628142029093e+01 3.989193487678686090e-01 1.942030724946595607e-02
2.146754074702852577e+01 2.984071929299270121e-01 1.734082599133219410e-02
2.445764457215044274e+01 2.280682921150416487e-01 1.588749804351802936e-02
2.786422464810916466e+01 1.673281131076704842e-01 1.473735232935429601e-02
3.174528981929791982e+01 1.149920792274679027e-01 1.382067554667201943e-02
3.616692868500850011e+01 8.095679573197678280e-02 1.321406775626671540e-02
4.120443498711833286e+01 5.502200611507412908e-02 1.276758552600921852e-02
4.694358974726586098e+01 3.783790993178337558e-02 1.246920213619841927e-02
