1.069642439726958605e+00 -1.450687527458425663e+00 nan
1.218627458003121777e+00 -8.896677378024582250e-01 1.698887841603534954e-01
1.388363836590320144e+00 -7.265656097337533925e-01 2.269917769241293348e-01
1.581741926207981042e+00 6.093613800873185493e-01 4.487877203354558864e-01
1.802054659727066133e+00 2.868457994642558795e+00 5.733661586152156708e-01
2.053053625776520175e+00 4.458408836487785187e+00 5.601564691391004436e-01
2.339012952555230562e+00 6.692772390862204546e+00 5.484653853009084923e-01
2.664802089693036891e+00 7.524059358856999502e+00 4.833788213672976508e-01
3.035968727524477995e+00 7.730620281590207199e+00 4.079619079505283352e-01
3.458833265763586962e+00 7.369127803777704599e+00 3.330796626619419443e-01
3.940596440236666886e+00 6.175240778884237614e+00 2.563282523187395689e-01
4.489461940391565875e+00 5.238200045054638210e+00 1.993125807619768042e-01
5.114776105571953835e+00 4.199180690598548260e+00 1.519110386987298500e-01
5.827187078870319503e+00 3.408010631309374983e+00 1.174185710158829887e-01
6.638826128706195817e+00 2.667134022508782287e+00 8.998022133053679150e-02
7.563514225758552811e+00 2.071099900064388155e+00 6.960486378321337209e-02
8.616997392941321721e+00 1.728317725990216713e+00 5.621117036819915647e-02
9.817214836071872952e+00 1.391710579808416837e+00 4.532927782331995503e-02
1.118460442108735009e+01 1.085954689670082907e+00 3.672637450589959218e-02
1.274245069961824761e+01 8.473678330037202056e-01 3.032847828258133233e-02
1.451728140926205768e+01 6.557247800120511450e-01 2.552941234894761519e-02
1.653931920034971981e+01 5.191661486284537830e-01 2.211920663031142348e-02
1.884299628142029093e+01 3.956079477554992341e-01 1.938080039845834629e-02
2.146754074702852577e+01 2.954856343437697319e-01 1.730615585036253401e-02
2.445764457215044274e+01 2.253433472832728768e-01 1.585526361626802411e-02
2.786422464810916466e+01 1.659075732592143471e-01 1.472062054872726004e-02
3.174528981929791982e+01 1.151244037745593474e-01 1.382232922677014558e-02
3.616692868500850011e+01 8.638645308383452459e-02 1.327836791320922971e-02
4.120443498711833286e+01 5.656254320928533197e-02 1.278587847541085357e-02
4.694358974726586098e+01 3.848756859211710513e-02 1.247695747447998341e-02
