1.069642439726958605e+00 -1.186634928009705270e+00 nan
1.218627458003121777e+00 -9.601114286767038486e-01 2.571022669329957600e-01
1.388363836590320144e+00 -1.226224821592675873e+00 nan
1.581741926207981042e+00 -1.142251106356789503e+00 nan
1.802054659727066133e+00 -7.302359800232902654e-01 3.799156818442052108e-01
2.053053625776520175e+00 7.846859027059778224e-01 8.015211979952233667e-01
2.339012952555230562e+00 2.748644688015887461e+00 9.529201443227323098e-01
2.664802089693036891e+00 4.603004067099669250e+00 9.704393652370212342e-01
3.035968727524477995e+00 6.803544966892239643e+00 9.505406077140924337e-01
3.458833265763586962e+00 7.650428351754180234e+00 8.298745759759196261e-01
3.940596440236666886e+00 8.424584331266263604e+00 7.198004094242201889e-01
4.489461940391565875e+00 7.274395472062286316e+00 5.587495200210494950e-01
5.114776105571953835e+00 6.195223609001876852e+00 4.329158974507257840e-01
5.827187078870319503e+00 5.032762560585142708e+00 3.298448439725487624e-01
6.638826128706195817e+00 4.185714376280378346e+00 2.552579985124417417e-01
7.563514225758552811e+00 3.233434830623182155e+00 1.926228179786840244e-01
8.616997392941321721e+00 2.550574544086709583e+00 1.480153314923749741e-01
9.817214836071872952e+00 2.036241098755543266e+00 1.154948130568417830e-01
1.118460442108735009e+01 1.594462073621000675e+00 9.058025972955988103e-02
1.274245069961824761e+01 1.323342367974665645e+00 7.367236329911595882e-02
1.451728140926205768e+01 9.422262976964954628e-01 5.764934461290381618e-02
1.653931920034971981e+01 7.715826241611161151e-01 4.833170954563539845e-02
1.884299628142029093e+01 5.704948575133810262e-01 4.006275097837549287e-02
2.146754074702852577e+01 4.239154927454382715e-01 3.414189234192060995e-02
2.445764457215044274e+01 3.033004280639224337e-01 2.962489047537531645e-02
2.786422464810916466e+01 2.538155481832085059e-01 2.711412178462852332e-02
3.174528981929791982e+01 1.741017754362428338e-01 2.449966568373937795e-02
3.616692868500850011e+01 1.296006859520231203e-01 2.288815243086265647e-02
4.120443498711833286e+01 9.380668702105987578e-02 2.167793195305181553e-02
4.694358974726586098e+01 6.267462626324404873e-02 2.072348337876068342e-02
