1.069642439726958605e+00 -1.345966396734724402e+00 nan
1.218627458003121777e+00 -7.687362940440474190e-01 6.180620017449481862e-01
1.388363836590320144e+00 -8.566650064631660122e-01 4.129446140125043185e-01
1.581741926207981042e+00 -1.291508178014454611e+00 nan
1.802054659727066133e+00 -7.660106550102812051e-01 3.532449804248770642e-01
2.053053625776520175e+00 1.293555826225387451e+00 9.073718559608969780e-01
2.339012952555230562e+00 2.746631601022063052e+00 9.511061076963004401e-01
2.664802089693036891e+00 5.424305888716378199e+00 1.038332555364841481e+00
3.035968727524477995e+00 8.319415626330782132e+00 1.039475905033695691e+00
3.458833265763586962e+00 9.134626519008179457e+00 8.997466395227377012e-01
3.940596440236666886e+00 8.130214047461258531e+00 7.066767626840280148e-01
4.489461940391565875e+00 7.478056460758696566e+00 5.652296207367362157e-01
5.114776105571953835e+00 6.374830238545755812e+00 4.381335950539270163e-01
5.827187078870319503e+00 5.181646553774919006e+00 3.338595877504870746e-01
6.638826128706195817e+00 3.968009577167410207e+00 2.487005054252104386e-01
7.563514225758552811e+00 3.282668197444889469e+00 1.936404114951481847e-01
8.616997392941321721e+00 2.574360999563518604e+00 1.483922034591119432e-01
9.817214836071872952e+00 1.958206655408133434e+00 1.134803308571445540e-01
1.118460442108735009e+01 1.642116968483432693e+00 9.152202655500883688e-02
1.274245069961824761e+01 1.234196432547200351e+00 7.166118929895277934e-02
1.451728140926205768e+01 1.009926147832065579e+00 5.897501651331565203e-02
1.653931920034971981e+01 7.629821060754138351e-01 4.809859798138834547e-02
1.884299628142029093e+01 5.674665670530367745e-01 3.995539249196881221e-02
2.146754074702852577e+01 4.416971225737902351e-01 3.444623418761958572e-02
2.445764457215044274e+01 3.514844139982367111e-01 3.051194478787917774e-02
2.786422464810916466e+01 2.597716187523650966e-01 2.719912647471143738e-02
3.174528981929791982e+01 1.857826208435562343e-01 2.469583889913212413e-02
3.616692868500850011e+01 1.373661537516412956e-01 2.301264792637600087e-02
4.120443498711833286e+01 8.883013672213202483e-02 2.156491470853622722e-02
4.694358974726586098e+01 5.874834230172654159e-02 2.063159509193477834e-02
