1.069642439726958605e+00 -5.928262220871858279e-01 6.594895641442207967e+00
1.218627458003121777e+00 -9.546692207703357802e-01 1.672192060800218760e+00
1.388363836590320144e+00 -4.078326254274535767e-01 5.129281637691208928e+00
1.581741926207981042e+00 -1.580882352941176183e+00 nan
1.802054659727066133e+00 -1.227046835324308915e+00 nan
2.053053625776520175e+00 -8.201110403483367062e-01 1.551218867967585791e+00
2.339012952555230562e+00 -1.239949104293605497e+00 nan
2.664802089693036891e+00 -1.016958686271201895e+00 nan
3.035968727524477995e+00 -1.172580449636444477e+00 nan
3.458833265763586962e+00 2.707072377860149093e+00 3.255091231512772243e+00
3.940596440236666886e+00 7.934346058422420356e+00 4.165547792953288031e+00
4.489461940391565875e+00 1.322830979252663042e+01 4.344716028039748323e+00
5.114776105571953835e+00 1.395932965267578041e+01 3.684460926702727956e+00
5.827187078870319503e+00 1.055250227229254634e+01 2.670068311956004248e+00
6.638826128706195817e+00 9.743309365203433714e+00 2.131423828602402981e+00
7.563514225758552811e+00 7.636467310715556067e+00 1.580817094931711297e+00
8.616997392941321721e+00 5.850373337126873352e+00 1.164346647574002303e+00
9.817214836071872952e+00 4.894242288920121808e+00 8.967521076562962046e-01
1.118460442108735009e+01 3.784462946564374874e+00 6.706888485530960731e-01
1.274245069961824761e+01 2.819588108140698601e+00 4.972683447771401033e-01
1.451728140926205768e+01 2.368661311236407663e+00 3.914891732332936858e-01
1.653931920034971981e+01 1.795926489212042121e+00 2.985937970129213803e-01
1.884299628142029093e+01 1.083462538646534634e+00 2.138630099237740501e-01
2.146754074702852577e+01 8.550632052886153467e-01 1.712667155608043890e-01
2.445764457215044274e+01 5.559091122125794371e-01 1.328465696591032696e-01
2.786422464810916466e+01 4.219122215733905890e-01 1.096977468497886132e-01
3.174528981929791982e+01 3.586298736685944455e-01 9.451016263178373122e-02
3.616692868500850011e+01 2.674004115746964061e-01 8.113829862108536128e-02
4.120443498711833286e+01 2.019348376715865978e-01 7.148868794392508608e-02
4.694358974726586098e+01 1.074043524124599358e-01 6.232494879421672518e-02
