1.069642439726958605e+00 -9.854634958500843034e-01 2.036891086613012158e-01
1.218627458003121777e+00 -9.172475290272974480e-01 3.693216033427973999e-01
1.388363836590320144e+00 -9.359395998154329543e-01 2.757707576274665007e-01
1.581741926207981042e+00 -9.659303481132903713e-01 1.637647951146807002e-01
1.802054659727066133e+00 -6.901329199498065226e-01 4.060872436480290060e-01
2.053053625776520175e+00 4.681890376208679427e-01 7.249188043092587019e-01
2.339012952555230562e+00 2.404233656584294110e+00 9.054279840850649741e-01
2.664802089693036891e+00 3.507880104125107312e+00 8.671257378629120272e-01
3.035968727524477995e+00 8.109406895886385414e+00 1.026304137971873587e+00
3.458833265763586962e+00 9.052907420130619442e+00 8.950289274612317492e-01
3.940596440236666886e+00 9.050122796547910298e+00 7.428514520019655620e-01
4.489461940391565875e+00 7.230923329035393365e+00 5.557261175057467417e-01
5.114776105571953835e+00 6.131482191021984107e+00 4.297059015656712333e-01
5.827187078870319503e+00 4.863435125346804000e+00 3.238226066598758890e-01
6.638826128706195817e+00 4.160281695734814988e+00 2.539056250074545051e-01
7.563514225758552811e+00 3.343648568652004549e+00 1.950648490024017578e-01
8.616997392941321721e+00 2.614026116413210143e+00 1.492408233407703511e-01
9.817214836071872952e+00 2.023482834598448576e+00 1.149207904588114421e-01
1.118460442108735009e+01 1.669528581900370012e+00 9.205244172162690974e-02
1.274245069961824761e+01 1.316722289816742997e+00 7.336743824479036169e-02
1.451728140926205768e+01 9.646001425709604948e-01 5.798872758469664213e-02
1.653931920034971981e+01 7.599578846783789920e-01 4.799924087459780941e-02
1.884299628142029093e+01 5.910771071896150364e-01 4.038772491863999031e-02
2.146754074702852577e+01 4.390976102451300545e-01 3.437100469343030984e-02
2.445764457215044274e+01 3.433964092622276976e-01 3.033677510684681597e-02
2.786422464810916466e+01 2.440450328755663367e-01 2.688376397698154230e-02
3.174528981929791982e+01 1.889413552289034293e-01 2.473985489173862601e-02
3.616692868500850011e+01 1.344811813236461706e-01 2.294462525397582969e-02
4.120443498711833286e+01 9.464432656483068307e-02 2.166143157949261544e-02
4.694358974726586098e+01 6.256891381028961696e-02 2.069152678052724875e-02
