1.069642439726958605e+00 -2.047576991014515180e+00 nan
1.218627458003121777e+00 -7.599512141035591473e-01 1.178218675164512597e+01
1.388363836590320144e+00 -2.295730782130935843e+00 nan
1.581741926207981042e+00 -6.810344827586207739e-01 9.385816657050305878e+00
1.802054659727066133e+00 -1.954321261623703787e+00 nan
2.053053625776520175e+00 -1.366153905337109897e+00 nan
2.339012952555230562e+00 -1.200432646429216543e+00 nan
2.664802089693036891e+00 -1.011129708787068537e+00 nan
3.035968727524477995e+00 -1.088919108615546527e+00 nan
3.458833265763586962e+00 -1.081839299053115155e+00 nan
3.940596440236666886e+00 5.198769681730345482e+00 1.058317013272884388e+01
4.489461940391565875e+00 7.111450825933291142e+00 9.949822512579249434e+00
5.114776105571953835e+00 7.273600117385210062e+00 8.267332605256731526e+00
5.827187078870319503e+00 2.309303315579452942e+01 1.173049280813311057e+01
6.638826128706195817e+00 1.898311950874276732e+01 8.804830122394369241e+00
7.563514225758552811e+00 5.794036314546742616e+00 4.189633492961058359e+00
8.616997392941321721e+00 1.104385583027942097e+01 4.651732622609810797e+00
9.817214836071872952e+00 5.908189054108351712e+00 2.886239511240182409e+00
1.118460442108735009e+01 4.188111903714610840e+00 2.061648665027726146e+00
1.274245069961824761e+01 6.278442680444445756e+00 2.050915108387389552e+00
1.451728140926205768e+01 2.852616907413733749e+00 1.216435819339511060e+00
1.653931920034971981e+01 2.734945693268659550e+00 9.990814100085856353e-01
1.884299628142029093e+01 1.203390084249913228e+00 6.269129515046284462e-01
2.146754074702852577e+01 1.417109472246179669e+00 5.536157622042806592e-01
2.445764457215044274e+01 5.055497588103379236e-01 3.575850901685143080e-01
2.786422464810916466e+01 6.612153588385347724e-01 3.200233803842585378e-01
3.174528981929791982e+01 4.926312061624125160e-01 2.565953918614210516e-01
3.616692868500850011e+01 5.411306035533136605e-01 2.266308871756934629e-01
4.120443498711833286e+01 3.830168705981826793e-01 1.850881571831999584e-01
4.694358974726586098e+01 1.649608338970323107e-01 1.458545929982855427e-01
