1.069642439726958605e+00 -1.759077428898665474e-01 2.771060968621302578e+01
1.218627458003121777e+00 -6.976931722107722056e-01 1.275424250318475927e+01
1.388363836590320144e+00 -4.672975726471979563e-01 1.436855264842533764e+01
1.581741926207981042e+00 -2.729606652587117210e+00 nan
1.802054659727066133e+00 -9.729471409665564341e-01 2.167771946756594126e+00
2.053053625776520175e+00 -9.143141807971417734e-01 3.161991816017679646e+00
2.339012952555230562e+00 -1.171955251358657968e+00 nan
2.664802089693036891e+00 -7.017423340345196880e-01 4.010981276513991389e+00
3.035968727524477995e+00 -7.834119316955325818e-01 2.819623839105086738e+00
3.458833265763586962e+00 -1.196462743828396125e+00 nan
3.940596440236666886e+00 4.654544412310492874e+00 9.749663361029320185e+00
4.489461940391565875e+00 1.404241086230374158e+01 1.309639745756635243e+01
5.114776105571953835e+00 1.188639162635156588e+01 9.972738380640635114e+00
5.827187078870319503e+00 1.274441756590270103e+01 8.497979894917893517e+00
6.638826128706195817e+00 1.535471983123799333e+01 7.663886756743318429e+00
7.563514225758552811e+00 1.080584045417840677e+01 5.364140856706575811e+00
8.616997392941321721e+00 9.617291397036442646e+00 4.205023562582232977e+00
9.817214836071872952e+00 8.014377947951954795e+00 3.201369979650556363e+00
1.118460442108735009e+01 4.577887629603752728e+00 2.066957979143734470e+00
1.274245069961824761e+01 5.389799785666445686e+00 1.846740594885829978e+00
1.451728140926205768e+01 3.863478784556944934e+00 1.331714961982653600e+00
1.653931920034971981e+01 3.881951420204596381e+00 1.119629250491944727e+00
1.884299628142029093e+01 1.946349498850239446e+00 7.101641442145741889e-01
2.146754074702852577e+01 1.474576423471475994e+00 5.424083940214790012e-01
2.445764457215044274e+01 8.663211734340516834e-01 3.903649645159333326e-01
2.786422464810916466e+01 8.780709776919954912e-01 3.331896606738051769e-01
3.174528981929791982e+01 9.514695727233450917e-01 2.939782650202795722e-01
3.616692868500850011e+01 3.337919900465824430e-01 2.001755237781479013e-01
4.120443498711833286e+01 2.508673729350889836e-01 1.678420807960854522e-01
4.694358974726586098e+01 2.290190103396521071e-01 1.473195049032280379e-01
