1.069642439726958605e+00 -7.925705048560784949e-01 4.708772966068034194e+00
1.218627458003121777e+00 -8.403467676864690983e-01 3.139313059307188514e+00
1.388363836590320144e+00 -5.740228477100721705e-01 4.351921543902974143e+00
1.581741926207981042e+00 -1.252213378644249975e+00 nan
1.802054659727066133e+00 -8.936669661015084198e-01 1.455653559266557817e+00
2.053053625776520175e+00 -9.953557549522100700e-01 2.493317722075276688e-01
2.339012952555230562e+00 -7.892558955539057397e-01 1.375269224287590797e+00
2.664802089693036891e+00 -1.098387395744486739e+00 nan
3.035968727524477995e+00 -8.987456465720280452e-01 6.529779187602835488e-01
3.458833265763586962e+00 1.790164130796549014e+00 2.824022653098423152e+00
3.940596440236666886e+00 6.033615628227211758e+00 3.693417017612346864e+00
4.489461940391565875e+00 9.020497021552701611e+00 3.634969104284069719e+00
5.114776105571953835e+00 8.897515232578339095e+00 2.980026144622518913e+00
5.827187078870319503e+00 1.224128168127608873e+01 2.867955227195371215e+00
6.638826128706195817e+00 9.862874315137602821e+00 2.144647441532213872e+00
7.563514225758552811e+00 8.684149062319409751e+00 1.681026239140310352e+00
8.616997392941321721e+00 6.370801938016237287e+00 1.211583801348300016e+00
9.817214836071872952e+00 5.148225917882900404e+00 9.180086585457850612e-01
1.118460442108735009e+01 3.807975272249154663e+00 6.727425653733456468e-01
1.274245069961824761e+01 2.728243495322989709e+00 4.907067503090008498e-01
1.451728140926205768e+01 2.132130726985314251e+00 3.755078588215982061e-01
1.653931920034971981e+01 1.564572802258656026e+00 2.838314090821833502e-01
1.884299628142029093e+01 1.325352149751161779e+00 2.286647132367193025e-01
2.146754074702852577e+01 1.073883526591201898e+00 1.838118649349508305e-01
2.445764457215044274e+01 8.557048625411554088e-01 1.491831433813544383e-01
2.786422464810916466e+01 6.284775335685095499e-01 1.204650365497585834e-01
3.174528981929791982e+01 5.257289818268420234e-01 1.028762824678918913e-01
3.616692868500850011e+01 3.142966887278670907e-01 8.344410325840548315e-02
4.120443498711833286e+01 2.444688057992392416e-01 7.353729647044858486e-02
4.694358974726586098e+01 1.626892661466459167e-01 6.494776845434264978e-02
