1.069642439726958605e+00 -1.118320196476024542e+00 nan
1.218627458003121777e+00 -8.067390304012378444e-01 5.651159767747346852e-01
1.388363836590320144e+00 -1.263697627710289151e+00 nan
1.581741926207981042e+00 -9.773924495171204541e-01 1.335698774812789646e-01
1.802054659727066133e+00 -9.121466466171046505e-01 2.164836961668433757e-01
2.053053625776520175e+00 -1.228511596403327744e-01 5.608609105297934772e-01
2.339012952555230562e+00 1.680709954767593217e+00 8.040541864930311755e-01
2.664802089693036891e+00 6.088957077952267483e+00 1.091703218082849647e+00
3.035968727524477995e+00 8.426210963036121271e+00 1.045795028632272583e+00
3.458833265763586962e+00 9.021792000828526170e+00 8.946812307442199019e-01
3.940596440236666886e+00 8.693137294936381210e+00 7.295952166290894381e-01
4.489461940391565875e+00 7.641365519209849744e+00 5.711938155603285550e-01
5.114776105571953835e+00 6.860851811088373609e+00 4.539087989256519462e-01
5.827187078870319503e+00 4.975146671006609012e+00 3.276384702895870915e-01
6.638826128706195817e+00 4.111131703344003796e+00 2.528140896419399652e-01
7.563514225758552811e+00 3.329278896310658986e+00 1.949096450619707821e-01
8.616997392941321721e+00 2.600538836692733557e+00 1.490730744116239848e-01
9.817214836071872952e+00 2.101561705938309377e+00 1.168882482283498947e-01
1.118460442108735009e+01 1.571401395931989020e+00 8.995045932365575148e-02
1.274245069961824761e+01 1.251816685365713777e+00 7.205219980142731073e-02
1.451728140926205768e+01 1.033021242011632257e+00 5.946136485886826389e-02
1.653931920034971981e+01 7.436564335174100648e-01 4.771789404758162295e-02
1.884299628142029093e+01 5.744155667321397818e-01 4.009778672332760946e-02
2.146754074702852577e+01 4.654705079472050144e-01 3.490968645103544044e-02
2.445764457215044274e+01 3.380259680764976515e-01 3.025940124500884482e-02
2.786422464810916466e+01 2.361992704144135757e-01 2.675633798071523975e-02
3.174528981929791982e+01 1.643976290106436977e-01 2.429581919196905151e-02
3.616692868500850011e+01 1.356803048427319691e-01 2.298365451074969867e-02
4.120443498711833286e+01 8.840103576822766485e-02 2.155930152469090477e-02
4.694358974726586098e+01 6.562294385921751960e-02 2.076279548923356047e-02
