1.069642439726958605e+00 -1.389666593383484638e+00 nan
1.218627458003121777e+00 -6.100154561638353456e-01 4.905615761351688420e+00
1.388363836590320144e+00 -1.733340274368001754e+00 nan
1.581741926207981042e+00 -5.927440987124465988e-01 3.464415852046272004e+00
1.802054659727066133e+00 -1.041824666929802579e+00 nan
2.053053625776520175e+00 -1.344123744720479685e+00 nan
2.339012952555230562e+00 -1.257068694807091713e+00 nan
2.664802089693036891e+00 -8.674613621857787393e-01 9.054519794254489717e-01
3.035968727524477995e+00 -1.000386592746111081e+00 nan
3.458833265763586962e+00 2.713371338276416633e+00 3.258445076376940808e+00
3.940596440236666886e+00 5.469104124630952413e+00 3.540364707815829792e+00
4.489461940391565875e+00 9.743962662383506057e+00 3.765450133306038172e+00
5.114776105571953835e+00 1.357122690220153416e+01 3.635322387193744564e+00
5.827187078870319503e+00 1.149212164308349315e+01 2.781548532525675022e+00
6.638826128706195817e+00 8.896307559438906054e+00 2.041633882882429418e+00
7.563514225758552811e+00 8.168420661437723496e+00 1.632265085436467311e+00
8.616997392941321721e+00 6.381546403387797106e+00 1.212328514046123074e+00
9.817214836071872952e+00 4.079189599431535918e+00 8.272349205233839875e-01
1.118460442108735009e+01 3.703491957616656727e+00 6.644871098789837394e-01
1.274245069961824761e+01 2.994397884727456827e+00 5.100763203149504266e-01
1.451728140926205768e+01 1.891618668364173139e+00 3.586683366157886743e-01
1.653931920034971981e+01 1.494219570616032833e+00 2.791919675959088631e-01
1.884299628142029093e+01 1.388579347188227064e+00 2.324140180654476195e-01
2.146754074702852577e+01 8.191243485127885915e-01 1.692120614875320117e-01
2.445764457215044274e+01 7.606232864516866421e-01 1.440477634214707148e-01
2.786422464810916466e+01 4.983917438022298363e-01 1.137122354399099089e-01
3.174528981929791982e+01 3.506992856344022247e-01 9.412500961918394971e-02
3.616692868500850011e+01 2.979848596333882771e-01 8.263934833599824448e-02
4.120443498711833286e+01 1.616637063106287631e-01 6.957184031449618888e-02
4.694358974726586098e+01 1.355323260016574327e-01 6.365961089238519888e-02
