1.069642439726958605e+00 -1.049312579083347075e+00 nan
1.218627458003121777e+00 -6.272596186644132654e-01 4.745504230423526204e-01
1.388363836590320144e+00 -1.166223952823791432e+00 nan
1.581741926207981042e+00 -3.175465555495411429e-01 4.438326543011267278e-01
1.802054659727066133e+00 8.878494204207691975e-01 6.073753451615004906e-01
2.053053625776520175e+00 2.489502530591872542e+00 6.780045533838841010e-01
2.339012952555230562e+00 4.722141435763679951e+00 7.137861885257081873e-01
2.664802089693036891e+00 7.344101520423813589e+00 7.211412889914922131e-01
3.035968727524477995e+00 8.545980722913759209e+00 6.424273109930236370e-01
3.458833265763586962e+00 8.826812208722959241e+00 5.429564154194572723e-01
3.940596440236666886e+00 7.271795456382120548e+00 4.126783354132307347e-01
4.489461940391565875e+00 6.087067954180126250e+00 3.172145114162076007e-01
5.114776105571953835e+00 5.012035693701415440e+00 2.433406119946591728e-01
5.827187078870319503e+00 4.094936332219560882e+00 1.872611934894976848e-01
6.638826128706195817e+00 3.153415746113946483e+00 1.411578778032351877e-01
7.563514225758552811e+00 2.628073341541869112e+00 1.114335197771483127e-01
8.616997392941321721e+00 1.984587157202556185e+00 8.512505380300451618e-02
9.817214836071872952e+00 1.571704994285329171e+00 6.724515990167434509e-02
1.118460442108735009e+01 1.321728201223413723e+00 5.521672109183519556e-02
1.274245069961824761e+01 9.955893153540071872e-01 4.416630618907135819e-02
1.451728140926205768e+01 7.708477731751088857e-01 3.646304441093260046e-02
1.653931920034971981e+01 6.075030823156968296e-01 3.092368064278358877e-02
1.884299628142029093e+01 4.741366730055378564e-01 2.671735701575733354e-02
2.146754074702852577e+01 3.524415905458739839e-01 2.334740820194238647e-02
2.445764457215044274e+01 2.580836513201634208e-01 2.084962254140011045e-02
2.786422464810916466e+01 1.979131021493285569e-01 1.918854324201468148e-02
3.174528981929791982e+01 1.380541421653846967e-01 1.777079269812829529e-02
3.616692868500850011e+01 9.462165158323965208e-02 1.676183366408883282e-02
4.120443498711833286e+01 6.148122210411832711e-02 1.602018977106736686e-02
4.694358974726586098e+01 3.809488759022849891e-02 1.550263825550746329e-02
