1.069642439726958605e+00 -1.056938108649245756e+00 nan
1.218627458003121777e+00 -9.923055953244375171e-01 4.504297439886803534e-02
1.388363836590320144e+00 -6.811713511572279334e-01 2.460975790927518725e-01
1.581741926207981042e+00 5.940679210795225540e-01 4.484358745528084222e-01
1.802054659727066133e+00 2.849990302935436759e+00 5.742736091506291940e-01
2.053053625776520175e+00 4.418390543232521672e+00 5.602952510536339803e-01
2.339012952555230562e+00 7.040337775322525360e+00 5.632842030614315654e-01
2.664802089693036891e+00 7.672441176104181082e+00 4.896648683837023230e-01
3.035968727524477995e+00 7.971917759854517449e+00 4.155320207911551433e-01
3.458833265763586962e+00 7.550773112515791752e+00 3.382875792724861497e-01
3.940596440236666886e+00 6.113605082306401428e+00 2.560722698396201147e-01
4.489461940391565875e+00 5.246074867435561728e+00 2.002005713687325661e-01
5.114776105571953835e+00 4.062736985161759407e+00 1.501339757243867201e-01
5.827187078870319503e+00 3.373295688254553060e+00 1.172873331944049718e-01
6.638826128706195817e+00 2.688942982030767315e+00 9.062955828197497010e-02
7.563514225758552811e+00 2.147757201147685979e+00 7.095129491944833500e-02
8.616997392941321721e+00 1.702621482889239424e+00 5.604639066614058168e-02
9.817214836071872952e+00 1.424614413960882731e+00 4.590947951749375228e-02
1.118460442108735009e+01 1.090307147502246554e+00 3.689615379744618645e-02
1.274245069961824761e+01 8.678689854524093139e-01 3.067456367222997499e-02
1.451728140926205768e+01 6.750995475230487930e-01 2.583929145827801310e-02
1.653931920034971981e+01 5.312907365344221589e-01 2.232539235133932168e-02
1.884299628142029093e+01 4.088553429416879048e-01 1.958928599383836372e-02
2.146754074702852577e+01 2.964266423304855458e-01 1.735959276150177491e-02
2.445764457215044274e+01 2.265120396773268041e-01 1.590618953793737286e-02
2.786422464810916466e+01 1.650671704437369769e-01 1.474378081309345688e-02
3.174528981929791982e+01 1.181903748941988130e-01 1.388888509062684469e-02
3.616692868500850011e+01 8.685314888171657977e-02 1.331221977019322010e-02
4.120443498711833286e+01 5.834099579871798724e-02 1.283373627539789903e-02
4.694358974726586098e+01 3.345012305288852517e-02 1.244307739122130045e-02
