1.069642439726958605e+00 -1.709617586926432953e-01 2.767670841705250950e+01
1.218627458003121777e+00 -1.028663008307383553e+00 nan
1.388363836590320144e+00 -1.435209956706794632e+00 nan
1.581741926207981042e+00 -7.762223974763406975e-01 7.551468389659325986e+00
1.802054659727066133e+00 -1.292090185325500240e+00 nan
2.053053625776520175e+00 -1.859393579203302060e+00 nan
2.339012952555230562e+00 -7.204248352519533327e-01 4.657014934350655722e+00
2.664802089693036891e+00 -7.284763303231380771e-01 3.810895161897557060e+00
3.035968727524477995e+00 -1.052676032598558020e+00 nan
3.458833265763586962e+00 -1.515307835085504706e+00 nan
3.940596440236666886e+00 9.886312522471456532e+00 1.348440231959441604e+01
4.489461940391565875e+00 2.733799341963061735e+00 6.476952100578445837e+00
5.114776105571953835e+00 8.927359412809451555e+00 8.705906300416256016e+00
5.827187078870319503e+00 1.263403051693494561e+01 8.427908686341584854e+00
6.638826128706195817e+00 1.748792137403818359e+01 8.129915614887536890e+00
7.563514225758552811e+00 9.944608818710158005e+00 5.137600009063464590e+00
8.616997392941321721e+00 6.447274645870855636e+00 3.485947777853545038e+00
9.817214836071872952e+00 1.007239273488921860e+01 3.553774800935562972e+00
1.118460442108735009e+01 4.520544245422991381e+00 2.047366488283991703e+00
1.274245069961824761e+01 4.371518582760122840e+00 1.676093361574262586e+00
1.451728140926205768e+01 2.678802010548813506e+00 1.141572443351449140e+00
1.653931920034971981e+01 3.036975925720916791e+00 1.003442951348751278e+00
1.884299628142029093e+01 1.475190897448095395e+00 6.426213215044749294e-01
2.146754074702852577e+01 1.999747665219079984e+00 6.031477264072389044e-01
2.445764457215044274e+01 6.353496668326104047e-01 3.606976454462929027e-01
2.786422464810916466e+01 7.844041671464945242e-01 3.219120596014597990e-01
3.174528981929791982e+01 8.214564921441023237e-01 2.803362153838390713e-01
3.616692868500850011e+01 3.193708080103732083e-01 1.980678007829864695e-01
4.120443498711833286e+01 3.754189948867612259e-01 1.784444361635419973e-01
4.694358974726586098e+01 8.095021489295972650e-02 1.339906649250806603e-01
