1.069642439726958605e+00 -1.054728155291827729e+00 nan
1.218627458003121777e+00 -9.700509979673328509e-01 8.877004638117115543e-02
1.388363836590320144e+00 -6.368248076929670098e-01 2.623777955695352770e-01
1.581741926207981042e+00 2.516400538216128080e-01 3.968600916611182972e-01
1.802054659727066133e+00 2.416001989296879593e+00 5.401671342397255104e-01
2.053053625776520175e+00 4.457394763694198403e+00 5.617346478222818851e-01
2.339012952555230562e+00 6.318950271213664038e+00 5.361625323742569282e-01
2.664802089693036891e+00 8.434230677852941227e+00 5.111678688991810882e-01
3.035968727524477995e+00 8.036286219009136644e+00 4.166843884242367735e-01
3.458833265763586962e+00 7.273257598723840367e+00 3.319269316548005833e-01
3.940596440236666886e+00 6.244169046878955243e+00 2.584055640118638197e-01
4.489461940391565875e+00 5.130520256451474914e+00 1.978908144669598856e-01
5.114776105571953835e+00 4.242791086141100010e+00 1.530620738275482451e-01
5.827187078870319503e+00 3.455268160624318075e+00 1.184828301593328498e-01
6.638826128706195817e+00 2.684731265323045513e+00 9.047978201514383922e-02
7.563514225758552811e+00 2.173485471221663801e+00 7.125502627906271647e-02
8.616997392941321721e+00 1.714235070845956610e+00 5.615552402851220481e-02
9.817214836071872952e+00 1.399673119044367420e+00 4.554127684191086600e-02
1.118460442108735009e+01 1.063869252407882104e+00 3.652704038277270610e-02
1.274245069961824761e+01 8.475375990814926208e-01 3.039644464991003714e-02
1.451728140926205768e+01 6.827038330150299039e-01 2.591287477435894743e-02
1.653931920034971981e+01 4.976566343010524474e-01 2.190239288020824626e-02
1.884299628142029093e+01 3.861684054943170796e-01 1.930380412523730743e-02
2.146754074702852577e+01 2.889057809918034181e-01 1.725853180565559836e-02
2.445764457215044274e+01 2.288808454475497189e-01 1.592438271003279032e-02
2.786422464810916466e+01 1.642906907019636709e-01 1.472566473602542579e-02
3.174528981929791982e+01 1.219480037422406848e-01 1.392527857761999624e-02
3.616692868500850011e+01 7.746971336279129261e-02 1.319345895123038431e-02
4.120443498711833286e+01 5.085331338034326798e-02 1.273785982759086458e-02
4.694358974726586098e+01 3.432929881565471852e-02 1.244658457979578095e-02
