1.069642439726958605e+00 -2.452975604702957391e+00 nan
1.218627458003121777e+00 -3.293771031182233244e-01 1.859376913832485556e+01
1.388363836590320144e+00 -1.393679244266833539e+00 nan
1.581741926207981042e+00 -1.380813953488372103e+00 nan
1.802054659727066133e+00 -1.253000275188165702e+00 nan
2.053053625776520175e+00 -1.234089501318294424e+00 nan
2.339012952555230562e+00 -1.125934494094728233e+00 nan
2.664802089693036891e+00 -7.323121343089591395e-01 3.719333421485425006e+00
3.035968727524477995e+00 -9.269873947693803018e-01 1.602374721353439613e+00
3.458833265763586962e+00 -1.103852934083073389e+00 nan
3.940596440236666886e+00 -8.649017219121042377e-01 1.473534612771738805e+00
4.489461940391565875e+00 1.677080522829859888e+01 1.394500202578616488e+01
5.114776105571953835e+00 8.750172570822037699e+00 8.480655840622238983e+00
5.827187078870319503e+00 1.057547579785307512e+01 7.624575352759932478e+00
6.638826128706195817e+00 1.353008637823672622e+01 7.061207711111931573e+00
7.563514225758552811e+00 1.099360820506626268e+01 5.295118717371495087e+00
8.616997392941321721e+00 1.024917647841619228e+01 4.243659955787959071e+00
9.817214836071872952e+00 6.182935899388604994e+00 2.784056641728040571e+00
1.118460442108735009e+01 5.819605790821345437e+00 2.249854676546922061e+00
1.274245069961824761e+01 2.653143526529402330e+00 1.345028630760210397e+00
1.451728140926205768e+01 3.076176314072548656e+00 1.186061809972218439e+00
1.653931920034971981e+01 2.268907320622815860e+00 8.795301983591936601e-01
1.884299628142029093e+01 1.474933935863803836e+00 6.321360830245800200e-01
2.146754074702852577e+01 1.091540028694173436e+00 4.836840787042044898e-01
2.445764457215044274e+01 1.016201512057467671e+00 4.001089211772864140e-01
2.786422464810916466e+01 4.682758305765346574e-01 2.824587425103246008e-01
3.174528981929791982e+01 3.977267190168851663e-01 2.342279450335630342e-01
3.616692868500850011e+01 3.491424511767455829e-01 1.979812313607610674e-01
4.120443498711833286e+01 2.109689838435662157e-01 1.613323971714707705e-01
4.694358974726586098e+01 7.345866811460743939e-02 1.315252553843894168e-01
