1.069642439726958605e+00 -8.604896108524231479e-01 6.327975058083005200e-01
1.218627458003121777e+00 -7.152985843023447199e-01 6.869714280878792545e-01
1.388363836590320144e+00 -1.022843835362992060e+00 nan
1.581741926207981042e+00 -1.160506492364510311e+00 nan
1.802054659727066133e+00 -8.741433247307839327e-01 2.595157427016742124e-01
2.053053625776520175e+00 3.176271061745827851e-02 6.092774826536950794e-01
2.339012952555230562e+00 2.896230527687175815e+00 9.717151789476136114e-01
2.664802089693036891e+00 4.147082526466482122e+00 9.297836249813457021e-01
3.035968727524477995e+00 8.028785295361513974e+00 1.024462881931941016e+00
3.458833265763586962e+00 8.740421919661844896e+00 8.828266159807500735e-01
3.940596440236666886e+00 9.344950224638207459e+00 7.564308205507451754e-01
4.489461940391565875e+00 6.546394988333995357e+00 5.318502807910769903e-01
5.114776105571953835e+00 6.297389949714297330e+00 4.363278270688373262e-01
5.827187078870319503e+00 5.413863253528432118e+00 3.414027557204896146e-01
6.638826128706195817e+00 4.191235563423644450e+00 2.554413521529428910e-01
7.563514225758552811e+00 3.286788203283829812e+00 1.940609927354824404e-01
8.616997392941321721e+00 2.662831427375883742e+00 1.508330145766734742e-01
9.817214836071872952e+00 2.073489476587675462e+00 1.163861802444239313e-01
1.118460442108735009e+01 1.731553685763131067e+00 9.365773939221264111e-02
1.274245069961824761e+01 1.290362576698727448e+00 7.297286669954003435e-02
1.451728140926205768e+01 1.002668906985914266e+00 5.890749112403432380e-02
1.653931920034971981e+01 8.159889406865703521e-01 4.922702358672932654e-02
1.884299628142029093e+01 6.157530942813660424e-01 4.095461644607197027e-02
2.146754074702852577e+01 4.317814486376647665e-01 3.429665094135144615e-02
2.445764457215044274e+01 3.495073760385729589e-01 3.050939059257802913e-02
2.786422464810916466e+01 2.683989298205280427e-01 2.739236308081654733e-02
3.174528981929791982e+01 1.883081646655697661e-01 2.476931595328121100e-02
3.616692868500850011e+01 1.230065680194816213e-01 2.276564469528286755e-02
4.120443498711833286e+01 9.072183224287444503e-02 2.162139221115179713e-02
4.694358974726586098e+01 5.195040043145215947e-02 2.052350689083328600e-02
