1.069642439726958605e+00 -1.317553865799591328e+00 nan
1.218627458003121777e+00 3.308156361774813314e-01 2.637043171740042169e+01
1.388363836590320144e+00 -1.409869582547513822e+00 nan
1.581741926207981042e+00 -4.381503642039541457e-01 1.184106982963688637e+01
1.802054659727066133e+00 -5.121593938567814419e-01 9.071406053653353396e+00
2.053053625776520175e+00 -1.684529519769112582e+00 nan
2.339012952555230562e+00 -1.140313863721799326e+00 nan
2.664802089693036891e+00 -1.280653472268198811e+00 nan
3.035968727524477995e+00 -1.122611352302893994e+00 nan
3.458833265763586962e+00 -8.861760565294332093e-01 1.657796997094278524e+00
3.940596440236666886e+00 -1.013113864483422333e+00 nan
4.489461940391565875e+00 6.273878948287867630e+00 8.955188322206357299e+00
5.114776105571953835e+00 1.613715375269011432e+01 1.135388479944298368e+01
5.827187078870319503e+00 1.412505706058783517e+01 8.793173726245203881e+00
6.638826128706195817e+00 1.371131894917831850e+01 7.153710362933645150e+00
7.563514225758552811e+00 1.039783687348765184e+01 5.192215023759805703e+00
8.616997392941321721e+00 1.043792189769072998e+01 4.308997052554677687e+00
9.817214836071872952e+00 4.617725218678148558e+00 2.467322662316055126e+00
1.118460442108735009e+01 5.385352544342470793e+00 2.187399746441849313e+00
1.274245069961824761e+01 4.606150148500873343e+00 1.697484198826494373e+00
1.451728140926205768e+01 2.536631974076658302e+00 1.106610609349245378e+00
1.653931920034971981e+01 2.853396930290439393e+00 9.684011844337419017e-01
1.884299628142029093e+01 2.153113741792096469e+00 7.273418716762483083e-01
2.146754074702852577e+01 1.682989941624355001e+00 5.602250966350621475e-01
2.445764457215044274e+01 1.237784631328756380e+00 4.277832630305735129e-01
2.786422464810916466e+01 8.987394465081870454e-01 3.309976335229399269e-01
3.174528981929791982e+01 3.693997028514066638e-01 2.327177697317847349e-01
3.616692868500850011e+01 4.002312671548116096e-01 2.039607436920501671e-01
4.120443498711833286e+01 4.025916130379920688e-01 1.793387879245351701e-01
4.694358974726586098e+01 1.867250895109555664e-01 1.420184534047704006e-01
