1.069642439726958605e+00 -1.552892115456821820e+00 nan
1.218627458003121777e+00 -1.135808183064271670e+00 nan
1.388363836590320144e+00 -5.927492725893186432e-01 6.992170634980046096e-01
1.581741926207981042e+00 -9.407440336233248157e-01 2.171755694286872929e-01
1.802054659727066133e+00 -1.192156360284637451e-01 6.885781588425883282e-01
2.053053625776520175e+00 -3.229113588140819502e-02 5.916554902503691205e-01
2.339012952555230562e+00 2.794418152243197895e+00 9.614780904329620626e-01
2.664802089693036891e+00 5.080436871830956491e+00 1.014309978571811266e+00
3.035968727524477995e+00 6.787337458600820383e+00 9.522046747945546175e-01
3.458833265763586962e+00 8.518514202698428406e+00 8.746209631669263906e-01
3.940596440236666886e+00 8.804594043240856038e+00 7.370905057018457551e-01
4.489461940391565875e+00 8.028500409394496273e+00 5.873035545375143718e-01
5.114776105571953835e+00 6.085247068136701465e+00 4.304408214192028126e-01
5.827187078870319503e+00 4.985409670891876921e+00 3.292775916642988188e-01
6.638826128706195817e+00 4.392860618940879647e+00 2.617482582661780355e-01
7.563514225758552811e+00 3.192837417360347985e+00 1.920408469424554343e-01
8.616997392941321721e+00 2.586543437369736242e+00 1.492968256128211213e-01
9.817214836071872952e+00 2.098378518652493696e+00 1.172527492668467147e-01
1.118460442108735009e+01 1.597173683855695581e+00 9.086234570986430337e-02
1.274245069961824761e+01 1.324633759604798122e+00 7.387334608553938753e-02
1.451728140926205768e+01 9.990363536884687701e-01 5.896049025463076521e-02
1.653931920034971981e+01 7.633739254138787178e-01 4.827173714621790790e-02
1.884299628142029093e+01 5.767270239405808407e-01 4.026872408336253095e-02
2.146754074702852577e+01 4.562305340346104465e-01 3.483449740012044271e-02
2.445764457215044274e+01 3.244288082134905160e-01 3.008468329423311452e-02
2.786422464810916466e+01 2.489346213914400696e-01 2.706973655111403684e-02
3.174528981929791982e+01 1.779695895096340408e-01 2.461434215773426748e-02
3.616692868500850011e+01 1.351973732745945789e-01 2.303086115888183447e-02
4.120443498711833286e+01 9.657161128327573785e-02 2.176405365815627449e-02
4.694358974726586098e+01 6.442511131345596276e-02 2.078812785977778715e-02
