1.069642439726958605e+00 -1.294563884262606379e+00 nan
1.218627458003121777e+00 -1.120147516982966440e+00 nan
1.388363836590320144e+00 -1.276891202721670560e+00 nan
1.581741926207981042e+00 -1.205890144825150223e+00 nan
1.802054659727066133e+00 -9.528031486994863464e-01 1.595954791221327052e-01
2.053053625776520175e+00 1.833484627939345302e+00 1.014880662252698462e+00
2.339012952555230562e+00 1.617954751957629167e+00 7.991728669125990336e-01
2.664802089693036891e+00 6.301233714327693747e+00 1.114583282768994987e+00
3.035968727524477995e+00 8.325464576640996484e+00 1.046008893416750851e+00
3.458833265763586962e+00 9.121125299024274824e+00 9.044254524191298605e-01
3.940596440236666886e+00 8.618849718534086435e+00 7.307261188210003588e-01
4.489461940391565875e+00 7.700975653937182308e+00 5.765258008323519423e-01
5.114776105571953835e+00 6.176093290490058507e+00 4.340882894888654642e-01
5.827187078870319503e+00 5.019197506051194857e+00 3.307902708592628804e-01
6.638826128706195817e+00 4.018553575788025967e+00 2.515432930643333731e-01
7.563514225758552811e+00 3.168589573215283117e+00 1.916600818626354730e-01
8.616997392941321721e+00 2.638878335140002918e+00 1.508121020977519211e-01
9.817214836071872952e+00 2.054106535210302731e+00 1.163632410800448241e-01
1.118460442108735009e+01 1.616995649683100167e+00 9.142818019398200879e-02
1.274245069961824761e+01 1.265138014307327863e+00 7.268728184375344847e-02
1.451728140926205768e+01 1.020714768787720494e+00 5.948187890970071945e-02
1.653931920034971981e+01 7.590652951492009581e-01 4.824141628478315069e-02
1.884299628142029093e+01 5.604994322062801793e-01 3.999403236067458622e-02
2.146754074702852577e+01 4.490170498422332290e-01 3.473179462059682032e-02
2.445764457215044274e+01 3.207971997429714950e-01 3.004549185454849849e-02
2.786422464810916466e+01 2.305927804270238024e-01 2.674728551101210328e-02
3.174528981929791982e+01 1.760764155352203542e-01 2.460101215211738662e-02
3.616692868500850011e+01 1.346433966065287979e-01 2.304056251345492495e-02
4.120443498711833286e+01 8.244337053179306984e-02 2.151650393461463154e-02
4.694358974726586098e+01 6.260626801947632991e-02 2.077102028771203243e-02
