1.069642439726958605e+00 -9.738671059312757894e-01 2.715112648422693398e-01
1.218627458003121777e+00 -9.434230853105658454e-01 3.035908156549563808e-01
1.388363836590320144e+00 -9.380914297161340176e-01 2.695160462928252731e-01
1.581741926207981042e+00 -1.115087609693729220e+00 nan
1.802054659727066133e+00 -6.039004207068956465e-01 4.564597180538000343e-01
2.053053625776520175e+00 3.947989522985946298e-01 7.024190410605449797e-01
2.339012952555230562e+00 2.550277030447077209e+00 9.193568137616654479e-01
2.664802089693036891e+00 5.852287039955680115e+00 1.065505748682517906e+00
3.035968727524477995e+00 7.650964478633575538e+00 9.936892682422938661e-01
3.458833265763586962e+00 8.950900770136716034e+00 8.851905553298817786e-01
3.940596440236666886e+00 8.778809532658133463e+00 7.279782420227943751e-01
4.489461940391565875e+00 7.293035845856516985e+00 5.548481382424560460e-01
5.114776105571953835e+00 6.541253137242788895e+00 4.406469388725093306e-01
5.827187078870319503e+00 5.195685439850795007e+00 3.321208123846598470e-01
6.638826128706195817e+00 4.091156745091723224e+00 2.505882038108208643e-01
7.563514225758552811e+00 3.426554350104172197e+00 1.961938610896425961e-01
8.616997392941321721e+00 2.577028324715855412e+00 1.475405995906981793e-01
9.817214836071872952e+00 2.109999489507851322e+00 1.163591268404213508e-01
1.118460442108735009e+01 1.601196340463221013e+00 9.007077874370705839e-02
1.274245069961824761e+01 1.309465654846064586e+00 7.285928239537324547e-02
1.451728140926205768e+01 9.654412775939951175e-01 5.773551490098268596e-02
1.653931920034971981e+01 7.803045248051216909e-01 4.819159590908472096e-02
1.884299628142029093e+01 6.026671187814600650e-01 4.044234928043181909e-02
2.146754074702852577e+01 4.815638127113095468e-01 3.504771065725460766e-02
2.445764457215044274e+01 3.677352822766069007e-01 3.068273466612742376e-02
2.786422464810916466e+01 2.819949267683696803e-01 2.750130969421568303e-02
3.174528981929791982e+01 2.079589689108807260e-01 2.501085997202486672e-02
3.616692868500850011e+01 1.462706936548432424e-01 2.308878509883157543e-02
4.120443498711833286e+01 1.037273615330995824e-01 2.176136421033992088e-02
4.694358974726586098e+01 7.190981253913242277e-02 2.080104646025867851e-02
