1.069642439726958605e+00 -5.409958638243716145e+00 nan
1.218627458003121777e+00 -1.019108865411116227e+00 nan
1.388363836590320144e+00 -1.908489380003970393e+00 nan
1.581741926207981042e+00 -1.089285714285714413e+00 nan
1.802054659727066133e+00 -1.824460986387497208e+00 nan
2.053053625776520175e+00 -1.699982070641671950e+00 nan
2.339012952555230562e+00 -7.612458596003850442e-01 4.283338318300487835e+00
2.664802089693036891e+00 -6.528717849545544460e-01 4.288637887087650924e+00
3.035968727524477995e+00 -1.043008798536084303e+00 nan
3.458833265763586962e+00 -9.436815227680828144e-01 1.172816551537522622e+00
3.940596440236666886e+00 4.331423207578089851e+00 9.382274380539119107e+00
4.489461940391565875e+00 6.608267028249508179e+00 9.212206579644659499e+00
5.114776105571953835e+00 8.818797546992179548e+00 8.617165155477248817e+00
5.827187078870319503e+00 9.283336170482265004e+00 7.270326549796063631e+00
6.638826128706195817e+00 1.503546056643973472e+01 7.520026353228785432e+00
7.563514225758552811e+00 8.335163946276319180e+00 4.712804530192673091e+00
8.616997392941321721e+00 1.157973780207293402e+01 4.554318469466765329e+00
9.817214836071872952e+00 7.366416872175861386e+00 3.051839712869595544e+00
1.118460442108735009e+01 3.781736776814521139e+00 1.890822224986599576e+00
1.274245069961824761e+01 6.236367370240838426e+00 1.958294136239620231e+00
1.451728140926205768e+01 3.160894074680785426e+00 1.213737911975331540e+00
1.653931920034971981e+01 2.419012223448148369e+00 9.120808744124567768e-01
1.884299628142029093e+01 1.583131725654871147e+00 6.548742147578030526e-01
2.146754074702852577e+01 1.262875085924605401e+00 5.114445228486421691e-01
2.445764457215044274e+01 1.405971298946806058e+00 4.487434958693651277e-01
2.786422464810916466e+01 5.474860455634025236e-01 2.946241412822358519e-01
3.174528981929791982e+01 6.950812847300402719e-01 2.668231348658829383e-01
3.616692868500850011e+01 4.877330493915505993e-01 2.131951243469784596e-01
4.120443498711833286e+01 2.914297856041385693e-01 1.702598148667306410e-01
4.694358974726586098e+01 1.214141119057665641e-01 1.370083993530529787e-01
