1.069642439726958605e+00 -2.529586790861184209e+00 nan
1.218627458003121777e+00 -1.717743998450884213e+00 nan
1.388363836590320144e+00 -7.127514719278529309e-01 1.055669905700322708e+01
1.581741926207981042e+00 -1.356973058637083174e-01 1.491145070496350122e+01
1.802054659727066133e+00 -7.546572213373987648e-01 6.531678441484090492e+00
2.053053625776520175e+00 -6.943263510074586531e-01 5.975404074147358635e+00
2.339012952555230562e+00 -9.261591340928136962e-01 2.404714535066687642e+00
2.664802089693036891e+00 -8.388526038638621785e-01 2.949798805165961380e+00
3.035968727524477995e+00 -1.131955476938846239e+00 nan
3.458833265763586962e+00 -1.244714974205609170e+00 nan
3.940596440236666886e+00 4.468804075669650544e+00 9.592923389951307556e+00
4.489461940391565875e+00 2.645690736830743184e+00 6.430321739881526888e+00
5.114776105571953835e+00 3.994240853727524687e+00 6.191573134896228403e+00
5.827187078870319503e+00 1.440380356700618059e+01 9.010064159777952497e+00
6.638826128706195817e+00 9.556323062401723689e+00 6.128841328546072553e+00
7.563514225758552811e+00 1.001999583070322686e+01 5.179937397972722124e+00
8.616997392941321721e+00 1.128079081782164828e+01 4.539089165450746144e+00
9.817214836071872952e+00 8.723714582597111189e+00 3.333220089965106325e+00
1.118460442108735009e+01 5.321489546472506937e+00 2.208317570992540446e+00
1.274245069961824761e+01 3.735283306730350805e+00 1.574892179701787187e+00
1.451728140926205768e+01 3.540979800729965543e+00 1.283845251650813424e+00
1.653931920034971981e+01 2.061134744557534759e+00 8.668765336776518282e-01
1.884299628142029093e+01 1.895690617474451223e+00 7.037237988098254959e-01
2.146754074702852577e+01 1.690340872937194261e+00 5.690826385098433082e-01
2.445764457215044274e+01 1.010231071184058749e+00 4.075902634252707157e-01
2.786422464810916466e+01 6.306278752931426812e-01 3.064678006711225033e-01
3.174528981929791982e+01 4.355020191517926520e-01 2.427664548874341188e-01
3.616692868500850011e+01 3.739407724709398195e-01 2.041165762860601418e-01
4.120443498711833286e+01 2.567287085371168232e-01 1.684467704562347123e-01
4.694358974726586098e+01 -1.004173389003559791e-02 1.264740438022783353e-01
