1.069642439726958605e+00 -1.272621699013681162e+00 nan
1.218627458003121777e+00 -1.952946715663757438e+00 nan
1.388363836590320144e+00 -4.178885727519354720e-01 1.451423118413708835e+01
1.581741926207981042e+00 -8.803571428571428381e-01 5.358176423867681670e+00
1.802054659727066133e+00 -1.012428452801091172e+00 nan
2.053053625776520175e+00 -1.063297109389007566e+00 nan
2.339012952555230562e+00 -1.575822069665562708e+00 nan
2.664802089693036891e+00 -1.104881620023758781e+00 nan
3.035968727524477995e+00 -1.059077407063896192e+00 nan
3.458833265763586962e+00 -1.228625234005883637e+00 nan
3.940596440236666886e+00 9.304747273023030729e+00 1.273031415528615540e+01
4.489461940391565875e+00 5.873825706061401419e+00 8.535983967242378512e+00
5.114776105571953835e+00 1.564493387605190833e+01 1.097190204552000914e+01
5.827187078870319503e+00 1.355590744611481924e+01 8.457408592626483923e+00
6.638826128706195817e+00 1.418409215891216135e+01 7.131751350577745896e+00
7.563514225758552811e+00 1.070396931085770120e+01 5.163106909556026025e+00
8.616997392941321721e+00 7.411940552046420549e+00 3.603664679230925483e+00
9.817214836071872952e+00 8.025741457835650294e+00 3.098301403433885604e+00
1.118460442108735009e+01 3.756096088936894617e+00 1.839334167347284943e+00
1.274245069961824761e+01 4.836686255446611682e+00 1.702011180972164084e+00
1.451728140926205768e+01 2.028464971968794828e+00 1.000101363786669806e+00
1.653931920034971981e+01 2.973031650176555463e+00 9.666985082930811268e-01
1.884299628142029093e+01 1.795567843251965279e+00 6.677943466539904005e-01
2.146754074702852577e+01 1.327002410734931193e+00 5.073693128748669734e-01
2.445764457215044274e+01 7.725853743105848270e-01 3.671660393013465584e-01
2.786422464810916466e+01 6.786693811955937239e-01 3.020885912433042830e-01
3.174528981929791982e+01 4.240891899870689041e-01 2.342341690704831947e-01
3.616692868500850011e+01 2.424713679808945255e-01 1.857465290095203225e-01
4.120443498711833286e+01 1.932362027373890623e-01 1.580509392967612836e-01
4.694358974726586098e+01 1.000380852621505223e-01 1.324727913446568373e-01
