1.069642439726958605e+00 -9.666927385841095344e-01 1.231080905920624441e-01
1.218627458003121777e+00 -9.363283709990855019e-01 1.293505344509209565e-01
1.388363836590320144e+00 -5.206005923856906747e-01 3.012676628560160830e-01
1.581741926207981042e+00 4.282057494565201239e-01 4.236937760064625746e-01
1.802054659727066133e+00 2.618803915531915827e+00 5.557004897049930836e-01
2.053053625776520175e+00 5.143946011022523024e+00 5.961306305008646778e-01
2.339012952555230562e+00 6.964549757989760614e+00 5.595931439961098208e-01
2.664802089693036891e+00 7.672621477276728719e+00 4.888430108649445827e-01
3.035968727524477995e+00 7.802625333629787718e+00 4.106512786776544965e-01
3.458833265763586962e+00 7.499556201503036590e+00 3.366259424434012160e-01
3.940596440236666886e+00 6.187941496970430499e+00 2.571317683651150321e-01
4.489461940391565875e+00 5.090737101997230951e+00 1.970413428252908716e-01
5.114776105571953835e+00 4.170104056714199814e+00 1.517328294251157617e-01
5.827187078870319503e+00 3.353426722693677142e+00 1.167863326259490631e-01
6.638826128706195817e+00 2.715342724537863184e+00 9.089002666115220119e-02
7.563514225758552811e+00 2.174368810311328559e+00 7.122759679365077423e-02
8.616997392941321721e+00 1.705427592057083164e+00 5.600391170131069352e-02
9.817214836071872952e+00 1.374626528103783052e+00 4.518706438770696276e-02
1.118460442108735009e+01 1.057344031737263990e+00 3.642495042270872674e-02
1.274245069961824761e+01 8.650384302819063009e-01 3.060005944653879095e-02
1.451728140926205768e+01 6.793170309059872736e-01 2.585946777363830329e-02
1.653931920034971981e+01 5.333470003930458336e-01 2.232441155084442450e-02
1.884299628142029093e+01 4.024338196944734491e-01 1.949074971097988079e-02
2.146754074702852577e+01 3.051374329698963717e-01 1.744518893669903467e-02
2.445764457215044274e+01 2.342157801537165795e-01 1.598170867927569544e-02
2.786422464810916466e+01 1.699407524982992079e-01 1.478726474783546158e-02
3.174528981929791982e+01 1.220232700039873830e-01 1.392120828395535664e-02
3.616692868500850011e+01 8.546707804899478234e-02 1.328356059751852059e-02
4.120443498711833286e+01 6.015386193775995594e-02 1.284359864651928203e-02
4.694358974726586098e+01 3.900894760125650507e-02 1.249777252267746976e-02
