1.069642439726958605e+00 -2.452975604702957391e+00 nan
1.218627458003121777e+00 -9.940656546773347646e-01 1.749093060577532999e+00
1.388363836590320144e+00 -1.872415093120199714e+00 nan
1.581741926207981042e+00 -1.222093023255813815e+00 nan
1.802054659727066133e+00 1.417141808806986480e-01 1.378450907208158505e+01
2.053053625776520175e+00 -6.575502751716377769e-01 6.187345468368156354e+00
2.339012952555230562e+00 -1.029301107999513132e+00 nan
2.664802089693036891e+00 -8.988806087617435825e-01 2.285933818570033527e+00
3.035968727524477995e+00 -9.723282746463068893e-01 9.864646921408440905e-01
3.458833265763586962e+00 -9.963567987649604163e-01 2.945924308945113701e-01
3.940596440236666886e+00 -1.061752459225048462e+00 nan
4.489461940391565875e+00 9.786486356207543480e+00 1.084285915686755075e+01
5.114776105571953835e+00 1.370766389897218218e+01 1.043754353833999993e+01
5.827187078870319503e+00 2.379568092518918476e+01 1.124994764634581124e+01
6.638826128706195817e+00 1.458789163354449769e+01 7.320711605600198624e+00
7.563514225758552811e+00 4.231162416328107412e+00 3.465525252094912911e+00
8.616997392941321721e+00 1.077238289135738114e+01 4.345623248489345336e+00
9.817214836071872952e+00 5.898781302542457361e+00 2.726204039225589071e+00
1.118460442108735009e+01 5.573652120548851840e+00 2.206640077029686786e+00
1.274245069961824761e+01 3.543737458803894125e+00 1.508388349083114255e+00
1.451728140926205768e+01 3.125261768379838934e+00 1.193707842724705204e+00
1.653931920034971981e+01 2.073317593103245926e+00 8.506233370184709264e-01
1.884299628142029093e+01 1.080318260112962392e+00 5.751447213006202208e-01
2.146754074702852577e+01 1.891737765659656123e+00 5.812116399027628111e-01
2.445764457215044274e+01 9.685416924395509053e-01 3.946151414361102616e-01
2.786422464810916466e+01 5.133641276032323564e-01 2.874997476098507532e-01
3.174528981929791982e+01 3.204113748700623265e-01 2.262628792025138391e-01
3.616692868500850011e+01 4.206184951028382191e-01 2.047018917719009012e-01
4.120443498711833286e+01 2.091017691397778488e-01 1.611645375792661317e-01
4.694358974726586098e+01 1.460373873696085845e-01 1.377836643233684710e-01
