1.069642439726958605e+00 -1.332195816642892439e+00 nan
1.218627458003121777e+00 -8.134599650803306936e-01 2.207367774412034300e-01
1.388363836590320144e+00 -4.977293551832242535e-01 3.074367137760908864e-01
1.581741926207981042e+00 5.359484319343219560e-01 4.380779061958426923e-01
1.802054659727066133e+00 3.086295241887136331e+00 5.889429615255286077e-01
2.053053625776520175e+00 4.456171083933963217e+00 5.596128982733672430e-01
2.339012952555230562e+00 6.410658345676566228e+00 5.376355262819941805e-01
2.664802089693036891e+00 8.545005351488647705e+00 5.124530449812242372e-01
3.035968727524477995e+00 8.330501868306916080e+00 4.223572944318714772e-01
3.458833265763586962e+00 7.711174403173809644e+00 3.401805675831658937e-01
3.940596440236666886e+00 6.288726346445867144e+00 2.583834307369984318e-01
4.489461940391565875e+00 4.989528807214169248e+00 1.946263975303926808e-01
5.114776105571953835e+00 4.230723611734170220e+00 1.523393506381067186e-01
5.827187078870319503e+00 3.407935922535139550e+00 1.173360905063524501e-01
6.638826128706195817e+00 2.749127758963171075e+00 9.115456904646965230e-02
7.563514225758552811e+00 2.273107727796866762e+00 7.244986516658853681e-02
8.616997392941321721e+00 1.754879704603594437e+00 5.653832237027077434e-02
9.817214836071872952e+00 1.386289368709237468e+00 4.522990522771071914e-02
1.118460442108735009e+01 1.088182796824064713e+00 3.673296848371215839e-02
1.274245069961824761e+01 8.799529783521280457e-01 3.071692101183902054e-02
1.451728140926205768e+01 6.810832445660737200e-01 2.582571148007208398e-02
1.653931920034971981e+01 5.395505896688685965e-01 2.235387054697523038e-02
1.884299628142029093e+01 4.120852456849639633e-01 1.956850980103944787e-02
2.146754074702852577e+01 3.280622778620083668e-01 1.768581476112335293e-02
2.445764457215044274e+01 2.410167253298860501e-01 1.603411444780053832e-02
2.786422464810916466e+01 1.817510936515625009e-01 1.490187973026590139e-02
3.174528981929791982e+01 1.340302514121092248e-01 1.404018183380417728e-02
3.616692868500850011e+01 9.460812832469067679e-02 1.337014119614285922e-02
4.120443498711833286e+01 6.932178574619096700e-02 1.293154910869741617e-02
4.694358974726586098e+01 4.235056527625169487e-02 1.251766430521426485e-02
