1.069642439726958605e+00 -1.089399486398975103e+00 nan
1.218627458003121777e+00 -8.287704146128329619e-01 5.328649455514996580e-01
1.388363836590320144e+00 -1.131890313726304775e+00 nan
1.581741926207981042e+00 -9.718667546174144523e-01 1.492641423218271923e-01
1.802054659727066133e+00 -8.501834148297340299e-01 2.832031374127422230e-01
2.053053625776520175e+00 4.200034809190746898e-01 7.150581735511827297e-01
2.339012952555230562e+00 2.648986245591140598e+00 9.404023881933397666e-01
2.664802089693036891e+00 4.600901134756908206e+00 9.705661645673845372e-01
3.035968727524477995e+00 7.462654906092847540e+00 9.911754976459216104e-01
3.458833265763586962e+00 8.264291964984685990e+00 8.602506123815940597e-01
3.940596440236666886e+00 8.857313211819874965e+00 7.373882185825453295e-01
4.489461940391565875e+00 7.908206538993566070e+00 5.816443236579270648e-01
5.114776105571953835e+00 6.023899607960778724e+00 4.273670393821477620e-01
5.827187078870319503e+00 5.006659976989753957e+00 3.291466010459327407e-01
6.638826128706195817e+00 4.332137355737856410e+00 2.594439221017419417e-01
7.563514225758552811e+00 3.296018935959596607e+00 1.943421587798214722e-01
8.616997392941321721e+00 2.800437551182642704e+00 1.542658837501116320e-01
9.817214836071872952e+00 2.078330812109286718e+00 1.165212817178137433e-01
1.118460442108735009e+01 1.710503211007822211e+00 9.320482119634052043e-02
1.274245069961824761e+01 1.299008743392770393e+00 7.317067955639774968e-02
1.451728140926205768e+01 1.010827725053382586e+00 5.908587582974920982e-02
1.653931920034971981e+01 7.554067265066986003e-01 4.801849506200819850e-02
1.884299628142029093e+01 6.084595467051092665e-01 4.081764258742590773e-02
2.146754074702852577e+01 4.232271197150445641e-01 3.413623134323549857e-02
2.445764457215044274e+01 3.317000265746428145e-01 3.017357976064171179e-02
2.786422464810916466e+01 2.488944178947509744e-01 2.702633259176447783e-02
3.174528981929791982e+01 1.916933068298185550e-01 2.483618846811346675e-02
3.616692868500850011e+01 1.306661365501589067e-01 2.291241581096932489e-02
4.120443498711833286e+01 9.029629271327688222e-02 2.161584954883270793e-02
4.694358974726586098e+01 6.657791572320093110e-02 2.080034357431753689e-02
