1.069642439726958605e+00 -1.293192479005218942e+00 nan
1.218627458003121777e+00 -8.629986182372335612e-01 1.891560040530861353e-01
1.388363836590320144e+00 -6.034777208935540038e-01 2.731356124358655935e-01
1.581741926207981042e+00 5.988955157571917987e-01 4.469542867518156437e-01
1.802054659727066133e+00 2.615470383810076349e+00 5.537290966345349563e-01
2.053053625776520175e+00 5.045811373656936105e+00 5.894638576631408000e-01
2.339012952555230562e+00 6.494944616529284787e+00 5.407348450296812770e-01
2.664802089693036891e+00 8.270859965728945440e+00 5.046601571063233926e-01
3.035968727524477995e+00 7.812512221904221121e+00 4.096660046926497989e-01
3.458833265763586962e+00 7.082516289261180376e+00 3.265733515332930881e-01
3.940596440236666886e+00 5.905284169223303792e+00 2.507452840426166452e-01
4.489461940391565875e+00 5.244755980110077154e+00 1.992781726062210212e-01
5.114776105571953835e+00 4.226958852644030706e+00 1.522673676515215457e-01
5.827187078870319503e+00 3.422112826449104972e+00 1.175556987146958027e-01
6.638826128706195817e+00 2.644771324718527161e+00 8.957644790484421693e-02
7.563514225758552811e+00 2.242079115291359948e+00 7.200458293711368973e-02
8.616997392941321721e+00 1.765772178304626960e+00 5.668434806571596984e-02
9.817214836071872952e+00 1.385297717888269720e+00 4.521473519561090837e-02
1.118460442108735009e+01 1.108708031778983250e+00 3.699315596058335570e-02
1.274245069961824761e+01 8.700162248742968618e-01 3.059194619694589543e-02
1.451728140926205768e+01 6.832877775035732792e-01 2.585160318821109332e-02
1.653931920034971981e+01 5.326464257248424428e-01 2.226967858493368244e-02
1.884299628142029093e+01 4.120817363076272333e-01 1.956774326936421005e-02
2.146754074702852577e+01 3.128218110314087141e-01 1.750381069519466384e-02
2.445764457215044274e+01 2.386489829461491130e-01 1.600548317636965590e-02
2.786422464810916466e+01 1.681864764181526528e-01 1.474077420201210312e-02
3.174528981929791982e+01 1.225606472152755977e-01 1.390406555983137761e-02
3.616692868500850011e+01 8.689268327144472615e-02 1.327851283048828851e-02
4.120443498711833286e+01 6.043307675508113874e-02 1.282610040604197262e-02
4.694358974726586098e+01 4.325858859402775813e-02 1.252801902158064487e-02
