1.069642439726958605e+00 -1.043512622660346167e+00 nan
1.218627458003121777e+00 -7.046063849186765538e-01 6.953914285233554482e-01
1.388363836590320144e+00 -1.387996774824995061e+00 nan
1.581741926207981042e+00 -1.138093122833590876e+00 nan
1.802054659727066133e+00 -2.727854740745163653e-01 6.200513545234617174e-01
2.053053625776520175e+00 9.078117516320882707e-02 6.225759698763915218e-01
2.339012952555230562e+00 1.880673308932977017e+00 8.297235456204861137e-01
2.664802089693036891e+00 5.493912521257636961e+00 1.039367064983502287e+00
3.035968727524477995e+00 7.788451665855019357e+00 1.004154101596445692e+00
3.458833265763586962e+00 8.826757785593082772e+00 8.814896222370899315e-01
3.940596440236666886e+00 8.346622643574654887e+00 7.123857265659303550e-01
4.489461940391565875e+00 7.742391565130162689e+00 5.722067726163656554e-01
5.114776105571953835e+00 6.262515937107425934e+00 4.326017724047787061e-01
5.827187078870319503e+00 5.175656062703688498e+00 3.322715008487731048e-01
6.638826128706195817e+00 4.200925340700856658e+00 2.542362387793291045e-01
7.563514225758552811e+00 3.268896252048615558e+00 1.924826615943858454e-01
8.616997392941321721e+00 2.558444910987818233e+00 1.473977737686690548e-01
9.817214836071872952e+00 2.094334630500659156e+00 1.162385073328938423e-01
1.118460442108735009e+01 1.582330933837253983e+00 8.983424966459589711e-02
1.274245069961824761e+01 1.259219191523357928e+00 7.193074448316669200e-02
1.451728140926205768e+01 1.003407191546482835e+00 5.863009408509877590e-02
1.653931920034971981e+01 7.833010931761181794e-01 4.834031561042499703e-02
1.884299628142029093e+01 6.140141292386356309e-01 4.073516230332793753e-02
2.146754074702852577e+01 4.350734999470311504e-01 3.421170451871521911e-02
2.445764457215044274e+01 3.190231394811049448e-01 2.980458087006053816e-02
2.786422464810916466e+01 2.447406120235358085e-01 2.683917602969512067e-02
3.174528981929791982e+01 1.840835374996929730e-01 2.459791346940495491e-02
3.616692868500850011e+01 1.172115617970224122e-01 2.257571442571983111e-02
4.120443498711833286e+01 7.636799977624075808e-02 2.127807997388033931e-02
4.694358974726586098e+01 4.271168013596127189e-02 2.028173666267645697e-02
