1.069642439726958605e+00 -1.565863208563833986e+00 nan
1.218627458003121777e+00 -9.376931853542165296e-01 1.943429863666756852e+00
1.388363836590320144e+00 -9.702669993575281371e-01 1.139355315792066170e+00
1.581741926207981042e+00 -6.330645161290322509e-01 3.259299956900314488e+00
1.802054659727066133e+00 -1.023729801040669241e+00 nan
2.053053625776520175e+00 -3.594068402751224856e-01 2.901947914700499176e+00
2.339012952555230562e+00 -1.005074251453663692e+00 nan
2.664802089693036891e+00 -1.147971628374121256e+00 nan
3.035968727524477995e+00 2.945896385422568375e-01 2.314446297997361235e+00
3.458833265763586962e+00 4.590033735609948096e+00 3.965344571696192144e+00
3.940596440236666886e+00 6.558357684112612773e+00 3.795346519160275989e+00
4.489461940391565875e+00 1.002965991900445886e+01 3.782553851325599403e+00
5.114776105571953835e+00 1.012724034027453257e+01 3.136152522187767744e+00
5.827187078870319503e+00 1.161439849622426124e+01 2.771483834278898772e+00
6.638826128706195817e+00 7.512939580877066703e+00 1.870525821221368901e+00
7.563514225758552811e+00 7.124832855300194723e+00 1.517476043532793195e+00
8.616997392941321721e+00 6.855877082217526564e+00 1.243221457476453295e+00
9.817214836071872952e+00 4.174129493513447642e+00 8.284606450304902170e-01
1.118460442108735009e+01 3.732887204774621992e+00 6.611939803047243158e-01
1.274245069961824761e+01 3.061871508464078850e+00 5.106785752501280529e-01
1.451728140926205768e+01 2.085668576194580570e+00 3.691816851678090816e-01
1.653931920034971981e+01 1.686618938918492017e+00 2.893181364322805482e-01
1.884299628142029093e+01 1.269741885353725674e+00 2.234984163735932727e-01
2.146754074702852577e+01 8.415066302784759422e-01 1.691872584438265104e-01
2.445764457215044274e+01 7.210836504645412592e-01 1.408481468311494622e-01
2.786422464810916466e+01 4.200191297322724004e-01 1.088177696022413904e-01
3.174528981929791982e+01 2.991733416347712726e-01 9.089483248999374876e-02
3.616692868500850011e+01 2.553603695234130111e-01 8.003340413792435493e-02
4.120443498711833286e+01 1.853748600261091450e-01 7.026817425364992320e-02
4.694358974726586098e+01 1.387453173513184534e-01 6.343858049031017576e-02
