1.069642439726958605e+00 -9.063788719890466528e-01 2.059617760235504247e-01
1.218627458003121777e+00 -8.177000175743525112e-01 2.184141896972184305e-01
1.388363836590320144e+00 -5.846145110883222973e-01 2.798322780001153420e-01
1.581741926207981042e+00 5.798969574078340905e-01 4.447204525192771096e-01
1.802054659727066133e+00 2.392937646334540425e+00 5.368423519944804934e-01
2.053053625776520175e+00 4.712120135509110241e+00 5.732897192104059458e-01
2.339012952555230562e+00 7.385672456266384245e+00 5.734274389764838498e-01
2.664802089693036891e+00 8.032344786381258928e+00 4.982998662440935589e-01
3.035968727524477995e+00 7.957153933601764706e+00 4.136241948082475806e-01
3.458833265763586962e+00 7.209300220954833804e+00 3.296536187744462665e-01
3.940596440236666886e+00 6.509602142938296865e+00 2.629382548814609422e-01
4.489461940391565875e+00 5.272581233116195421e+00 1.999646316061749196e-01
5.114776105571953835e+00 4.182311177636083954e+00 1.516451945771399024e-01
5.827187078870319503e+00 3.367117466480482157e+00 1.167818020452809080e-01
6.638826128706195817e+00 2.747469813490327706e+00 9.120359507054845438e-02
7.563514225758552811e+00 2.116961914731779970e+00 7.027411113261673725e-02
8.616997392941321721e+00 1.698553108365869591e+00 5.581030960967670734e-02
9.817214836071872952e+00 1.370040794871217216e+00 4.504937338111150019e-02
1.118460442108735009e+01 1.068668279492486883e+00 3.650979507620785713e-02
1.274245069961824761e+01 8.365412873039494990e-01 3.019689409544374162e-02
1.451728140926205768e+01 6.758777697527265094e-01 2.577876559211738847e-02
1.653931920034971981e+01 5.094183891645356344e-01 2.200369181756473350e-02
1.884299628142029093e+01 4.032316670217865884e-01 1.947396277776556467e-02
2.146754074702852577e+01 2.964897064506810676e-01 1.731970875201301052e-02
2.445764457215044274e+01 2.211047977748581417e-01 1.580635035367258800e-02
2.786422464810916466e+01 1.605352737522383055e-01 1.465822485814215724e-02
3.174528981929791982e+01 1.133744017150288830e-01 1.380275916241928066e-02
3.616692868500850011e+01 7.948540500920642238e-02 1.319781095837148192e-02
4.120443498711833286e+01 5.578054276559307745e-02 1.277764366835057799e-02
4.694358974726586098e+01 3.568718972040274551e-02 1.244482289986258497e-02
