1.069642439726958605e+00 -1.952761090286469603e+00 nan
1.218627458003121777e+00 -1.728313269790095585e+00 nan
1.388363836590320144e+00 -6.375355621906744208e-01 3.967553991585107021e+00
1.581741926207981042e+00 -1.334519179777267084e+00 nan
1.802054659727066133e+00 -9.816661932069958851e-01 5.973805196362289571e-01
2.053053625776520175e+00 -1.021377917020726667e+00 nan
2.339012952555230562e+00 -9.501768646915698113e-01 6.608761333360839707e-01
2.664802089693036891e+00 9.179940652486466846e-01 3.405920272393445636e+00
3.035968727524477995e+00 2.928143956558018068e-01 2.306726586682745772e+00
3.458833265763586962e+00 4.623477882272659656e+00 3.966714651558398419e+00
3.940596440236666886e+00 1.089188883867047508e+01 4.759542645767804281e+00
4.489461940391565875e+00 1.123635017541734271e+01 3.977567613487067000e+00
5.114776105571953835e+00 8.436299274820926897e+00 2.874609931414386921e+00
5.827187078870319503e+00 1.348290937918996946e+01 2.971634741192668017e+00
6.638826128706195817e+00 8.814933267434605924e+00 2.010026096262173656e+00
7.563514225758552811e+00 7.250514048797197297e+00 1.525957209097129397e+00
8.616997392941321721e+00 5.516661301158295672e+00 1.121205078042961878e+00
9.817214836071872952e+00 4.695939588387772368e+00 8.706513192524324429e-01
1.118460442108735009e+01 3.492962864024405700e+00 6.408201204568249043e-01
1.274245069961824761e+01 2.299126921523187761e+00 4.532505798026250088e-01
1.451728140926205768e+01 2.039809632057399291e+00 3.651238102293564713e-01
1.653931920034971981e+01 1.329138760723715951e+00 2.654277180734179731e-01
1.884299628142029093e+01 1.254396251573147936e+00 2.220505298572361952e-01
2.146754074702852577e+01 6.422656771269774634e-01 1.572101963629589649e-01
2.445764457215044274e+01 5.659090110474143120e-01 1.321123897803706260e-01
2.786422464810916466e+01 5.247425986441323076e-01 1.140093473770211058e-01
3.174528981929791982e+01 4.401094185816829540e-01 9.772761709037681987e-02
3.616692868500850011e+01 3.040794246338358597e-01 8.223544086886615256e-02
4.120443498711833286e+01 2.171137762428225759e-01 7.164517353145702372e-02
4.694358974726586098e+01 6.205729796595660375e-02 5.972923864963815277e-02
