1.069642439726958605e+00 -1.133054728360151309e+00 nan
1.218627458003121777e+00 -7.149370977766476010e-01 2.739277209512219202e-01
1.388363836590320144e+00 -7.092841512164773654e-01 2.347753908121080479e-01
1.581741926207981042e+00 2.096709590012661995e-01 3.901952733979259791e-01
1.802054659727066133e+00 2.526664653144897521e+00 5.489733888178569554e-01
2.053053625776520175e+00 5.044540592363875753e+00 5.916834086499278555e-01
2.339012952555230562e+00 6.619214860181824811e+00 5.474188157882446948e-01
2.664802089693036891e+00 8.365462613417047777e+00 5.092825215692936558e-01
3.035968727524477995e+00 7.873322465477931686e+00 4.127204799501222321e-01
3.458833265763586962e+00 7.503926691565721896e+00 3.369756961203654311e-01
3.940596440236666886e+00 6.275442735544562112e+00 2.590585967548699187e-01
4.489461940391565875e+00 5.071446842869217875e+00 1.968331659150488466e-01
5.114776105571953835e+00 4.145591209853560777e+00 1.514247868211230919e-01
5.827187078870319503e+00 3.447247872541979063e+00 1.183699696406205759e-01
6.638826128706195817e+00 2.724709719518317197e+00 9.109519406557650689e-02
7.563514225758552811e+00 2.198333571129189590e+00 7.161987966322280741e-02
8.616997392941321721e+00 1.756285956961897377e+00 5.673882173047951893e-02
9.817214836071872952e+00 1.372954773488065161e+00 4.519394276550370987e-02
1.118460442108735009e+01 1.144179197063591502e+00 3.755767660988901246e-02
1.274245069961824761e+01 8.616324479069548126e-01 3.057554061337176138e-02
1.451728140926205768e+01 6.886395520042523088e-01 2.598814402721097427e-02
1.653931920034971981e+01 5.358555935936946124e-01 2.236662307768557886e-02
1.884299628142029093e+01 4.068165582776803735e-01 1.955317424822743816e-02
2.146754074702852577e+01 3.128999489149968394e-01 1.754619174681137234e-02
2.445764457215044274e+01 2.316344404418344549e-01 1.595841573408103217e-02
2.786422464810916466e+01 1.711796682778834455e-01 1.480855953779194011e-02
3.174528981929791982e+01 1.261781690631245123e-01 1.397647858302083698e-02
3.616692868500850011e+01 8.633804012929391369e-02 1.329949386598168470e-02
4.120443498711833286e+01 6.031820354853745236e-02 1.285087786686856144e-02
4.694358974726586098e+01 4.482588435018941553e-02 1.257176850570549016e-02
