1.069642439726958605e+00 -1.781478118685789980e+00 nan
1.218627458003121777e+00 -9.504843803333609120e-01 1.743933120316646823e+00
1.388363836590320144e+00 -9.006368379321216810e-01 2.096577705800798164e+00
1.581741926207981042e+00 -4.794603033006243908e-01 3.907657733731899619e+00
1.802054659727066133e+00 -1.111164906774383176e+00 nan
2.053053625776520175e+00 -1.139649701674065874e+00 nan
2.339012952555230562e+00 -9.182287458374396305e-01 8.545105479673672511e-01
2.664802089693036891e+00 -8.516292484798655416e-01 9.557867237751584977e-01
3.035968727524477995e+00 1.789595278541487033e+00 3.421165868756874229e+00
3.458833265763586962e+00 2.859644282161395878e+00 3.314489214557941654e+00
3.940596440236666886e+00 7.333610374309439628e+00 4.013161037341434145e+00
4.489461940391565875e+00 1.011923731446771413e+01 3.823007971121200832e+00
5.114776105571953835e+00 1.016502703384792206e+01 3.162077633192902137e+00
5.827187078870319503e+00 7.700291918935309177e+00 2.300756014104153202e+00
6.638826128706195817e+00 9.477022628750205513e+00 2.099036811638739231e+00
7.563514225758552811e+00 8.154655226936514012e+00 1.627301171427872006e+00
8.616997392941321721e+00 6.253466908795833668e+00 1.198258402933404243e+00
9.817214836071872952e+00 5.005032629986808423e+00 9.040805965488347695e-01
1.118460442108735009e+01 3.128533278946535212e+00 6.170794412163154163e-01
1.274245069961824761e+01 3.018251211743122830e+00 5.106894151128291703e-01
1.451728140926205768e+01 2.153817245376186129e+00 3.761293271962402596e-01
1.653931920034971981e+01 1.714859312512452938e+00 2.928590245624604904e-01
1.884299628142029093e+01 1.548274210409034568e+00 2.413754876362508850e-01
2.146754074702852577e+01 9.741213563430626277e-01 1.777675345288342867e-01
2.445764457215044274e+01 7.343545498700954077e-01 1.423484450455105577e-01
2.786422464810916466e+01 6.121052209047668224e-01 1.193808105128563724e-01
3.174528981929791982e+01 3.410947692402162001e-01 9.347287502811471582e-02
3.616692868500850011e+01 2.884578867702181082e-01 8.203504851887465088e-02
4.120443498711833286e+01 2.080338610411680556e-01 7.167303265921937117e-02
4.694358974726586098e+01 1.170369444690717575e-01 6.269077966665452528e-02
