1.069642439726958605e+00 -1.340829544003347973e+00 nan
1.218627458003121777e+00 -1.065265651631392529e+00 nan
1.388363836590320144e+00 -9.202126764778635337e-01 3.074160702566088865e-01
1.581741926207981042e+00 -5.853339519554743298e-01 5.707264745449311949e-01
1.802054659727066133e+00 -6.098202666607011047e-01 4.551774654406818277e-01
2.053053625776520175e+00 1.071378575747138573e+00 8.603242164819162596e-01
2.339012952555230562e+00 1.974627246463041441e+00 8.451443311719321061e-01
2.664802089693036891e+00 4.416988066315338024e+00 9.503806505323434406e-01
3.035968727524477995e+00 7.980560593747276776e+00 1.017676689846393145e+00
3.458833265763586962e+00 8.692617843680135792e+00 8.771683100425839985e-01
3.940596440236666886e+00 8.888688521430825773e+00 7.356690152592709753e-01
4.489461940391565875e+00 6.790563554394210222e+00 5.389501019627469525e-01
5.114776105571953835e+00 6.230971283967007501e+00 4.325154469935452717e-01
5.827187078870319503e+00 5.085838015716867666e+00 3.302714439152162340e-01
6.638826128706195817e+00 4.052684501539819628e+00 2.505994955021982329e-01
7.563514225758552811e+00 3.464187019535773349e+00 1.980238962248599133e-01
8.616997392941321721e+00 2.601614110189129025e+00 1.487795087606341715e-01
9.817214836071872952e+00 2.161865652654284986e+00 1.180547589280424720e-01
1.118460442108735009e+01 1.630844086149678906e+00 9.109884161864777175e-02
1.274245069961824761e+01 1.316791622251963556e+00 7.329998680505803166e-02
1.451728140926205768e+01 1.008503841018958624e+00 5.884286918045343595e-02
1.653931920034971981e+01 8.045506195803033833e-01 4.885064164682553778e-02
1.884299628142029093e+01 6.299811354097974991e-01 4.111569372841630127e-02
2.146754074702852577e+01 4.555017162011270049e-01 3.465996663564106101e-02
2.445764457215044274e+01 3.629413733479402993e-01 3.068627699318875537e-02
2.786422464810916466e+01 2.832394413329579752e-01 2.760557877564919979e-02
3.174528981929791982e+01 1.968837689973121918e-01 2.487257305044670089e-02
3.616692868500850011e+01 1.390529774748405778e-01 2.301552224807118519e-02
4.120443498711833286e+01 9.423621927692393818e-02 2.164016009264784282e-02
4.694358974726586098e+01 6.579242007300800665e-02 2.073924156415183837e-02
