1.069642439726958605e+00 -6.159399710019282104e-01 6.497927292478180128e+00
1.218627458003121777e+00 -7.497356438421201030e-01 3.986098037165741292e+00
1.388363836590320144e+00 -9.323543400343807797e-01 1.758758286619118261e+00
1.581741926207981042e+00 -6.155677489570108296e-01 3.414172904899682059e+00
1.802054659727066133e+00 -5.438986364010016672e-01 3.057487499692952415e+00
2.053053625776520175e+00 -7.706384496092111291e-01 1.777011058445974623e+00
2.339012952555230562e+00 -6.449848905442920888e-01 1.810267314720840570e+00
2.664802089693036891e+00 -1.221617980503038048e+00 nan
3.035968727524477995e+00 4.861514285422887660e-01 2.537909635091923910e+00
3.458833265763586962e+00 1.966247244703965169e+00 2.953119255489346173e+00
3.940596440236666886e+00 7.591013125103771131e+00 4.142938099320015333e+00
4.489461940391565875e+00 8.736408338010781094e+00 3.632528655158099973e+00
5.114776105571953835e+00 1.193411176078873659e+01 3.466617027845017240e+00
5.827187078870319503e+00 1.429333224483058373e+01 3.135708145298884197e+00
6.638826128706195817e+00 7.537868810386648910e+00 1.916254506504974309e+00
7.563514225758552811e+00 5.522473293552849327e+00 1.382272363534923221e+00
8.616997392941321721e+00 5.386063573863321352e+00 1.137069684462201469e+00
9.817214836071872952e+00 4.775895500885487088e+00 8.991622577469920996e-01
1.118460442108735009e+01 3.305522266172228996e+00 6.414747237426463577e-01
1.274245069961824761e+01 2.384437059295554828e+00 4.710585924633459154e-01
1.451728140926205768e+01 1.940915806391845688e+00 3.669649897673638583e-01
1.653931920034971981e+01 1.310684467840370404e+00 2.705440597844443462e-01
1.884299628142029093e+01 1.335768479501254102e+00 2.321729430269950656e-01
2.146754074702852577e+01 9.052708068934549601e-01 1.763618077557028430e-01
2.445764457215044274e+01 6.992236273949401504e-01 1.424212480006622483e-01
2.786422464810916466e+01 6.589894797011921490e-01 1.234180718677402311e-01
3.174528981929791982e+01 3.152427915716422557e-01 9.337591543850153053e-02
3.616692868500850011e+01 2.232678925597646469e-01 7.983395004764916314e-02
4.120443498711833286e+01 1.985528521439714478e-01 7.204797273595085760e-02
4.694358974726586098e+01 1.288245012409698909e-01 6.394085021379870837e-02
