1.069642439726958605e+00 -1.373073749391849674e+00 nan
1.218627458003121777e+00 -8.729223859616104253e-01 2.780673645193785237e-01
1.388363836590320144e+00 -7.128536925116546463e-01 3.547534626499132537e-01
1.581741926207981042e+00 -4.464552036327438245e-01 4.011375798210606858e-01
1.802054659727066133e+00 8.322160577329742459e-01 6.004851741084537009e-01
2.053053625776520175e+00 2.921758277291265138e+00 7.215937098620096579e-01
2.339012952555230562e+00 5.517565811734431058e+00 7.652197648569485366e-01
2.664802089693036891e+00 7.645573823756054210e+00 7.370258164018627101e-01
3.035968727524477995e+00 7.613325954613856972e+00 6.109762785147192510e-01
3.458833265763586962e+00 8.632488988945366870e+00 5.390526194262732496e-01
3.940596440236666886e+00 7.088645546249701113e+00 4.090998946646883794e-01
4.489461940391565875e+00 6.230085068337514187e+00 3.218301847207413746e-01
5.114776105571953835e+00 4.756913469248009285e+00 2.382644689987383491e-01
5.827187078870319503e+00 4.081641806795921035e+00 1.875964923054795064e-01
6.638826128706195817e+00 3.191663130797361081e+00 1.423882745595181354e-01
7.563514225758552811e+00 2.625926095073631839e+00 1.117477532310565125e-01
8.616997392941321721e+00 2.107982630304555460e+00 8.760557822622276614e-02
9.817214836071872952e+00 1.696299040115423651e+00 6.957983796160645273e-02
1.118460442108735009e+01 1.304374664082138313e+00 5.509297290467149444e-02
1.274245069961824761e+01 9.977550108981760868e-01 4.432481501896325116e-02
1.451728140926205768e+01 8.342343907040576934e-01 3.754112174118191814e-02
1.653931920034971981e+01 6.266448483221096488e-01 3.129300962024856442e-02
1.884299628142029093e+01 4.741539280282629498e-01 2.678246114539487022e-02
2.146754074702852577e+01 3.507393412764148177e-01 2.337609464362477851e-02
2.445764457215044274e+01 2.619345448689991418e-01 2.095216561598340493e-02
2.786422464810916466e+01 1.893592585253798255e-01 1.910343771415911468e-02
3.174528981929791982e+01 1.338431524743397549e-01 1.774514080626871451e-02
3.616692868500850011e+01 9.576019113851796938e-02 1.681135606332842883e-02
4.120443498711833286e+01 6.806646662554149962e-02 1.614703957403723286e-02
4.694358974726586098e+01 4.647905232285243216e-02 1.565418150197222733e-02
