1.069642439726958605e+00 -1.319967984409799566e+00 nan
1.218627458003121777e+00 -6.747035771704181784e-01 1.305111446615497783e+01
1.388363836590320144e+00 -1.653617849698934883e+00 nan
1.581741926207981042e+00 -9.195312499999999112e-01 4.485844084431732881e+00
1.802054659727066133e+00 -1.811221325513805436e+00 nan
2.053053625776520175e+00 -7.431303165527820553e-01 5.400599138280294476e+00
2.339012952555230562e+00 -8.016841868455497622e-01 3.885472320796266921e+00
2.664802089693036891e+00 -7.122718647263586167e-01 3.886180941528720290e+00
3.035968727524477995e+00 -8.734993255395686607e-01 2.125662012828823944e+00
3.458833265763586962e+00 -7.798048743796988092e-01 2.308216904932562485e+00
3.940596440236666886e+00 -1.119625928459734077e+00 nan
4.489461940391565875e+00 -1.266234688120751795e+00 nan
5.114776105571953835e+00 1.371306647696813208e+01 1.052056110575379222e+01
5.827187078870319503e+00 1.394215852293915248e+01 8.747892680027195667e+00
6.638826128706195817e+00 8.107311545104408879e+00 5.606012200970377002e+00
7.563514225758552811e+00 1.052253070358845122e+01 5.226756258136393996e+00
8.616997392941321721e+00 8.843797882609289118e+00 3.989258404952572334e+00
9.817214836071872952e+00 5.288183854000910955e+00 2.618120447492673364e+00
1.118460442108735009e+01 5.408406076401358398e+00 2.193777806686579179e+00
1.274245069961824761e+01 4.617885754387168973e+00 1.701091320814898777e+00
1.451728140926205768e+01 2.666653286409840007e+00 1.129225494475918357e+00
1.653931920034971981e+01 2.828427785520855942e+00 9.659053662409450292e-01
1.884299628142029093e+01 1.250106383078273264e+00 6.046174885123470899e-01
2.146754074702852577e+01 8.769608190816022830e-01 4.588393220313305432e-01
2.445764457215044274e+01 8.532073849932304554e-01 3.839057958809179993e-01
2.786422464810916466e+01 8.342122322492036002e-01 3.244909696968693580e-01
3.174528981929791982e+01 1.351053834864470726e-01 2.081174873238147427e-01
3.616692868500850011e+01 1.610331941583649229e-01 1.811605892207006074e-01
4.120443498711833286e+01 1.217783852282579016e-01 1.542651207781266243e-01
4.694358974726586098e+01 3.383848430702407484e-02 1.288859629514745309e-01
