1.069642439726958605e+00 -1.204411953396869350e+00 nan
1.218627458003121777e+00 -5.912877284167112890e-01 8.175041214327327666e-01
1.388363836590320144e+00 -1.089966077659252797e+00 nan
1.581741926207981042e+00 -9.043877907484501044e-01 2.732443018003333224e-01
1.802054659727066133e+00 -1.127287550284338913e+00 nan
2.053053625776520175e+00 -6.854250479387635764e-02 5.749342813933718821e-01
2.339012952555230562e+00 3.261257582803741784e+00 1.009581034488797879e+00
2.664802089693036891e+00 5.321949985121643856e+00 1.024734914951235032e+00
3.035968727524477995e+00 7.781755438742403719e+00 1.003184635030754501e+00
3.458833265763586962e+00 8.611524563829897616e+00 8.708712702371970149e-01
3.940596440236666886e+00 8.121874802699544205e+00 7.028619174403850645e-01
4.489461940391565875e+00 7.316672102491879492e+00 5.566793197903412427e-01
5.114776105571953835e+00 6.520154808135498747e+00 4.407330450288765022e-01
5.827187078870319503e+00 4.970755171123972360e+00 3.258790029339392880e-01
6.638826128706195817e+00 4.308827895271672759e+00 2.571108291005649860e-01
7.563514225758552811e+00 3.145208742896111076e+00 1.890997277168374180e-01
8.616997392941321721e+00 2.668096266958126517e+00 1.500422299472322363e-01
9.817214836071872952e+00 1.980605087187485847e+00 1.135037350713279797e-01
1.118460442108735009e+01 1.672951195262101898e+00 9.181335246901503599e-02
1.274245069961824761e+01 1.264509234105652968e+00 7.200927187846925537e-02
1.451728140926205768e+01 9.415441103839443659e-01 5.732622824192441097e-02
1.653931920034971981e+01 7.505901453469339124e-01 4.766427453776168888e-02
1.884299628142029093e+01 5.615967737310283425e-01 3.969272729045404680e-02
2.146754074702852577e+01 4.335874806961206307e-01 3.416931154619902433e-02
2.445764457215044274e+01 3.275485398982151963e-01 2.995536146353365223e-02
2.786422464810916466e+01 2.392460350749365805e-01 2.672567731851914138e-02
3.174528981929791982e+01 1.701964382471308213e-01 2.432837773438569287e-02
3.616692868500850011e+01 1.191406557492702412e-01 2.260435978943881735e-02
4.120443498711833286e+01 8.073586420303047184e-02 2.135299502981371361e-02
4.694358974726586098e+01 4.406912445216515373e-02 2.030077333883983579e-02
