1.069642439726958605e+00 -2.384755721935269523e+00 nan
1.218627458003121777e+00 -1.414591390363356016e+00 nan
1.388363836590320144e+00 -8.219010446708223672e-01 2.812941184726737376e+00
1.581741926207981042e+00 -1.306320400500625478e+00 nan
1.802054659727066133e+00 -9.301072572810678007e-01 1.179733122484235563e+00
2.053053625776520175e+00 -8.949101241982684307e-01 1.185628574676304448e+00
2.339012952555230562e+00 -1.122936837651402175e+00 nan
2.664802089693036891e+00 -1.063060599100257964e+00 nan
3.035968727524477995e+00 1.718863663337560688e+00 3.384695815151363973e+00
3.458833265763586962e+00 1.905745420536980372e+00 2.881016566262337264e+00
3.940596440236666886e+00 7.884164097194497067e+00 4.153717765538102569e+00
4.489461940391565875e+00 1.280833580236852498e+01 4.278660976867875831e+00
5.114776105571953835e+00 1.042843289418591546e+01 3.206940207098968987e+00
5.827187078870319503e+00 1.419261657906919893e+01 3.081282480408437330e+00
6.638826128706195817e+00 9.269843554261361973e+00 2.081423309298188862e+00
7.563514225758552811e+00 7.007576933181134393e+00 1.518620111308836007e+00
8.616997392941321721e+00 5.770923724291534107e+00 1.157076352447135248e+00
9.817214836071872952e+00 4.386137660981475506e+00 8.537978543967387202e-01
1.118460442108735009e+01 3.700011139575068775e+00 6.641023730374987499e-01
1.274245069961824761e+01 2.940456870864471384e+00 5.060855528938338344e-01
1.451728140926205768e+01 2.205454503622287454e+00 3.804154568432788763e-01
1.653931920034971981e+01 1.437658643500005606e+00 2.754266006495224572e-01
1.884299628142029093e+01 1.248939977162399906e+00 2.239832678545220224e-01
2.146754074702852577e+01 9.352476136881997526e-01 1.758780901493141868e-01
2.445764457215044274e+01 6.266607339284759881e-01 1.367393623802136415e-01
2.786422464810916466e+01 4.638632104869040429e-01 1.118945223391079602e-01
3.174528981929791982e+01 3.649699788818454582e-01 9.482837556656091571e-02
3.616692868500850011e+01 2.062021290748523583e-01 7.814828816798763400e-02
4.120443498711833286e+01 1.751803283977424464e-01 7.020978217002959987e-02
4.694358974726586098e+01 1.352532927863980827e-01 6.363895345219636179e-02
