1.069642439726958605e+00 -1.208006919269744905e+00 nan
1.218627458003121777e+00 -8.101954751215705297e-01 3.387864226424607828e-01
1.388363836590320144e+00 -1.000764292724113158e+00 nan
1.581741926207981042e+00 -4.287685371859299988e-01 4.062361128459684445e-01
1.802054659727066133e+00 2.747660373287275082e-01 4.991733745637682573e-01
2.053053625776520175e+00 2.207152158057763991e+00 6.501578208324200192e-01
2.339012952555230562e+00 5.719610244010148392e+00 7.747876764655493576e-01
2.664802089693036891e+00 6.950789896580655380e+00 7.038000029034653382e-01
3.035968727524477995e+00 8.757049610349932678e+00 6.501304978575838112e-01
3.458833265763586962e+00 8.196904221359400111e+00 5.243362777057761770e-01
3.940596440236666886e+00 6.914934553452449784e+00 4.031194895618947505e-01
4.489461940391565875e+00 6.166975923219224498e+00 3.193327798711740884e-01
5.114776105571953835e+00 4.980310906750702316e+00 2.427232009106543575e-01
5.827187078870319503e+00 4.137366554250396788e+00 1.882451825736976836e-01
6.638826128706195817e+00 3.218672396257128199e+00 1.425295261726844676e-01
7.563514225758552811e+00 2.495669010530065623e+00 1.089774674842455826e-01
8.616997392941321721e+00 1.986992090963850099e+00 8.520369221886603395e-02
9.817214836071872952e+00 1.586945514026768311e+00 6.753339365720283094e-02
1.118460442108735009e+01 1.312003201924597739e+00 5.507900664791487433e-02
1.274245069961824761e+01 1.035448115865370333e+00 4.481461418074084851e-02
1.451728140926205768e+01 8.021465335840152200e-01 3.695950852204339665e-02
1.653931920034971981e+01 5.985419064629575736e-01 3.079851239871300370e-02
1.884299628142029093e+01 4.551437287274620047e-01 2.644248198600910801e-02
2.146754074702852577e+01 3.597960628867884481e-01 2.346332364943787621e-02
2.445764457215044274e+01 2.594127015595357744e-01 2.087526761760895300e-02
2.786422464810916466e+01 2.014477714467097780e-01 1.924566934829986115e-02
3.174528981929791982e+01 1.300966280588309321e-01 1.765932471154964267e-02
3.616692868500850011e+01 9.532749194659184688e-02 1.677651819557888016e-02
4.120443498711833286e+01 6.410337712994818027e-02 1.606252007433374776e-02
4.694358974726586098e+01 4.454737172040501569e-02 1.560059593719050237e-02
