1.069642439726958605e+00 -1.219677852281956021e+00 nan
1.218627458003121777e+00 -1.025774666449287054e+00 nan
1.388363836590320144e+00 -8.728755837781001503e-01 2.365454130948536071e-01
1.581741926207981042e+00 -3.184671618317014286e-01 4.460899510315120553e-01
1.802054659727066133e+00 1.943768981366744697e-01 4.857087766900111125e-01
2.053053625776520175e+00 3.217118221613021412e+00 7.500701716542438335e-01
2.339012952555230562e+00 4.152329248470051581e+00 6.807335123846454117e-01
2.664802089693036891e+00 7.729093750892671366e+00 7.422665523005036459e-01
3.035968727524477995e+00 8.123583158523292269e+00 6.309379560438432843e-01
3.458833265763586962e+00 7.652807369557891981e+00 5.102057761540601533e-01
3.940596440236666886e+00 7.459807923401589491e+00 4.200503264881038090e-01
4.489461940391565875e+00 6.313972694175816969e+00 3.245587789578567861e-01
5.114776105571953835e+00 4.998461075075800508e+00 2.443408952499869224e-01
5.827187078870319503e+00 4.112264560735947150e+00 1.886261336598967775e-01
6.638826128706195817e+00 3.341809656078203794e+00 1.456802536916693147e-01
7.563514225758552811e+00 2.658535038330461120e+00 1.125787109109778056e-01
8.616997392941321721e+00 2.027959906405060408e+00 8.633380097040499468e-02
9.817214836071872952e+00 1.652618058278177759e+00 6.896060966811012882e-02
1.118460442108735009e+01 1.311160043928916386e+00 5.530177567491691148e-02
1.274245069961824761e+01 1.047459143626395139e+00 4.519027922977104234e-02
1.451728140926205768e+01 8.132991566387011151e-01 3.727810862408683507e-02
1.653931920034971981e+01 6.298252908467554256e-01 3.138965013447508889e-02
1.884299628142029093e+01 4.766498023043983512e-01 2.685918701309545492e-02
2.146754074702852577e+01 3.450860712358971849e-01 2.332496234593542384e-02
2.445764457215044274e+01 2.609150689034052117e-01 2.096504423194546843e-02
2.786422464810916466e+01 1.895343097317878645e-01 1.913034729412627435e-02
3.174528981929791982e+01 1.373490945415596354e-01 1.781826091876871285e-02
3.616692868500850011e+01 9.573341996067719073e-02 1.683093458958040065e-02
4.120443498711833286e+01 5.985994670525340844e-02 1.604574277330115054e-02
4.694358974726586098e+01 4.059315782223782421e-02 1.558593622991454562e-02
