1.069642439726958605e+00 -1.887792316258352088e+00 nan
1.218627458003121777e+00 -9.674839228295819549e-01 2.307835457738393603e-01
1.388363836590320144e+00 -5.115331171838815028e-01 7.591754120820870533e-01
1.581741926207981042e+00 -7.271306818181819676e-01 4.620416176571705003e-01
1.802054659727066133e+00 -6.669823581638030241e-01 4.196744873811838472e-01
2.053053625776520175e+00 1.033937929267157552e+00 8.508103945749809771e-01
2.339012952555230562e+00 2.101260121152723315e+00 8.613197686820665000e-01
2.664802089693036891e+00 4.531090462906837146e+00 9.585609522775735414e-01
3.035968727524477995e+00 8.505867075873918992e+00 1.045806418743031818e+00
3.458833265763586962e+00 7.923218441717546412e+00 8.385717340797725905e-01
3.940596440236666886e+00 8.810106679366748850e+00 7.311499441208204608e-01
4.489461940391565875e+00 7.655188899588742046e+00 5.692891340794675736e-01
5.114776105571953835e+00 6.196862902464873812e+00 4.305814052010838444e-01
5.827187078870319503e+00 4.491078650239212600e+00 3.113048341300669319e-01
6.638826128706195817e+00 4.171771515661149010e+00 2.534940271793694189e-01
7.563514225758552811e+00 3.315178372395329198e+00 1.937602467417375018e-01
8.616997392941321721e+00 2.621524573900567923e+00 1.490095457625908171e-01
9.817214836071872952e+00 1.998406673903956765e+00 1.140144984389255406e-01
1.118460442108735009e+01 1.590524789605220368e+00 9.004255736089711304e-02
1.274245069961824761e+01 1.243989350968822905e+00 7.162353013407041225e-02
1.451728140926205768e+01 1.009106689241477728e+00 5.876248924660083112e-02
1.653931920034971981e+01 7.990765252156459830e-01 4.866757834240551667e-02
1.884299628142029093e+01 5.716641323496722826e-01 3.991607131952570886e-02
2.146754074702852577e+01 4.744171006436592730e-01 3.497636208725018320e-02
2.445764457215044274e+01 3.354841863616704334e-01 3.012415464811437835e-02
2.786422464810916466e+01 2.559514947312371280e-01 2.705629652925356510e-02
3.174528981929791982e+01 1.876782581615712431e-01 2.467019466541605505e-02
3.616692868500850011e+01 1.329057351541902410e-01 2.287419361850633742e-02
4.120443498711833286e+01 8.786643555498763192e-02 2.149718963511488071e-02
4.694358974726586098e+01 6.519257594761151964e-02 2.070592605112250156e-02
