1.069642439726958605e+00 -1.721943500175828756e-01 2.768524545643090562e+01
1.218627458003121777e+00 -1.539922152648487419e-02 2.294502543621431556e+01
1.388363836590320144e+00 -1.925328002730308796e+00 nan
1.581741926207981042e+00 -9.397368421052629817e-01 3.922881557307570155e+00
1.802054659727066133e+00 -1.513026998677927892e+00 nan
2.053053625776520175e+00 -7.614790567270217636e-01 5.258929471686026424e+00
2.339012952555230562e+00 -7.222358087627447354e-01 4.646794418158235018e+00
2.664802089693036891e+00 -1.374915775224175185e+00 nan
3.035968727524477995e+00 -7.546920512370589584e-01 2.991278416230365611e+00
3.458833265763586962e+00 -1.017492317100062937e+00 nan
3.940596440236666886e+00 -1.057526439241183169e+00 nan
4.489461940391565875e+00 1.015878618850326909e+01 1.123214700758784623e+01
5.114776105571953835e+00 9.128871511925000348e+00 8.803774786904854821e+00
5.827187078870319503e+00 5.723667053801778870e+00 5.899851317347086344e+00
6.638826128706195817e+00 6.932348819334712253e+00 5.280967313985360789e+00
7.563514225758552811e+00 1.461907817944522137e+01 6.181231571929452606e+00
8.616997392941321721e+00 8.537014734635590685e+00 3.964830463620845791e+00
9.817214836071872952e+00 7.544406472611639991e+00 3.103118406902350745e+00
1.118460442108735009e+01 3.583719080465894713e+00 1.860222733283336982e+00
1.274245069961824761e+01 4.672439410686829220e+00 1.727280620857343907e+00
1.451728140926205768e+01 3.329179073460896809e+00 1.246790561108932049e+00
1.653931920034971981e+01 2.729084164513650101e+00 9.616193534348118632e-01
1.884299628142029093e+01 1.381775215476356511e+00 6.298963704078743842e-01
2.146754074702852577e+01 1.266318701296863747e+00 5.146631869466300468e-01
2.445764457215044274e+01 9.723476225692702091e-01 4.017714516042216744e-01
2.786422464810916466e+01 6.568778457778863267e-01 3.083342113915785720e-01
3.174528981929791982e+01 2.833265993402782623e-01 2.260746382875062355e-01
3.616692868500850011e+01 3.653391276502271356e-01 2.026515415778371854e-01
4.120443498711833286e+01 9.803048851060514046e-02 1.534288787297634904e-01
4.694358974726586098e+01 2.759843805256705362e-01 1.509968478676251835e-01
