1.069642439726958605e+00 -7.601443085090151541e-01 1.491817994622974197e+01
1.218627458003121777e+00 -3.552922521252697141e-01 1.858645397577786085e+01
1.388363836590320144e+00 -2.201710583920764019e-01 1.734821389801618352e+01
1.581741926207981042e+00 -1.265410958904109151e+00 nan
1.802054659727066133e+00 -2.171938141456769333e+00 nan
2.053053625776520175e+00 -9.102797989619526575e-01 3.228754010327758550e+00
2.339012952555230562e+00 -1.068860718640177954e+00 nan
2.664802089693036891e+00 -9.358977755289641376e-01 1.855534071458361689e+00
3.035968727524477995e+00 -1.172563920130183845e+00 nan
3.458833265763586962e+00 -1.176177783820286482e+00 nan
3.940596440236666886e+00 4.592826886641574902e+00 9.675778997441804918e+00
4.489461940391565875e+00 -9.294046576045880137e-01 8.915600710893292202e-01
5.114776105571953835e+00 9.162540137493863313e+00 8.827773049184971299e+00
5.827187078870319503e+00 7.506293095444731556e+00 6.650204721043776246e+00
6.638826128706195817e+00 1.532755425839621211e+01 7.641426272891809646e+00
7.563514225758552811e+00 7.564124048055915317e+00 4.539932195243994606e+00
8.616997392941321721e+00 9.118693829370371873e+00 4.092726571984043993e+00
9.817214836071872952e+00 4.794952648363757675e+00 2.538401773274483020e+00
1.118460442108735009e+01 5.623356054583294572e+00 2.257428968546694836e+00
1.274245069961824761e+01 2.938218199431554822e+00 1.425622611457093125e+00
1.451728140926205768e+01 2.822946965287703058e+00 1.167588146057875198e+00
1.653931920034971981e+01 2.068277266924351210e+00 8.657707885792740310e-01
1.884299628142029093e+01 1.196027971382342736e+00 6.033111770158348097e-01
2.146754074702852577e+01 1.136306444343500033e+00 4.984186986993871527e-01
2.445764457215044274e+01 1.128059054262771532e+00 4.202360927987837114e-01
2.786422464810916466e+01 6.601386502274808610e-01 3.089884943909769199e-01
3.174528981929791982e+01 4.994776439056016759e-01 2.487578899948554578e-01
3.616692868500850011e+01 4.894669458893841085e-01 2.145952239755909430e-01
4.120443498711833286e+01 2.410681189301215888e-01 1.666624213676953792e-01
4.694358974726586098e+01 4.224780105578385125e-02 1.308193372535492449e-01
