1.069642439726958605e+00 -1.252140365223251450e+00 nan
1.218627458003121777e+00 -1.053567826675051666e+00 nan
1.388363836590320144e+00 -9.967356462008347684e-01 3.778368152100845812e-02
1.581741926207981042e+00 -7.082261469943256227e-01 2.909103222778360864e-01
1.802054659727066133e+00 -1.044542076547680942e-01 4.191778393296854976e-01
2.053053625776520175e+00 2.964697026773895239e+00 7.248269022968162334e-01
2.339012952555230562e+00 4.351794489713671332e+00 6.917597960261021584e-01
2.664802089693036891e+00 8.073906408193062489e+00 7.548584796132722374e-01
3.035968727524477995e+00 8.595488300484909416e+00 6.457873686799291413e-01
3.458833265763586962e+00 8.075895899201723793e+00 5.217061157931556226e-01
3.940596440236666886e+00 7.313429779764755168e+00 4.148232654870009362e-01
4.489461940391565875e+00 5.927187756414023845e+00 3.140047923423146536e-01
5.114776105571953835e+00 5.031088281078348601e+00 2.443622745859647116e-01
5.827187078870319503e+00 3.984820996644445223e+00 1.853505968481437560e-01
6.638826128706195817e+00 3.389730540573589579e+00 1.462141595189156706e-01
7.563514225758552811e+00 2.627499303177825318e+00 1.116770850883195415e-01
8.616997392941321721e+00 2.128164416085907007e+00 8.788908823316667063e-02
9.817214836071872952e+00 1.586139186216852792e+00 6.763890355766602469e-02
1.118460442108735009e+01 1.308345153612320289e+00 5.511275417837845081e-02
1.274245069961824761e+01 1.052421595379533059e+00 4.515682899292772917e-02
1.451728140926205768e+01 7.963599115646520232e-01 3.692790567088048009e-02
1.653931920034971981e+01 5.964687609956180747e-01 3.081309226370931506e-02
1.884299628142029093e+01 4.758756438194120530e-01 2.678984233832507056e-02
2.146754074702852577e+01 3.599604508813665227e-01 2.349734454612052714e-02
2.445764457215044274e+01 2.668157010997671552e-01 2.101097301624448715e-02
2.786422464810916466e+01 1.913407079189306526e-01 1.912113906584351347e-02
3.174528981929791982e+01 1.389439100196470100e-01 1.780960355166992526e-02
3.616692868500850011e+01 1.029145865962171058e-01 1.690656500512918714e-02
4.120443498711833286e+01 7.231016562489656074e-02 1.620027776928263663e-02
4.694358974726586098e+01 4.724688637567875382e-02 1.565709406714661453e-02
