1.069642439726958605e+00 -1.694203602575520495e+00 nan
1.218627458003121777e+00 -9.730374022309664639e-01 1.264474458288545322e-01
1.388363836590320144e+00 -1.135653387688446259e+00 nan
1.581741926207981042e+00 -6.656285013223322000e-01 3.077646060892122448e-01
1.802054659727066133e+00 3.200380550803199053e-01 5.030509940992130558e-01
2.053053625776520175e+00 2.721730952023949435e+00 6.938940299614974050e-01
2.339012952555230562e+00 5.126967136379811052e+00 7.321955554212578043e-01
2.664802089693036891e+00 7.685932723128981792e+00 7.295040501171294878e-01
3.035968727524477995e+00 8.791517947604351235e+00 6.451696377953614059e-01
3.458833265763586962e+00 7.433218646457049772e+00 4.960220576361710765e-01
3.940596440236666886e+00 7.054532329203761165e+00 4.031711577744188646e-01
4.489461940391565875e+00 6.225033980863694083e+00 3.178202256764309230e-01
5.114776105571953835e+00 5.144400618410307047e+00 2.442337016209046308e-01
5.827187078870319503e+00 4.002652376503467835e+00 1.837166346016688157e-01
6.638826128706195817e+00 3.330296140986107378e+00 1.434878439914203385e-01
7.563514225758552811e+00 2.625264840312310444e+00 1.104690105490522267e-01
8.616997392941321721e+00 2.084795416717576177e+00 8.622626180713302557e-02
9.817214836071872952e+00 1.650326145677003975e+00 6.805630698626261021e-02
1.118460442108735009e+01 1.309755302398305510e+00 5.460828628432167625e-02
1.274245069961824761e+01 1.034028757002455112e+00 4.445289237427684642e-02
1.451728140926205768e+01 8.340266117917241040e-01 3.718046746743243480e-02
1.653931920034971981e+01 6.388755930301130981e-01 3.119241332888457105e-02
1.884299628142029093e+01 4.934594338087194831e-01 2.683728318497015375e-02
2.146754074702852577e+01 3.666947609320310164e-01 2.341831977449401400e-02
2.445764457215044274e+01 2.800459847297329663e-01 2.105265573447436672e-02
2.786422464810916466e+01 2.176689193355920704e-01 1.937246305091946952e-02
3.174528981929791982e+01 1.520867773130869516e-01 1.788213750947534320e-02
3.616692868500850011e+01 1.046293769930777273e-01 1.682243265831324594e-02
4.120443498711833286e+01 6.941774655845467379e-02 1.605635260355419563e-02
4.694358974726586098e+01 4.631238903508916316e-02 1.554681161873719408e-02
