1.069642439726958605e+00 -1.042773202452766945e+00 nan
1.218627458003121777e+00 -8.409098747481238423e-01 2.047080977438415772e-01
1.388363836590320144e+00 -5.634467812384251761e-01 2.878210465923057848e-01
1.581741926207981042e+00 8.424965448331485085e-01 4.819110353688803028e-01
1.802054659727066133e+00 3.119752295661951003e+00 5.938512704443480450e-01
2.053053625776520175e+00 5.550847693291649954e+00 6.165715041049910639e-01
2.339012952555230562e+00 6.726273740612764840e+00 5.515597946108810046e-01
2.664802089693036891e+00 7.835402741784271541e+00 4.941772442735533621e-01
3.035968727524477995e+00 8.118631763366954246e+00 4.189124366347081185e-01
3.458833265763586962e+00 7.118393294950465133e+00 3.286992879250993926e-01
3.940596440236666886e+00 6.043969986079017254e+00 2.545456099108180381e-01
4.489461940391565875e+00 5.370865721190754449e+00 2.023605510745737357e-01
5.114776105571953835e+00 4.304629317217148810e+00 1.541839712846136412e-01
5.827187078870319503e+00 3.432917739894700393e+00 1.181812461288905963e-01
6.638826128706195817e+00 2.612709034364360416e+00 8.942811873234644826e-02
7.563514225758552811e+00 2.152050567908315060e+00 7.097871057769478131e-02
8.616997392941321721e+00 1.715300918690217724e+00 5.619430792229497540e-02
9.817214836071872952e+00 1.378535827162068905e+00 4.528126413007786677e-02
1.118460442108735009e+01 1.078932500118425564e+00 3.673453782630681924e-02
1.274245069961824761e+01 8.598125089538837251e-01 3.056128604497078752e-02
1.451728140926205768e+01 6.597381407550602095e-01 2.564075216623874429e-02
1.653931920034971981e+01 5.358144631037999872e-01 2.237172479381770857e-02
1.884299628142029093e+01 4.046786388927310352e-01 1.953219051921531793e-02
2.146754074702852577e+01 3.091050853439345492e-01 1.750491126631882263e-02
2.445764457215044274e+01 2.285850784487131193e-01 1.592563647657766965e-02
2.786422464810916466e+01 1.698421945518469034e-01 1.479579774337666173e-02
3.174528981929791982e+01 1.243687336532659504e-01 1.395787697455762137e-02
3.616692868500850011e+01 8.625626993052271096e-02 1.330117243519636679e-02
4.120443498711833286e+01 6.064064854022177542e-02 1.285720933764053844e-02
4.694358974726586098e+01 4.018905501495484422e-02 1.251928150135001201e-02
