1.069642439726958605e+00 -1.177950198862701470e+00 nan
1.218627458003121777e+00 -7.849487995962547426e-01 2.385622580201381127e-01
1.388363836590320144e+00 -9.396558990841619163e-01 1.072437396497870205e-01
1.581741926207981042e+00 1.550133761812937383e-01 3.822973111821337810e-01
1.802054659727066133e+00 2.504476612231579580e+00 5.487099727165593022e-01
2.053053625776520175e+00 5.261998437017366470e+00 6.040083127513031780e-01
2.339012952555230562e+00 7.019451395616237654e+00 5.635118352973242928e-01
2.664802089693036891e+00 8.234889329828963156e+00 5.068884412926965011e-01
3.035968727524477995e+00 7.616790159633580970e+00 4.073943034849707434e-01
3.458833265763586962e+00 7.456355792354884215e+00 3.368164473647789481e-01
3.940596440236666886e+00 6.368182913391040145e+00 2.615544340342306207e-01
4.489461940391565875e+00 5.129918000937959910e+00 1.984050595331565137e-01
5.114776105571953835e+00 4.219609896328393006e+00 1.530666762587960805e-01
5.827187078870319503e+00 3.329195809636594561e+00 1.167658814814735296e-01
6.638826128706195817e+00 2.638190076355141134e+00 9.000056954849572355e-02
7.563514225758552811e+00 2.166431029764850358e+00 7.132818236142517143e-02
8.616997392941321721e+00 1.740396246955145720e+00 5.664878880774937286e-02
9.817214836071872952e+00 1.389315788718717082e+00 4.550885313199837245e-02
1.118460442108735009e+01 1.094571567730270978e+00 3.700134395919510433e-02
1.274245069961824761e+01 8.474999170504433632e-01 3.046007709778114289e-02
1.451728140926205768e+01 6.777372189784469647e-01 2.590388067650415543e-02
1.653931920034971981e+01 5.157711414088916868e-01 2.216382863726354402e-02
1.884299628142029093e+01 4.005823700015653799e-01 1.951200692401384648e-02
2.146754074702852577e+01 3.063954720169563828e-01 1.749734378177585439e-02
2.445764457215044274e+01 2.239821427782535679e-01 1.589246702544510476e-02
2.786422464810916466e+01 1.685690597960547432e-01 1.480003475404645906e-02
3.174528981929791982e+01 1.244137189069680627e-01 1.397613462475032903e-02
3.616692868500850011e+01 8.303317810756660755e-02 1.327943912618057345e-02
4.120443498711833286e+01 5.840143673892739251e-02 1.284631767267576524e-02
4.694358974726586098e+01 3.753286527930610461e-02 1.250283705204279644e-02
