1.069642439726958605e+00 -1.289269737055505072e+00 nan
1.218627458003121777e+00 -8.992613634829584868e-01 4.036636321648374714e-01
1.388363836590320144e+00 -3.819362253893014980e-01 8.486183842634074104e-01
1.581741926207981042e+00 -8.318831977299707692e-01 3.603809859246897562e-01
1.802054659727066133e+00 -3.893202674178777301e-01 5.647922668392282297e-01
2.053053625776520175e+00 2.877382368488348163e-01 6.724853908953324355e-01
2.339012952555230562e+00 2.267222565040923232e+00 8.786310176342614353e-01
2.664802089693036891e+00 5.775094753525282343e+00 1.055655025622377341e+00
3.035968727524477995e+00 6.651918073962629130e+00 9.298404765364598479e-01
3.458833265763586962e+00 9.143344476438988622e+00 8.909769830116371914e-01
3.940596440236666886e+00 9.242491055317000104e+00 7.435781036271974509e-01
4.489461940391565875e+00 7.309533770263023200e+00 5.535417997415267299e-01
5.114776105571953835e+00 6.133789026488982721e+00 4.259449328185812567e-01
5.827187078870319503e+00 5.187141292399664039e+00 3.307536580623278155e-01
6.638826128706195817e+00 4.196495101589672316e+00 2.527071520699733509e-01
7.563514225758552811e+00 3.218385713950833615e+00 1.901027008948606989e-01
8.616997392941321721e+00 2.623726228205339961e+00 1.482243248307558159e-01
9.817214836071872952e+00 2.096236843281078066e+00 1.156753996084758929e-01
1.118460442108735009e+01 1.578994874756361355e+00 8.930127777340481077e-02
1.274245069961824761e+01 1.289112653446526924e+00 7.221242562298670065e-02
1.451728140926205768e+01 9.737287512177157378e-01 5.774190816394918907e-02
1.653931920034971981e+01 7.636058761693196306e-01 4.772778109682925679e-02
1.884299628142029093e+01 5.842081604093021241e-01 3.997788705602645792e-02
2.146754074702852577e+01 4.809281226902886175e-01 3.494957718126338875e-02
2.445764457215044274e+01 3.353719835503821134e-01 2.999771592673716736e-02
2.786422464810916466e+01 2.374164961702012189e-01 2.660129413216831551e-02
3.174528981929791982e+01 1.747624585990241730e-01 2.433583326336090716e-02
3.616692868500850011e+01 1.283656728976685368e-01 2.270714816429657973e-02
4.120443498711833286e+01 9.015303911653771429e-02 2.146519259600000035e-02
4.694358974726586098e+01 6.359389311127650046e-02 2.060611083674875055e-02
