1.069642439726958605e+00 4.073525106350698310e-01 3.650182389480595901e+01
1.218627458003121777e+00 -1.053494966365430052e+00 nan
1.388363836590320144e+00 -4.790109646587512593e-01 1.432316620526552597e+01
1.581741926207981042e+00 -1.451769558275678662e+00 nan
1.802054659727066133e+00 -1.099180291373144769e+00 nan
2.053053625776520175e+00 -1.003811327170840428e+00 nan
2.339012952555230562e+00 -9.902671856757940816e-01 8.795447041881946371e-01
2.664802089693036891e+00 -9.897796580985638304e-01 7.484008995455179170e-01
3.035968727524477995e+00 -1.381301080710218621e+00 nan
3.458833265763586962e+00 7.380761024461836683e+00 1.456594408786280859e+01
3.940596440236666886e+00 -1.005836285249793960e+00 nan
4.489461940391565875e+00 1.052482684553206482e+01 1.154326177322796987e+01
5.114776105571953835e+00 4.015968758008513717e+00 6.251231849129658791e+00
5.827187078870319503e+00 2.004434575751001546e+01 1.064471845099359903e+01
6.638826128706195817e+00 1.436811969741698469e+01 7.481126163691647513e+00
7.563514225758552811e+00 5.447526937345959830e+00 3.967593896663043740e+00
8.616997392941321721e+00 9.368844574034424610e+00 4.186080445145740292e+00
9.817214836071872952e+00 6.652499576242465906e+00 2.961389379311563541e+00
1.118460442108735009e+01 6.192396205104440554e+00 2.381044263019159057e+00
1.274245069961824761e+01 2.339488029775939282e+00 1.320921143645200857e+00
1.451728140926205768e+01 3.634131695466182421e+00 1.307283793651888404e+00
1.653931920034971981e+01 3.765881791240875742e+00 1.112954590467432281e+00
1.884299628142029093e+01 1.500717437152896627e+00 6.537766182111062196e-01
2.146754074702852577e+01 1.678931367232144201e+00 5.716361986602692680e-01
2.445764457215044274e+01 1.078890679649815887e+00 4.184339551264305013e-01
2.786422464810916466e+01 8.582292793907753126e-01 3.334519510518205720e-01
3.174528981929791982e+01 3.243190235825805789e-01 2.327089425032962677e-01
3.616692868500850011e+01 2.593963172612157031e-01 1.943137178086593309e-01
4.120443498711833286e+01 1.117818482040822126e-01 1.561460387306624065e-01
4.694358974726586098e+01 6.370253901463840407e-02 1.337729613354140534e-01
