1.069642439726958605e+00 -7.545976352679155674e-01 1.504212217002694807e+01
1.218627458003121777e+00 -1.326602988462255439e-02 2.292159968292089189e+01
1.388363836590320144e+00 -4.595911778328745090e-01 1.439608381691731687e+01
1.581741926207981042e+00 -1.419577205882352811e+00 nan
1.802054659727066133e+00 -8.535525223167945708e-01 5.017199091506927999e+00
2.053053625776520175e+00 -1.270463857694800414e+00 nan
2.339012952555230562e+00 -8.168243900963525483e-01 3.765597600042948745e+00
2.664802089693036891e+00 -1.166789902965633896e+00 nan
3.035968727524477995e+00 -1.096598958279574543e+00 nan
3.458833265763586962e+00 -1.091286984291235385e+00 nan
3.940596440236666886e+00 -1.116379409465114936e+00 nan
4.489461940391565875e+00 6.606541950788334283e+00 9.244958574851715127e+00
5.114776105571953835e+00 1.167641089266177090e+01 9.838612356819981031e+00
5.827187078870319503e+00 1.435718891615150028e+01 8.944661563937115645e+00
6.638826128706195817e+00 8.101472207935161762e+00 5.650903059808894291e+00
7.563514225758552811e+00 1.064365763075506699e+01 5.298488839953150453e+00
8.616997392941321721e+00 1.163791492506558711e+01 4.581727800901319370e+00
9.817214836071872952e+00 9.333486515386674398e+00 3.422629007529507827e+00
1.118460442108735009e+01 5.256426997109714172e+00 2.183970751991032522e+00
1.274245069961824761e+01 4.876106033670110307e+00 1.756595652261451868e+00
1.451728140926205768e+01 2.871647750688601342e+00 1.171930556915267152e+00
1.653931920034971981e+01 3.071572756171796037e+00 1.007169611855008862e+00
1.884299628142029093e+01 1.732799134520462969e+00 6.778390480410697583e-01
2.146754074702852577e+01 1.404100877791011115e+00 5.310007504617008101e-01
2.445764457215044274e+01 5.696084863929220532e-01 3.521037334135249108e-01
2.786422464810916466e+01 8.466664805541879169e-01 3.282749248970116551e-01
3.174528981929791982e+01 4.380725556415152599e-01 2.417833449091125186e-01
3.616692868500850011e+01 5.807359147679864719e-01 2.225340339222667274e-01
4.120443498711833286e+01 3.382007990343216530e-01 1.749685664101635341e-01
4.694358974726586098e+01 2.132354324588385808e-01 1.453564543609323911e-01
