1.069642439726958605e+00 -8.182033769005601087e-01 2.874226795134346979e-01
1.218627458003121777e+00 -7.650266824502489627e-01 2.483278488183090493e-01
1.388363836590320144e+00 -2.876462649648154901e-01 3.670203813014487060e-01
1.581741926207981042e+00 8.167178585274528224e-01 4.776346018852729025e-01
1.802054659727066133e+00 2.459570150005151667e+00 5.428933001096841737e-01
2.053053625776520175e+00 5.136333561700161532e+00 5.953488291808756161e-01
2.339012952555230562e+00 6.650115548165492108e+00 5.477565360946425876e-01
2.664802089693036891e+00 7.715686378669382783e+00 4.897790682989675570e-01
3.035968727524477995e+00 7.845563644254145430e+00 4.114420786835489285e-01
3.458833265763586962e+00 7.673054589448925711e+00 3.401304771771772595e-01
3.940596440236666886e+00 6.217769373170525249e+00 2.575556305753805009e-01
4.489461940391565875e+00 4.997410178443191242e+00 1.951998236414836940e-01
5.114776105571953835e+00 4.307010681616811887e+00 1.539620738614282669e-01
5.827187078870319503e+00 3.372042987225653210e+00 1.170117566930876651e-01
6.638826128706195817e+00 2.712237537650486363e+00 9.078795263878688959e-02
7.563514225758552811e+00 2.141107838060254842e+00 7.070816275667690665e-02
8.616997392941321721e+00 1.709228558325271319e+00 5.602384085640656902e-02
9.817214836071872952e+00 1.370635832682233435e+00 4.510934624220894890e-02
1.118460442108735009e+01 1.091426823898774767e+00 3.684143934054242425e-02
1.274245069961824761e+01 8.393171523948450563e-01 3.026365733515230111e-02
1.451728140926205768e+01 6.613256822647239908e-01 2.562661447269804979e-02
1.653931920034971981e+01 5.264803484464941619e-01 2.223113628326218311e-02
1.884299628142029093e+01 3.963185103597925973e-01 1.940891640012931338e-02
2.146754074702852577e+01 3.060317298647949880e-01 1.744854702627808563e-02
2.445764457215044274e+01 2.244098265271385895e-01 1.585882559509228448e-02
2.786422464810916466e+01 1.648031954975830438e-01 1.472063943228773403e-02
3.174528981929791982e+01 1.199618043189658589e-01 1.389157132416295702e-02
3.616692868500850011e+01 8.640877406195679455e-02 1.328983990902572396e-02
4.120443498711833286e+01 5.954502074066247985e-02 1.283177218795333516e-02
4.694358974726586098e+01 3.682262508718858740e-02 1.246746644504212118e-02
