1.069642439726958605e+00 -8.704126606981410497e-01 3.678778872289792390e-01
1.218627458003121777e+00 -8.874169876794752998e-01 2.605761628864269874e-01
1.388363836590320144e+00 -9.899574771048200716e-01 6.604668248287573484e-02
1.581741926207981042e+00 -1.287719699060423384e-01 5.010924784794424935e-01
1.802054659727066133e+00 1.157022934808150882e+00 6.487894089074995874e-01
2.053053625776520175e+00 2.567617728001358124e+00 6.850264568766448736e-01
2.339012952555230562e+00 4.943777966684237413e+00 7.270702885797942772e-01
2.664802089693036891e+00 7.421710512712666130e+00 7.239895115410753812e-01
3.035968727524477995e+00 7.952491389633253860e+00 6.207242582842534828e-01
3.458833265763586962e+00 8.380321990423832190e+00 5.292138052168491313e-01
3.940596440236666886e+00 7.416709335876237041e+00 4.162572921877165655e-01
4.489461940391565875e+00 6.437325348275662051e+00 3.255528987393807583e-01
5.114776105571953835e+00 5.239169827077560626e+00 2.483082077447260338e-01
5.827187078870319503e+00 4.065153170459279153e+00 1.864843037601342235e-01
6.638826128706195817e+00 3.275908350219288057e+00 1.435038976361342478e-01
7.563514225758552811e+00 2.603065368844488692e+00 1.108807383888100045e-01
8.616997392941321721e+00 2.109900279525264821e+00 8.730577302606656875e-02
9.817214836071872952e+00 1.665043959193661216e+00 6.879122271095211572e-02
1.118460442108735009e+01 1.306540209420009369e+00 5.493105891850667832e-02
1.274245069961824761e+01 1.028996380274733946e+00 4.466674026465366348e-02
1.451728140926205768e+01 8.272764575275961541e-01 3.731069640819640459e-02
1.653931920034971981e+01 6.117501975937280623e-01 3.096961152848639459e-02
1.884299628142029093e+01 4.788502237244225412e-01 2.677262085913374376e-02
2.146754074702852577e+01 3.740181524396950508e-01 2.365365631961794529e-02
2.445764457215044274e+01 2.776939234140713975e-01 2.112696524131390391e-02
2.786422464810916466e+01 1.975181397849850029e-01 1.917341596353339117e-02
3.174528981929791982e+01 1.448736688514125071e-01 1.786202246200067206e-02
3.616692868500850011e+01 1.011650215020656329e-01 1.684963660185918519e-02
4.120443498711833286e+01 7.426775383662986840e-02 1.619944117054231483e-02
4.694358974726586098e+01 5.032332560572139180e-02 1.567405804704682590e-02
