1.069642439726958605e+00 -1.621961798727523441e+00 nan
1.218627458003121777e+00 -1.271242792852716352e+00 nan
1.388363836590320144e+00 -4.021501526709350127e-01 4.847841738803448486e+00
1.581741926207981042e+00 -7.561806256306760066e-01 2.520972079811027555e+00
1.802054659727066133e+00 -6.060381088086319590e-01 2.634635935010307684e+00
2.053053625776520175e+00 -8.527722167194051739e-01 1.320026060608200602e+00
2.339012952555230562e+00 -9.340084979474960747e-01 7.236173691049380130e-01
2.664802089693036891e+00 -1.157406310634425672e+00 nan
3.035968727524477995e+00 1.490000243593344376e+00 3.046739388872003573e+00
3.458833265763586962e+00 3.049180264116063910e+00 3.200709102529146310e+00
3.940596440236666886e+00 6.933793943224451972e+00 3.691296177040528814e+00
4.489461940391565875e+00 1.067329644511163877e+01 3.696235967635397301e+00
5.114776105571953835e+00 9.273315655266973323e+00 2.858301308696878262e+00
5.827187078870319503e+00 9.117479956616399761e+00 2.347124275439736341e+00
6.638826128706195817e+00 7.424627054983671925e+00 1.767323435218868699e+00
7.563514225758552811e+00 6.348253795643527653e+00 1.367388270949964513e+00
8.616997392941321721e+00 6.488992138867125448e+00 1.152007221794684844e+00
9.817214836071872952e+00 4.543740921784019449e+00 8.180420260069651839e-01
1.118460442108735009e+01 3.163227516602968858e+00 5.860756785670436786e-01
1.274245069961824761e+01 2.605386054888010783e+00 4.545402986379258325e-01
1.451728140926205768e+01 2.076721698648499981e+00 3.511153568718990980e-01
1.653931920034971981e+01 1.607308912508348175e+00 2.710069391231871294e-01
1.884299628142029093e+01 1.248792767495762845e+00 2.121097706052048060e-01
2.146754074702852577e+01 9.783309287736661197e-01 1.691422202855287493e-01
2.445764457215044274e+01 6.824376442941835208e-01 1.327701247350771274e-01
2.786422464810916466e+01 5.361729805768431500e-01 1.100847020834947593e-01
3.174528981929791982e+01 3.755646173829128021e-01 9.095317673496042254e-02
3.616692868500850011e+01 3.219039840243473893e-01 8.013456039726313263e-02
4.120443498711833286e+01 1.723967838260727081e-01 6.715380325951399165e-02
4.694358974726586098e+01 1.355731085370672773e-01 6.115154981896277209e-02
