1.069642439726958605e+00 -4.977600975342351131e-01 6.887248123824744717e+00
1.218627458003121777e+00 -6.217707808509764789e-01 4.541939452794460763e+00
1.388363836590320144e+00 -7.131628350443695030e-01 3.356761994522290404e+00
1.581741926207981042e+00 -1.530115164761264523e+00 nan
1.802054659727066133e+00 -9.894215370663108633e-01 4.315679506932129650e-01
2.053053625776520175e+00 -1.180378203623520417e+00 nan
2.339012952555230562e+00 -9.333581924673524099e-01 7.269295606570960189e-01
2.664802089693036891e+00 6.548444592005973064e-01 3.008771600443441496e+00
3.035968727524477995e+00 1.898562713466345198e-01 2.104669718739804907e+00
3.458833265763586962e+00 1.366971437226559782e+00 2.444677915900040244e+00
3.940596440236666886e+00 6.352262710869017504e+00 3.551035923430835517e+00
4.489461940391565875e+00 1.194614628346304031e+01 3.895514568235392439e+00
5.114776105571953835e+00 1.045095881492079215e+01 3.021187376237082223e+00
5.827187078870319503e+00 1.145679345949259442e+01 2.614778952339117613e+00
6.638826128706195817e+00 1.038459668822492077e+01 2.070278626056260229e+00
7.563514225758552811e+00 6.947885614684992106e+00 1.424998475827555788e+00
8.616997392941321721e+00 5.435908131727368087e+00 1.061176852067485799e+00
9.817214836071872952e+00 5.281596873372486733e+00 8.758567217865087517e-01
1.118460442108735009e+01 3.392400332489089898e+00 6.034832487995251959e-01
1.274245069961824761e+01 2.984438789843701922e+00 4.808656435619119152e-01
1.451728140926205768e+01 2.090218554239314130e+00 3.518950644731241861e-01
1.653931920034971981e+01 1.727389806724134225e+00 2.782825903390785949e-01
1.884299628142029093e+01 1.027482844174175458e+00 1.990815850301634882e-01
2.146754074702852577e+01 9.304957401254916327e-01 1.664777698915166360e-01
2.445764457215044274e+01 5.886135692367975292e-01 1.278075479182068097e-01
2.786422464810916466e+01 4.826327659488069965e-01 1.073769163795134929e-01
3.174528981929791982e+01 3.437738624419603983e-01 8.939199313604058450e-02
3.616692868500850011e+01 2.617544786583085870e-01 7.728679463180739007e-02
4.120443498711833286e+01 2.021513457050134743e-01 6.851347087060409569e-02
4.694358974726586098e+01 1.145475815916867646e-01 6.017795899285370564e-02
