1.069642439726958605e+00 -1.090192798074557157e+00 nan
1.218627458003121777e+00 -1.168388392865532310e+00 nan
1.388363836590320144e+00 -7.260712068829273669e-01 2.193045880811672066e-01
1.581741926207981042e+00 3.590837410355107728e-02 3.474469245998989542e-01
1.802054659727066133e+00 2.374101997168194256e+00 5.167169210798094880e-01
2.053053625776520175e+00 4.930217701032731270e+00 5.640488043706276544e-01
2.339012952555230562e+00 7.361791358333569235e+00 5.529074363717796370e-01
2.664802089693036891e+00 7.885797697049894417e+00 4.772098047297881895e-01
3.035968727524477995e+00 8.237760480791269657e+00 4.063089143162711414e-01
3.458833265763586962e+00 7.208076671097273014e+00 3.186249053785760732e-01
3.940596440236666886e+00 6.030512895064060075e+00 2.451173169513585770e-01
4.489461940391565875e+00 5.076131315367327090e+00 1.899905128129773524e-01
5.114776105571953835e+00 4.275145954240231916e+00 1.483174953726310863e-01
5.827187078870319503e+00 3.297337370980166327e+00 1.120173351262434142e-01
6.638826128706195817e+00 2.690673926136359029e+00 8.756259040087818746e-02
7.563514225758552811e+00 2.104741949546436786e+00 6.798724796498452350e-02
8.616997392941321721e+00 1.702468983065403840e+00 5.423282970700199490e-02
9.817214836071872952e+00 1.283534469889630270e+00 4.266307818585197281e-02
1.118460442108735009e+01 1.058789693630826090e+00 3.539700513375568236e-02
1.274245069961824761e+01 8.130601824253405052e-01 2.912738393637296155e-02
1.451728140926205768e+01 6.112582430192117222e-01 2.436761749017067949e-02
1.653931920034971981e+01 4.895568253867268460e-01 2.125145941803278926e-02
1.884299628142029093e+01 3.775982584648556184e-01 1.873809568309754356e-02
2.146754074702852577e+01 2.821134118409294178e-01 1.678225806593725694e-02
2.445764457215044274e+01 2.101519185234650422e-01 1.535546892488298155e-02
2.786422464810916466e+01 1.528624528351740786e-01 1.427978683808874168e-02
3.174528981929791982e+01 1.080886185622877971e-01 1.347692482593946910e-02
3.616692868500850011e+01 7.610375414731018751e-02 1.291153005693725792e-02
4.120443498711833286e+01 4.802651726866469239e-02 1.245264697885720140e-02
4.694358974726586098e+01 2.976988331143770594e-02 1.215023464801675418e-02
