1.069642439726958605e+00 -3.395005949745254270e+00 nan
1.218627458003121777e+00 -9.035604547610474047e-01 6.730951472383451595e+00
1.388363836590320144e+00 -5.995256716129382379e-01 1.164062654960041066e+01
1.581741926207981042e+00 -1.424272323630981774e+00 nan
1.802054659727066133e+00 -7.410774555950552234e-01 6.266320735909110873e+00
2.053053625776520175e+00 -3.071327484756927184e-01 8.401517083481367720e+00
2.339012952555230562e+00 -1.260062778149432905e+00 nan
2.664802089693036891e+00 -7.808939212337180358e-01 3.212174378874733005e+00
3.035968727524477995e+00 -8.395266940694379176e-01 2.267735132854707736e+00
3.458833265763586962e+00 -6.565344610601206998e-01 2.730636221586542511e+00
3.940596440236666886e+00 -8.692718665490468677e-01 1.383700967526139802e+00
4.489461940391565875e+00 5.587649472200965306e+00 8.079985810224375342e+00
5.114776105571953835e+00 1.466485538588283433e+01 1.029013438787232637e+01
5.827187078870319503e+00 3.409027433208220437e+00 4.472664549040561432e+00
6.638826128706195817e+00 1.314099692991002755e+01 6.651480018762724100e+00
7.563514225758552811e+00 1.476388638372354833e+01 5.829655019290916229e+00
8.616997392941321721e+00 7.318354439089766572e+00 3.466394516809840898e+00
9.817214836071872952e+00 8.091711349603599501e+00 3.010054357223117538e+00
1.118460442108735009e+01 3.647800907542294357e+00 1.758540671317944781e+00
1.274245069961824761e+01 4.295143188346871810e+00 1.564044415875866179e+00
1.451728140926205768e+01 3.445168404663522477e+00 1.188502999929677229e+00
1.653931920034971981e+01 2.561209287271050794e+00 8.816210236158681379e-01
1.884299628142029093e+01 2.515099299039657232e+00 7.356367586181736806e-01
2.146754074702852577e+01 1.153292473713272148e+00 4.706196311669318955e-01
2.445764457215044274e+01 1.102225803088909828e+00 3.928307086885680088e-01
2.786422464810916466e+01 7.371286866841808560e-01 2.991093720842972759e-01
3.174528981929791982e+01 5.029717362438730355e-01 2.350745846006258855e-01
3.616692868500850011e+01 4.127291252383800124e-01 1.960766720120654671e-01
4.120443498711833286e+01 1.819001647729148186e-01 1.527433298512299586e-01
4.694358974726586098e+01 2.069675632357625972e-02 1.223305966768596792e-01
