1.069642439726958605e+00 -1.476696430395782578e+00 nan
1.218627458003121777e+00 -7.207963361751084097e-01 4.032931305137705813e-01
1.388363836590320144e+00 -1.325864155168677172e+00 nan
1.581741926207981042e+00 -5.575703168610695037e-01 3.508776386941133141e-01
1.802054659727066133e+00 3.819011544796426794e-01 5.101365341324599623e-01
2.053053625776520175e+00 2.371008582482282190e+00 6.543330714589471464e-01
2.339012952555230562e+00 4.819887079035019894e+00 7.070335164133200179e-01
2.664802089693036891e+00 6.323625417801338244e+00 6.624073801003302897e-01
3.035968727524477995e+00 8.301500521861980175e+00 6.225865465020335998e-01
3.458833265763586962e+00 7.865197140055895986e+00 5.049632303416232704e-01
3.940596440236666886e+00 7.287840808825207795e+00 4.059730577985153355e-01
4.489461940391565875e+00 6.124544801259314220e+00 3.127033844653809291e-01
5.114776105571953835e+00 5.021528151595267886e+00 2.394456990284162812e-01
5.827187078870319503e+00 4.051402408417665413e+00 1.832325161508826239e-01
6.638826128706195817e+00 3.209861226874029416e+00 1.399609293882260463e-01
7.563514225758552811e+00 2.662459325090507534e+00 1.102854422172538512e-01
8.616997392941321721e+00 2.016266489188687672e+00 8.435028052534317144e-02
9.817214836071872952e+00 1.614336858605078362e+00 6.693982278880393488e-02
1.118460442108735009e+01 1.276700079056989123e+00 5.367775928138370650e-02
1.274245069961824761e+01 9.826326832914140663e-01 4.333810970531370987e-02
1.451728140926205768e+01 8.107037627354982678e-01 3.657802310346379426e-02
1.653931920034971981e+01 6.084241671519288186e-01 3.053895384740368604e-02
1.884299628142029093e+01 4.819983718412739204e-01 2.650660030524824504e-02
2.146754074702852577e+01 3.507084859232671992e-01 2.305020769538204325e-02
2.445764457215044274e+01 2.610940628830356047e-01 2.066202822713417153e-02
2.786422464810916466e+01 1.956289510128645937e-01 1.895180015701879161e-02
3.174528981929791982e+01 1.394838574279801957e-01 1.760980345687949977e-02
3.616692868500850011e+01 9.780471621300268481e-02 1.664169353093174555e-02
4.120443498711833286e+01 6.245828092898286776e-02 1.587932524310634030e-02
4.694358974726586098e+01 4.238892065901977979e-02 1.541744758266453894e-02
