1.069642439726958605e+00 -1.184964942202444416e+00 nan
1.218627458003121777e+00 -1.158341575162577186e+00 nan
1.388363836590320144e+00 -1.120532596369394174e+00 nan
1.581741926207981042e+00 -6.595114904809509238e-01 3.048916371904863976e-01
1.802054659727066133e+00 6.051931509290950917e-01 5.446853855016854373e-01
2.053053625776520175e+00 2.468364021918908691e+00 6.575133132374547662e-01
2.339012952555230562e+00 4.942889879378512319e+00 7.078692410065282603e-01
2.664802089693036891e+00 6.943100397763711129e+00 6.841615604782687043e-01
3.035968727524477995e+00 8.558940107889089433e+00 6.257247352698901421e-01
3.458833265763586962e+00 8.008917972498384330e+00 5.046495237453144656e-01
3.940596440236666886e+00 7.172740016048082978e+00 3.992570192136289942e-01
4.489461940391565875e+00 5.908571723014258481e+00 3.046697288001374848e-01
5.114776105571953835e+00 5.054468722274555681e+00 2.380670706728523489e-01
5.827187078870319503e+00 3.975013647211619539e+00 1.800417856817598528e-01
6.638826128706195817e+00 3.221162549201174841e+00 1.389846844328695152e-01
7.563514225758552811e+00 2.488147256346382896e+00 1.061388924075336720e-01
8.616997392941321721e+00 2.097140920054770152e+00 8.507815784824319938e-02
9.817214836071872952e+00 1.539682690287898836e+00 6.515295278180131822e-02
1.118460442108735009e+01 1.235302860122224011e+00 5.259773935352093227e-02
1.274245069961824761e+01 9.893453719272260471e-01 4.312261372529271192e-02
1.451728140926205768e+01 7.383700625697411368e-01 3.522095672284156903e-02
1.653931920034971981e+01 5.873380849203586607e-01 3.001931179703772393e-02
1.884299628142029093e+01 4.537514113957121786e-01 2.592235286119309173e-02
2.146754074702852577e+01 3.338104860449981892e-01 2.266401575263067222e-02
2.445764457215044274e+01 2.541093295526872797e-01 2.044130128727746770e-02
2.786422464810916466e+01 1.875223879031997498e-01 1.872987856524445383e-02
3.174528981929791982e+01 1.313103448718093702e-01 1.739815816856437811e-02
3.616692868500850011e+01 9.419934343555880218e-02 1.650375660179995846e-02
4.120443498711833286e+01 5.838774640125210524e-02 1.574061970205934552e-02
4.694358974726586098e+01 3.765463970187177267e-02 1.527297919495986672e-02
