1.069642439726958605e+00 -1.142520895613721610e+00 nan
1.218627458003121777e+00 -8.866733275023408467e-01 1.663730796500404729e-01
1.388363836590320144e+00 -6.923560846501697341e-01 2.326578405976179875e-01
1.581741926207981042e+00 7.998051971749287059e-01 4.586601971278443934e-01
1.802054659727066133e+00 2.921691758527497296e+00 5.579180786124793290e-01
2.053053625776520175e+00 5.011585669138812094e+00 5.685594936272830857e-01
2.339012952555230562e+00 7.063314303667057814e+00 5.432160286874939681e-01
2.664802089693036891e+00 8.410600248856116679e+00 4.922848436761683710e-01
3.035968727524477995e+00 7.984315895984636313e+00 4.007220609846961490e-01
3.458833265763586962e+00 7.173412629363358661e+00 3.182125170899576250e-01
3.940596440236666886e+00 6.211611495274991235e+00 2.488567611170056371e-01
4.489461940391565875e+00 5.201260922011042176e+00 1.923982979579428598e-01
5.114776105571953835e+00 4.000676104798571942e+00 1.439046731446822769e-01
5.827187078870319503e+00 3.213981250271213508e+00 1.108175041405450312e-01
6.638826128706195817e+00 2.666933310518967204e+00 8.729446226134469911e-02
7.563514225758552811e+00 2.081733984877233379e+00 6.772578996810332819e-02
8.616997392941321721e+00 1.683150127774266647e+00 5.402148192950401856e-02
9.817214836071872952e+00 1.320956867394753598e+00 4.318393122952342289e-02
1.118460442108735009e+01 1.090393515622164022e+00 3.582149126066550004e-02
1.274245069961824761e+01 8.433993692093570971e-01 2.952119362812765171e-02
1.451728140926205768e+01 6.666194582121822698e-01 2.505107429766284186e-02
1.653931920034971981e+01 5.079308281735190889e-01 2.148448590417999238e-02
1.884299628142029093e+01 3.833695513082282513e-01 1.881858700003116378e-02
2.146754074702852577e+01 2.878653674046078859e-01 1.686033365536716844e-02
2.445764457215044274e+01 2.139015432926776317e-01 1.540864581848630510e-02
2.786422464810916466e+01 1.593985761280258817e-01 1.436435430696539166e-02
3.174528981929791982e+01 1.176436369588031994e-01 1.359582243274374755e-02
3.616692868500850011e+01 8.203695071733729804e-02 1.298776556774930077e-02
4.120443498711833286e+01 6.176854341157667072e-02 1.261924371492612398e-02
4.694358974726586098e+01 4.362757519340365597e-02 1.231790035694996926e-02
