1.069642439726958605e+00 -1.561436762545609813e+00 nan
1.218627458003121777e+00 -9.050220954173344712e-01 1.526337493876220308e-01
1.388363836590320144e+00 -2.608055724068423231e-01 3.614673091249033243e-01
1.581741926207981042e+00 4.944770899006101228e-01 4.187646913362999546e-01
1.802054659727066133e+00 2.445732693600783936e+00 5.238662605383157533e-01
2.053053625776520175e+00 4.421908422642758296e+00 5.406970023496581179e-01
2.339012952555230562e+00 6.435932036011698720e+00 5.221461797208557520e-01
2.664802089693036891e+00 7.590572194391890903e+00 4.703128892583733900e-01
3.035968727524477995e+00 8.147949953662470435e+00 4.054371455602582830e-01
3.458833265763586962e+00 7.076570925723071781e+00 3.167988392933863140e-01
3.940596440236666886e+00 6.159661919014824072e+00 2.483559672475232627e-01
4.489461940391565875e+00 5.153448399397427160e+00 1.919312602723536598e-01
5.114776105571953835e+00 4.149383013460583136e+00 1.466681304943248387e-01
5.827187078870319503e+00 3.338323376547431387e+00 1.129802657790216214e-01
6.638826128706195817e+00 2.719821444137565880e+00 8.823774177938320529e-02
7.563514225758552811e+00 2.075733198073787200e+00 6.776542565782155136e-02
8.616997392941321721e+00 1.727450948504247297e+00 5.471196994500376193e-02
9.817214836071872952e+00 1.336332102630608976e+00 4.345701165346579908e-02
1.118460442108735009e+01 1.069257929211595570e+00 3.561544600533288196e-02
1.274245069961824761e+01 8.206233180335931188e-01 2.928868720965549163e-02
1.451728140926205768e+01 6.636035241032407495e-01 2.505224714499773922e-02
1.653931920034971981e+01 5.084672312493607738e-01 2.152140893598882346e-02
1.884299628142029093e+01 3.862207829584178853e-01 1.887763405390626217e-02
2.146754074702852577e+01 3.027343605525927295e-01 1.705628624512134719e-02
2.445764457215044274e+01 2.131922090166780137e-01 1.541943491099784236e-02
2.786422464810916466e+01 1.605419030482906351e-01 1.439482316513513924e-02
3.174528981929791982e+01 1.198773992004975586e-01 1.363758234068628700e-02
3.616692868500850011e+01 8.259820601040490651e-02 1.300899981178188676e-02
4.120443498711833286e+01 5.747895567640504133e-02 1.258336771269020181e-02
4.694358974726586098e+01 3.520641299571991567e-02 1.223345587847053835e-02
