1.069642439726958605e+00 -1.153935459413353293e+00 nan
1.218627458003121777e+00 6.708969008688514535e-02 2.194588752402097498e+01
1.388363836590320144e+00 -1.015760350043854121e+00 nan
1.581741926207981042e+00 -1.524721953578336731e+00 nan
1.802054659727066133e+00 -1.108102288437669891e+00 nan
2.053053625776520175e+00 -9.555427148948039129e-01 2.085917293866249800e+00
2.339012952555230562e+00 -1.576929235824886089e+00 nan
2.664802089693036891e+00 -1.556036735147323213e+00 nan
3.035968727524477995e+00 -9.727558119565582473e-01 9.158484825094016513e-01
3.458833265763586962e+00 -1.155343553197179407e+00 nan
3.940596440236666886e+00 -1.171510322226473111e+00 nan
4.489461940391565875e+00 5.303403970033374826e+00 7.746645661892875623e+00
5.114776105571953835e+00 5.630947336489390942e+00 6.536534327181088067e+00
5.827187078870319503e+00 6.094196110617331463e+00 5.571185247540773489e+00
6.638826128706195817e+00 1.663133075764023516e+01 7.306290500195944837e+00
7.563514225758552811e+00 1.483862386974949743e+01 5.730685613031919701e+00
8.616997392941321721e+00 8.358787730319264142e+00 3.612949532959493393e+00
9.817214836071872952e+00 5.958756244335468466e+00 2.565862081329830957e+00
1.118460442108735009e+01 6.726601342433367492e+00 2.254168176149881297e+00
1.274245069961824761e+01 4.233675046824359356e+00 1.524538286809022036e+00
1.451728140926205768e+01 4.113175057477917562e+00 1.258349804295226138e+00
1.653931920034971981e+01 2.685767030667147282e+00 8.814913088851803469e-01
1.884299628142029093e+01 1.982735511496012126e+00 6.581510873454079480e-01
2.146754074702852577e+01 1.374052963322919929e+00 4.880885739569956194e-01
2.445764457215044274e+01 1.319324221553282772e+00 4.087172361416160360e-01
2.786422464810916466e+01 9.098028684209791273e-01 3.111150827331493618e-01
3.174528981929791982e+01 4.956012741343032157e-01 2.302705157462358876e-01
3.616692868500850011e+01 3.207169591582574864e-01 1.845000234090328206e-01
4.120443498711833286e+01 1.405302269836683493e-01 1.466668672859076372e-01
4.694358974726586098e+01 1.484021124531731406e-01 1.310033129333965929e-01
