1.069642439726958605e+00 -1.436386113609797732e+00 nan
1.218627458003121777e+00 -7.857993096886652928e-01 5.702303586550345749e-01
1.388363836590320144e+00 -8.968284853098735798e-01 3.358576651332448315e-01
1.581741926207981042e+00 -9.727812684076182492e-01 1.404718404849894797e-01
1.802054659727066133e+00 -5.072902910383678687e-01 4.914456574610825967e-01
2.053053625776520175e+00 1.418304712622722175e-01 6.134217003452135941e-01
2.339012952555230562e+00 2.516751802402444227e+00 8.833170167968076303e-01
2.664802089693036891e+00 4.666192805988542247e+00 9.343239433690725404e-01
3.035968727524477995e+00 6.893512303823786880e+00 9.155924827446756398e-01
3.458833265763586962e+00 8.527062808474138222e+00 8.359302437743488801e-01
3.940596440236666886e+00 7.880932525857398119e+00 6.684330800507003456e-01
4.489461940391565875e+00 7.060463572492151840e+00 5.281741750971309379e-01
5.114776105571953835e+00 6.371561889825144043e+00 4.208157697415627063e-01
5.827187078870319503e+00 5.055683316531110805e+00 3.171949801447311312e-01
6.638826128706195817e+00 3.996489417073829209e+00 2.399213426952573891e-01
7.563514225758552811e+00 3.289970779262887390e+00 1.865074973033582217e-01
8.616997392941321721e+00 2.633009838861242180e+00 1.442965434938094371e-01
9.817214836071872952e+00 2.025665606411501951e+00 1.108966399106702805e-01
1.118460442108735009e+01 1.590898492517232921e+00 8.717410977522474513e-02
1.274245069961824761e+01 1.257235373593972749e+00 6.968366042721098330e-02
1.451728140926205768e+01 9.769122481793721668e-01 5.636683974772528638e-02
1.653931920034971981e+01 7.412989523406610104e-01 4.615181656285994444e-02
1.884299628142029093e+01 6.082438490820403221e-01 3.952815810529369811e-02
2.146754074702852577e+01 4.194793863018317914e-01 3.303807840430628834e-02
2.445764457215044274e+01 3.382920214305968898e-01 2.943574608203615439e-02
2.786422464810916466e+01 2.356359084408634619e-01 2.604768668690505065e-02
3.174528981929791982e+01 1.745052095199839393e-01 2.387651822340088742e-02
3.616692868500850011e+01 1.227738407342355842e-01 2.219703561959233962e-02
4.120443498711833286e+01 7.818114512268192762e-02 2.087291507572277410e-02
4.694358974726586098e+01 5.814201040180866364e-02 2.015795103194098839e-02
