1.069642439726958605e+00 -9.006394137509881048e-01 3.109877883824447853e+00
1.218627458003121777e+00 -6.464059744839747434e-01 4.458246093623856154e+00
1.388363836590320144e+00 -1.924995144107935374e+00 nan
1.581741926207981042e+00 -7.822580645161292257e-01 2.417722355751340313e+00
1.802054659727066133e+00 -7.007507014806433343e-01 2.330287788517373393e+00
2.053053625776520175e+00 -1.261100939716870428e+00 nan
2.339012952555230562e+00 -9.627264940767732426e-01 5.519064009879636190e-01
2.664802089693036891e+00 1.040782208565731226e+00 3.392231142129373378e+00
3.035968727524477995e+00 -7.594838370059266985e-01 9.603834837005604808e-01
3.458833265763586962e+00 1.462132848567072152e+00 2.531273170689634533e+00
3.940596440236666886e+00 6.608794559306968353e+00 3.667642025026085495e+00
4.489461940391565875e+00 7.703540484980117675e+00 3.230353540541103463e+00
5.114776105571953835e+00 1.017706741758177280e+01 3.028489596819342822e+00
5.827187078870319503e+00 9.110989295844795777e+00 2.380533704648702287e+00
6.638826128706195817e+00 1.052458622926958576e+01 2.114427797701326828e+00
7.563514225758552811e+00 6.427728935585479420e+00 1.395016715523270445e+00
8.616997392941321721e+00 6.797369704352667519e+00 1.194261479402555004e+00
9.817214836071872952e+00 4.662222457752111637e+00 8.392644813086471700e-01
1.118460442108735009e+01 3.260843440363426549e+00 6.019710214329135889e-01
1.274245069961824761e+01 2.502636239374173677e+00 4.534349556146989313e-01
1.451728140926205768e+01 2.429152639450335549e+00 3.790372237939803046e-01
1.653931920034971981e+01 1.658651625503876348e+00 2.778498806905892460e-01
1.884299628142029093e+01 1.370419503644331627e+00 2.219711639993064423e-01
2.146754074702852577e+01 9.328504823721261996e-01 1.687938482364021442e-01
2.445764457215044274e+01 7.853593788819064336e-01 1.398247820667982144e-01
2.786422464810916466e+01 4.893599907281724892e-01 1.090344011254101714e-01
3.174528981929791982e+01 3.458844296463652324e-01 9.054301918523893766e-02
3.616692868500850011e+01 2.873083134927438831e-01 7.935756587664401229e-02
4.120443498711833286e+01 1.889103793685080745e-01 6.861340148526116900e-02
4.694358974726586098e+01 1.405725845230654247e-01 6.197289568252198344e-02
