1.069642439726958605e+00 -1.207436700441633981e+00 nan
1.218627458003121777e+00 -7.403476619514284263e-01 3.858181098209510496e-01
1.388363836590320144e+00 -1.075809335316723292e+00 nan
1.581741926207981042e+00 -5.912377682965441750e-01 3.345735310532771400e-01
1.802054659727066133e+00 -1.841398945597307879e-01 3.887306714438434896e-01
2.053053625776520175e+00 2.589895304695816414e+00 6.700013807669413790e-01
2.339012952555230562e+00 5.045030877773100997e+00 7.150785880092707103e-01
2.664802089693036891e+00 6.908648802818934342e+00 6.836445489672174913e-01
3.035968727524477995e+00 8.146176531138813459e+00 6.123244341589200168e-01
3.458833265763586962e+00 8.178227455698118931e+00 5.104232277740721191e-01
3.940596440236666886e+00 7.175293360881981997e+00 3.998977075353450372e-01
4.489461940391565875e+00 5.961804402704236949e+00 3.064006807952291411e-01
5.114776105571953835e+00 5.066691198092616588e+00 2.386728886353955970e-01
5.827187078870319503e+00 4.092163691827978234e+00 1.827387905191929507e-01
6.638826128706195817e+00 3.234566416968468694e+00 1.394361534496400545e-01
7.563514225758552811e+00 2.626365744860282625e+00 1.088428612572429066e-01
8.616997392941321721e+00 2.074750879335573117e+00 8.479587458796918054e-02
9.817214836071872952e+00 1.631942205623868380e+00 6.678675253814338186e-02
1.118460442108735009e+01 1.296799585691763346e+00 5.365435220156231783e-02
1.274245069961824761e+01 1.007034742510324321e+00 4.344918296241963990e-02
1.451728140926205768e+01 7.771976471676433906e-01 3.585170972901122188e-02
1.653931920034971981e+01 5.905810299887048753e-01 3.009973946400740924e-02
1.884299628142029093e+01 4.477970265323925059e-01 2.586094939721591407e-02
2.146754074702852577e+01 3.534779973466828373e-01 2.297264332281488339e-02
2.445764457215044274e+01 2.666108554740955761e-01 2.064125377300468980e-02
2.786422464810916466e+01 2.044351342736765442e-01 1.899058703591378211e-02
3.174528981929791982e+01 1.418759645764315902e-01 1.756515631198284078e-02
3.616692868500850011e+01 9.833143893273432745e-02 1.657676552021300834e-02
4.120443498711833286e+01 6.805954299811323160e-02 1.589238258394756395e-02
4.694358974726586098e+01 4.231046657399661903e-02 1.535194135636218198e-02
