1.069642439726958605e+00 -1.388715803139261240e+00 nan
1.218627458003121777e+00 -7.910784845258174158e-01 3.473173137600747973e-01
1.388363836590320144e+00 -8.989557199379807351e-01 2.049860157121145832e-01
1.581741926207981042e+00 -9.201038009481470326e-01 1.484286227795149904e-01
1.802054659727066133e+00 -1.984213619752766000e-01 3.866893960800815710e-01
2.053053625776520175e+00 2.364272427825773626e+00 6.507997914270408080e-01
2.339012952555230562e+00 5.047580414001128446e+00 7.177738398378605833e-01
2.664802089693036891e+00 7.625355622362310015e+00 7.173660618945639778e-01
3.035968727524477995e+00 8.458173674126278740e+00 6.253490429138934825e-01
3.458833265763586962e+00 8.160202774589254915e+00 5.116532093957030236e-01
3.940596440236666886e+00 7.041733875679573096e+00 3.976963424853540707e-01
4.489461940391565875e+00 6.061664430774738932e+00 3.098726816972974252e-01
5.114776105571953835e+00 4.955024095049852306e+00 2.369651939115823558e-01
5.827187078870319503e+00 4.027635598773028569e+00 1.819903162337097036e-01
6.638826128706195817e+00 3.215259783130231419e+00 1.395080319671884450e-01
7.563514225758552811e+00 2.575789711635935841e+00 1.082505159562694858e-01
8.616997392941321721e+00 2.089396767636865437e+00 8.531562137559509096e-02
9.817214836071872952e+00 1.654136200665247358e+00 6.736015880640212894e-02
1.118460442108735009e+01 1.275651503114969554e+00 5.346841311378602857e-02
1.274245069961824761e+01 9.946405620003593295e-01 4.337656590796749867e-02
1.451728140926205768e+01 7.887802502459775322e-01 3.612397985199716777e-02
1.653931920034971981e+01 6.206659890751911046e-01 3.062611757585573247e-02
1.884299628142029093e+01 4.677911143370345748e-01 2.621834624452071966e-02
2.146754074702852577e+01 3.554045028041774579e-01 2.305349480766364506e-02
2.445764457215044274e+01 2.671795993388657031e-01 2.069462210580133230e-02
2.786422464810916466e+01 1.896124459591714828e-01 1.881579561742557916e-02
3.174528981929791982e+01 1.352853715851876082e-01 1.750536841409358266e-02
3.616692868500850011e+01 9.680491677601432698e-02 1.658713234853135404e-02
4.120443498711833286e+01 6.634073022347819482e-02 1.589790686505317477e-02
4.694358974726586098e+01 4.490984944557241398e-02 1.541814649599404161e-02
