1.069642439726958605e+00 -1.205217328895763274e+00 nan
1.218627458003121777e+00 -9.446001008418027922e-01 1.163253301229394826e-01
1.388363836590320144e+00 -5.451169922939698154e-01 2.829291463938993778e-01
1.581741926207981042e+00 5.846941457618948235e-01 4.303351587306198933e-01
1.802054659727066133e+00 2.520014279904365218e+00 5.284053918272824113e-01
2.053053625776520175e+00 4.504910639404855921e+00 5.437381534773383374e-01
2.339012952555230562e+00 6.940790432025990775e+00 5.389631810579234017e-01
2.664802089693036891e+00 7.765539605250305399e+00 4.743195708141900169e-01
3.035968727524477995e+00 7.394153887921786961e+00 3.864812478549062291e-01
3.458833265763586962e+00 7.440917043822153687e+00 3.238559056729423125e-01
3.940596440236666886e+00 5.872865163864254612e+00 2.422991199621946368e-01
4.489461940391565875e+00 4.984347411609808987e+00 1.885431359350275837e-01
5.114776105571953835e+00 4.044197913481328399e+00 1.446350235656516103e-01
5.827187078870319503e+00 3.325347568332958303e+00 1.125638357617219643e-01
6.638826128706195817e+00 2.636328372452777735e+00 8.684466455083439396e-02
7.563514225758552811e+00 2.082090532570763486e+00 6.773211411162866069e-02
8.616997392941321721e+00 1.719444772620033257e+00 5.450902524633971513e-02
9.817214836071872952e+00 1.322940631460135741e+00 4.321036512413831132e-02
1.118460442108735009e+01 1.073329045412985128e+00 3.560858558515642147e-02
1.274245069961824761e+01 8.394902023022683402e-01 2.947389814311057385e-02
1.451728140926205768e+01 6.531503511103269322e-01 2.488971359582363083e-02
1.653931920034971981e+01 5.047950977831834329e-01 2.144761071148032147e-02
1.884299628142029093e+01 3.940707173464423896e-01 1.894473906255771806e-02
2.146754074702852577e+01 2.907202115341431803e-01 1.689397212628133277e-02
2.445764457215044274e+01 2.186593201057145386e-01 1.546434700334003119e-02
2.786422464810916466e+01 1.597863578650582372e-01 1.436905060523244008e-02
3.174528981929791982e+01 1.118131136978708362e-01 1.352816778065978401e-02
3.616692868500850011e+01 8.270372017049076874e-02 1.299567269079068312e-02
4.120443498711833286e+01 5.830267650745657448e-02 1.257910901083974381e-02
4.694358974726586098e+01 4.008690075208054537e-02 1.227689626496677490e-02
