1.069642439726958605e+00 -1.149209956488350226e+00 nan
1.218627458003121777e+00 -8.047740846269295645e-01 2.180793206628900693e-01
1.388363836590320144e+00 -5.983178056379627741e-01 2.655030287797415789e-01
1.581741926207981042e+00 6.296943683922706647e-01 4.358210086821795448e-01
1.802054659727066133e+00 2.659427864298738342e+00 5.381013957514333423e-01
2.053053625776520175e+00 4.724397780589563389e+00 5.538762496077670461e-01
2.339012952555230562e+00 6.287941356030736451e+00 5.150185653353060999e-01
2.664802089693036891e+00 7.641477795317558552e+00 4.701717577260399739e-01
3.035968727524477995e+00 8.198591464663774531e+00 4.052767489908908893e-01
3.458833265763586962e+00 6.912065407660236360e+00 3.122375698507629527e-01
3.940596440236666886e+00 6.191115001114958716e+00 2.481493804372557066e-01
4.489461940391565875e+00 5.070478155170819790e+00 1.898402571108351589e-01
5.114776105571953835e+00 4.112024085299341714e+00 1.455831302788889448e-01
5.827187078870319503e+00 3.292189994818607079e+00 1.119085915466632303e-01
6.638826128706195817e+00 2.671090640763539525e+00 8.725284681720960056e-02
7.563514225758552811e+00 2.098645712214897596e+00 6.788531407966887088e-02
8.616997392941321721e+00 1.683689591837613797e+00 5.396850946829660767e-02
9.817214836071872952e+00 1.336417664801578642e+00 4.333711809838890899e-02
1.118460442108735009e+01 1.053628523025767150e+00 3.532472072915507355e-02
1.274245069961824761e+01 8.530084937333188844e-01 2.960944572314611403e-02
1.451728140926205768e+01 6.550229295373355409e-01 2.488842538863266993e-02
1.653931920034971981e+01 5.118704429764262542e-01 2.151200632455323863e-02
1.884299628142029093e+01 3.862652756017284084e-01 1.883664311865868024e-02
2.146754074702852577e+01 3.006417389207194368e-01 1.699606945005706013e-02
2.445764457215044274e+01 2.255379770023566710e-01 1.553231579866260793e-02
2.786422464810916466e+01 1.616187104247832629e-01 1.437942478783284586e-02
3.174528981929791982e+01 1.195842298736853326e-01 1.360849147597342074e-02
3.616692868500850011e+01 7.978490301031615495e-02 1.295236971833272667e-02
4.120443498711833286e+01 5.344205041729122030e-02 1.251372060496527480e-02
4.694358974726586098e+01 3.769110997706892618e-02 1.224046662667943770e-02
