1.069642439726958605e+00 -6.720489977728285602e-01 1.657068491893056006e+01
1.218627458003121777e+00 3.440514469453381796e-02 2.236436466726821592e+01
1.388363836590320144e+00 -1.086382584529874684e+00 nan
1.581741926207981042e+00 -5.371621621621620601e-01 1.033828450909346941e+01
1.802054659727066133e+00 -5.585426614075148510e-01 8.301056533381061087e+00
2.053053625776520175e+00 -1.233440245432993798e+00 nan
2.339012952555230562e+00 -7.313481675392670134e-01 4.345730864823953432e+00
2.664802089693036891e+00 -8.712692580416423471e-01 2.497872919701980443e+00
3.035968727524477995e+00 -8.662265309703456317e-01 2.100557604563316083e+00
3.458833265763586962e+00 -9.334086114165152104e-01 1.219760782040437919e+00
3.940596440236666886e+00 -1.107114933541829327e+00 nan
4.489461940391565875e+00 9.049968470536162712e+00 1.013485539310152994e+01
5.114776105571953835e+00 1.740703181626192375e+01 1.132870957224590747e+01
5.827187078870319503e+00 8.138055364157292360e+00 6.552100657209989798e+00
6.638826128706195817e+00 1.572645490425116321e+01 7.355325190818486902e+00
7.563514225758552811e+00 1.103426213067412931e+01 5.139744657138711759e+00
8.616997392941321721e+00 1.244455312286876136e+01 4.515847358701006620e+00
9.817214836071872952e+00 4.844095648070201321e+00 2.423983619405876144e+00
1.118460442108735009e+01 6.686072118364566386e+00 2.323945141610016307e+00
1.274245069961824761e+01 5.084466771503171501e+00 1.708545881420586721e+00
1.451728140926205768e+01 4.308948283341458740e+00 1.327345728177214523e+00
1.653931920034971981e+01 2.846527314542478759e+00 9.324583221287492396e-01
1.884299628142029093e+01 1.922347020408315732e+00 6.721338618539972609e-01
2.146754074702852577e+01 1.088057946139171062e+00 4.688754552023139399e-01
2.445764457215044274e+01 9.142685068869327303e-01 3.769835373862665540e-01
2.786422464810916466e+01 6.886053123146200772e-01 2.979310853772457746e-01
3.174528981929791982e+01 5.418864632959918826e-01 2.418824926964728006e-01
3.616692868500850011e+01 2.371927611855337847e-01 1.822002992097455365e-01
4.120443498711833286e+01 1.256533807136317460e-01 1.495787298027075884e-01
4.694358974726586098e+01 2.465843679917967268e-01 1.427983520683755725e-01
