1.069642439726958605e+00 -1.364272023653752441e+00 nan
1.218627458003121777e+00 -8.548972076251633023e-01 1.879599814901962707e-01
1.388363836590320144e+00 -5.952530514433354014e-01 2.664454365269660618e-01
1.581741926207981042e+00 6.317967413272431720e-01 4.359899923475123451e-01
1.802054659727066133e+00 3.225232226451852924e+00 5.783360481022251642e-01
2.053053625776520175e+00 4.731271656712617180e+00 5.540713305288226254e-01
2.339012952555230562e+00 6.704418455980103886e+00 5.298031668864087163e-01
2.664802089693036891e+00 7.835908781033150916e+00 4.755552175520979530e-01
3.035968727524477995e+00 7.913835637078505236e+00 3.984258104031622172e-01
3.458833265763586962e+00 7.240627263914197087e+00 3.191482746233119672e-01
3.940596440236666886e+00 6.170527005395635811e+00 2.476933370673341517e-01
4.489461940391565875e+00 5.021986635863104453e+00 1.889308743362873577e-01
5.114776105571953835e+00 3.906563989055687358e+00 1.421164312949529385e-01
5.827187078870319503e+00 3.318567669619108429e+00 1.122941995270007459e-01
6.638826128706195817e+00 2.651607802356921173e+00 8.694607565895458301e-02
7.563514225758552811e+00 2.099195446809940524e+00 6.787795016782526003e-02
8.616997392941321721e+00 1.741027837684606894e+00 5.472416600873343528e-02
9.817214836071872952e+00 1.346465284747735858e+00 4.345776121406515202e-02
1.118460442108735009e+01 1.078333985589636779e+00 3.562674909493357411e-02
1.274245069961824761e+01 8.453565007361476535e-01 2.951039433802328527e-02
1.451728140926205768e+01 6.482636256385816420e-01 2.480278848015992146e-02
1.653931920034971981e+01 5.254352219509299537e-01 2.166902980358011155e-02
1.884299628142029093e+01 4.013762483176723794e-01 1.901114764413774222e-02
2.146754074702852577e+01 3.077160592963785746e-01 1.707611784060239155e-02
2.445764457215044274e+01 2.301783410978786026e-01 1.558406905700859303e-02
2.786422464810916466e+01 1.682575247735671464e-01 1.445458005551021607e-02
3.174528981929791982e+01 1.239965823706430381e-01 1.365786222439579686e-02
3.616692868500850011e+01 8.463034939154168157e-02 1.300687818770081446e-02
4.120443498711833286e+01 6.452333137704635568e-02 1.264072296755984828e-02
4.694358974726586098e+01 4.177571816927572179e-02 1.228626604161757105e-02
