1.069642439726958605e+00 -1.262042418992880943e+00 nan
1.218627458003121777e+00 -5.784595036284194691e-01 8.046114155067720652e-01
1.388363836590320144e+00 -1.260674553292548516e+00 nan
1.581741926207981042e+00 -1.062230215827338231e+00 nan
1.802054659727066133e+00 -2.952299275743559548e-01 5.912231761650768025e-01
2.053053625776520175e+00 -1.137083432372889558e-01 5.435075763407114513e-01
2.339012952555230562e+00 1.256925438108981385e+00 7.110520276966537656e-01
2.664802089693036891e+00 4.488665725696105113e+00 9.247038696359809462e-01
3.035968727524477995e+00 7.950296624988991923e+00 9.821847107916894526e-01
3.458833265763586962e+00 8.690559001840409081e+00 8.481815258886943321e-01
3.940596440236666886e+00 8.452453779358993557e+00 6.948120811058143831e-01
4.489461940391565875e+00 6.713256273152781617e+00 5.186851761687695239e-01
5.114776105571953835e+00 6.173613415213241140e+00 4.168390414429190005e-01
5.827187078870319503e+00 5.381653697252422042e+00 3.284703647236984492e-01
6.638826128706195817e+00 3.935545573341033165e+00 2.395258643511682384e-01
7.563514225758552811e+00 3.214714126740253697e+00 1.855539433738451760e-01
8.616997392941321721e+00 2.630928932684637900e+00 1.449953166286352124e-01
9.817214836071872952e+00 2.056124433944743757e+00 1.121605812846868805e-01
1.118460442108735009e+01 1.681465281603958584e+00 8.958348031989375737e-02
1.274245069961824761e+01 1.276276743138952341e+00 7.041607267670671466e-02
1.451728140926205768e+01 9.809257035273042380e-01 5.670776692987068712e-02
1.653931920034971981e+01 7.846363640827891395e-01 4.720719588486081697e-02
1.884299628142029093e+01 6.107287517791455400e-01 3.974154294910679092e-02
2.146754074702852577e+01 4.380099680824376396e-01 3.352102850157329811e-02
2.445764457215044274e+01 3.498659902077825290e-01 2.976372817209620852e-02
2.786422464810916466e+01 2.622131606563864459e-01 2.663537717776208458e-02
3.174528981929791982e+01 1.787623436556045053e-01 2.403745340092335037e-02
3.616692868500850011e+01 1.228982041578630113e-01 2.227271685970481571e-02
4.120443498711833286e+01 8.676542789681263024e-02 2.109785765875468039e-02
4.694358974726586098e+01 5.078026900178667091e-02 2.008515108677393426e-02
