1.069642439726958605e+00 -1.115488373120665067e+00 nan
1.218627458003121777e+00 -1.135777328700984690e+00 nan
1.388363836590320144e+00 -4.452455060299884693e-01 3.126396948076656246e-01
1.581741926207981042e+00 2.913136783913614636e-01 3.886202793235784547e-01
1.802054659727066133e+00 2.496504799853441092e+00 5.269288121956364757e-01
2.053053625776520175e+00 5.093387831150453238e+00 5.728124910863096053e-01
2.339012952555230562e+00 6.864205518537278117e+00 5.365855024532139028e-01
2.664802089693036891e+00 7.792852081875539128e+00 4.753585608802673446e-01
3.035968727524477995e+00 8.195011812359243919e+00 4.059497817348577953e-01
3.458833265763586962e+00 7.183201203882590313e+00 3.186015146144793864e-01
3.940596440236666886e+00 6.006211229941678553e+00 2.450288687764698159e-01
4.489461940391565875e+00 5.123612949487803547e+00 1.911280693965627109e-01
5.114776105571953835e+00 4.060615344880087463e+00 1.449852678199523848e-01
5.827187078870319503e+00 3.469165603636461981e+00 1.148576847231254777e-01
6.638826128706195817e+00 2.622133950653306123e+00 8.667881726557319366e-02
7.563514225758552811e+00 2.040385449518470562e+00 6.717814518745515717e-02
8.616997392941321721e+00 1.667446479043706908e+00 5.383741984336518072e-02
9.817214836071872952e+00 1.332950345191701746e+00 4.335977009660516718e-02
1.118460442108735009e+01 1.051674828349740132e+00 3.535304416445091830e-02
1.274245069961824761e+01 8.540065018690097265e-01 2.966383626737448265e-02
1.451728140926205768e+01 6.556762842986163520e-01 2.493009762820852515e-02
1.653931920034971981e+01 5.128373025904207072e-01 2.155125774267428046e-02
1.884299628142029093e+01 3.877103639809713620e-01 1.887679981411688468e-02
2.146754074702852577e+01 3.001797064073998822e-01 1.701057388689610969e-02
2.445764457215044274e+01 2.322363547106076620e-01 1.562791764729040689e-02
2.786422464810916466e+01 1.710258770320958188e-01 1.450457677227072299e-02
3.174528981929791982e+01 1.211524273843014310e-01 1.364105934475387874e-02
3.616692868500850011e+01 8.654836561965661978e-02 1.304434771849346392e-02
4.120443498711833286e+01 6.079801690703745543e-02 1.261189088155897746e-02
4.694358974726586098e+01 4.114225744973798449e-02 1.229279730073345143e-02
