1.069642439726958605e+00 -1.152507296819313964e+00 nan
1.218627458003121777e+00 -1.045260186083450282e+00 nan
1.388363836590320144e+00 -4.891858374085336081e-01 2.994650691798915187e-01
1.581741926207981042e+00 4.582959545082352371e-01 4.122903011699427522e-01
1.802054659727066133e+00 2.671253390466813649e+00 5.390601027028263381e-01
2.053053625776520175e+00 4.968561218770469523e+00 5.658272174010703370e-01
2.339012952555230562e+00 6.946951577600291472e+00 5.385395133394622613e-01
2.664802089693036891e+00 7.912552643475090797e+00 4.779036444471503331e-01
3.035968727524477995e+00 7.602253586712489408e+00 3.910958289448231429e-01
3.458833265763586962e+00 6.987531249528366573e+00 3.138998413719894520e-01
3.940596440236666886e+00 5.934398425196725668e+00 2.432229195355656293e-01
4.489461940391565875e+00 4.917253409488429483e+00 1.871301092226240192e-01
5.114776105571953835e+00 4.092764206740083566e+00 1.452840700319425471e-01
5.827187078870319503e+00 3.391568601728785382e+00 1.134723866372633894e-01
6.638826128706195817e+00 2.628693789273785164e+00 8.663991906354483186e-02
7.563514225758552811e+00 2.172952003994172543e+00 6.893474126628569565e-02
8.616997392941321721e+00 1.719967471186565344e+00 5.446148510228254053e-02
9.817214836071872952e+00 1.351732699255332903e+00 4.354023534095388670e-02
1.118460442108735009e+01 1.098488230984955072e+00 3.589009233348663952e-02
1.274245069961824761e+01 8.585074141856932073e-01 2.968000764734395752e-02
1.451728140926205768e+01 6.780842075962851823e-01 2.516788641908660959e-02
1.653931920034971981e+01 5.171281960970999236e-01 2.157658307323619476e-02
1.884299628142029093e+01 4.065794739113648415e-01 1.907731322409220165e-02
2.146754074702852577e+01 3.087722387207068042e-01 1.709276130392192034e-02
2.445764457215044274e+01 2.354207756991031353e-01 1.564893748987317840e-02
2.786422464810916466e+01 1.645220904681108376e-01 1.441447697216376514e-02
3.174528981929791982e+01 1.192190571068174609e-01 1.360541038633891579e-02
3.616692868500850011e+01 8.356825269334589024e-02 1.299741111781397944e-02
4.120443498711833286e+01 5.869200021395593048e-02 1.257573106011396560e-02
4.694358974726586098e+01 4.056045131162000494e-02 1.227478451715604928e-02
