1.069642439726958605e+00 -1.772125539661743243e+00 nan
1.218627458003121777e+00 -9.246537418543896436e-01 3.372371640582647045e-01
1.388363836590320144e+00 -1.111709560410552022e+00 nan
1.581741926207981042e+00 -1.027341127769076046e+00 nan
1.802054659727066133e+00 -4.637663479724114524e-01 5.112520329304549582e-01
2.053053625776520175e+00 3.900650593837768909e-01 6.749990551897701030e-01
2.339012952555230562e+00 3.411707312699443051e+00 9.872319101397993846e-01
2.664802089693036891e+00 4.973173865419110662e+00 9.569281947197589844e-01
3.035968727524477995e+00 7.406053173801693035e+00 9.429818127697887631e-01
3.458833265763586962e+00 8.737016826004680325e+00 8.431627744172996985e-01
3.940596440236666886e+00 8.505278043786098863e+00 6.910771563792643679e-01
4.489461940391565875e+00 7.565883313112557573e+00 5.443401309974419400e-01
5.114776105571953835e+00 6.436621505571771706e+00 4.217288749500695544e-01
5.827187078870319503e+00 4.975543466985752339e+00 3.139977497246261295e-01
6.638826128706195817e+00 3.952705963724087557e+00 2.380894691442532185e-01
7.563514225758552811e+00 3.124778890464118941e+00 1.817827483559265600e-01
8.616997392941321721e+00 2.485257494663306588e+00 1.403608173610750853e-01
9.817214836071872952e+00 2.028738245645635985e+00 1.106928593106137754e-01
1.118460442108735009e+01 1.478849835267868063e+00 8.451342421489242696e-02
1.274245069961824761e+01 1.218676099546208924e+00 6.871657757899599095e-02
1.451728140926205768e+01 9.573805621294420032e-01 5.584727413373798133e-02
1.653931920034971981e+01 6.921623493118540527e-01 4.508983073549786835e-02
1.884299628142029093e+01 5.526954331381703778e-01 3.838508814462229801e-02
2.146754074702852577e+01 4.189000676955876301e-01 3.296281437518976121e-02
2.445764457215044274e+01 3.149911885520966237e-01 2.894750612032185103e-02
2.786422464810916466e+01 2.323411817457514683e-01 2.594101159724417419e-02
3.174528981929791982e+01 1.804760417842352638e-01 2.394647962618817044e-02
3.616692868500850011e+01 1.087911758676485263e-01 2.190442251954421299e-02
4.120443498711833286e+01 7.472827892166034047e-02 2.077706096741146341e-02
4.694358974726586098e+01 4.921107429797766386e-02 1.996365885919064442e-02
