1.069642439726958605e+00 -3.386350103463136030e+00 nan
1.218627458003121777e+00 -1.849717165288510490e+00 nan
1.388363836590320144e+00 -8.244290842565522581e-01 7.692332776865924870e+00
1.581741926207981042e+00 -6.634047267355982491e-01 8.673036425188675125e+00
1.802054659727066133e+00 -1.044292294431127477e+00 nan
2.053053625776520175e+00 -5.105412885932527622e-01 7.047446509993791075e+00
2.339012952555230562e+00 -9.333814101324755530e-01 2.128853160531320565e+00
2.664802089693036891e+00 -7.456474538294035614e-01 3.454097045607970706e+00
3.035968727524477995e+00 -1.073491345627248794e+00 nan
3.458833265763586962e+00 5.954122152129558643e+00 1.227379733652019667e+01
3.940596440236666886e+00 -1.013653114797264276e+00 nan
4.489461940391565875e+00 8.923024515246032351e+00 9.907082011092784413e+00
5.114776105571953835e+00 7.912890405470149879e+00 7.723714486600809614e+00
5.827187078870319503e+00 1.402282780642465276e+01 8.296773716172930691e+00
6.638826128706195817e+00 1.017522822538618144e+01 5.884874049188393741e+00
7.563514225758552811e+00 7.922927703712089986e+00 4.336119072939941255e+00
8.616997392941321721e+00 9.738322135684819969e+00 3.950324908528664025e+00
9.817214836071872952e+00 9.676967538723996398e+00 3.271006382392611211e+00
1.118460442108735009e+01 6.180746341408034361e+00 2.206090715102760225e+00
1.274245069961824761e+01 4.835899476828872778e+00 1.644519916834783047e+00
1.451728140926205768e+01 3.449833222574854030e+00 1.186932605033541810e+00
1.653931920034971981e+01 2.169471720681089622e+00 8.257295239071107407e-01
1.884299628142029093e+01 1.387313514413627713e+00 5.918431939030444067e-01
2.146754074702852577e+01 1.082790100702782476e+00 4.610558658217834838e-01
2.445764457215044274e+01 9.304397786130060855e-01 3.731433566657684775e-01
2.786422464810916466e+01 5.858305531785230613e-01 2.827846571783486640e-01
3.174528981929791982e+01 4.838635754864848426e-01 2.328115208341180187e-01
3.616692868500850011e+01 2.333764579584831633e-01 1.792939645758218348e-01
4.120443498711833286e+01 2.671835964818165543e-01 1.599109386036459135e-01
4.694358974726586098e+01 1.880973826126852710e-01 1.361607967151588217e-01
