1.069642439726958605e+00 -1.246917170386470985e+00 nan
1.218627458003121777e+00 -8.727652292467871220e-01 1.756334418949508369e-01
1.388363836590320144e+00 -4.554434932703614880e-01 3.084184909697135768e-01
1.581741926207981042e+00 6.570678340389386474e-01 4.384295131193617356e-01
1.802054659727066133e+00 2.250161484522176458e+00 5.057408727563621476e-01
2.053053625776520175e+00 5.306476280317271588e+00 5.804086695594662393e-01
2.339012952555230562e+00 6.719233968772105214e+00 5.292193368572707390e-01
2.664802089693036891e+00 8.154969678177176107e+00 4.834699550858135852e-01
3.035968727524477995e+00 7.527216814109031873e+00 3.883212470053446497e-01
3.458833265763586962e+00 6.857345647516011944e+00 3.103553796631756123e-01
3.940596440236666886e+00 5.967790505200358808e+00 2.432883484623066528e-01
4.489461940391565875e+00 5.125348812406135934e+00 1.903931282595227037e-01
5.114776105571953835e+00 4.035164522618590155e+00 1.439890829300891351e-01
5.827187078870319503e+00 3.292293372964886444e+00 1.116706303134712558e-01
6.638826128706195817e+00 2.608351968323281422e+00 8.614645436801858513e-02
7.563514225758552811e+00 2.081917110770705293e+00 6.751218358843930067e-02
8.616997392941321721e+00 1.713674448652740878e+00 5.426264461504446551e-02
9.817214836071872952e+00 1.321577136256367524e+00 4.306293765381823124e-02
1.118460442108735009e+01 1.052464114315925681e+00 3.524533816301525513e-02
1.274245069961824761e+01 8.467209246372144893e-01 2.948098587274164406e-02
1.451728140926205768e+01 6.591509237877266614e-01 2.489638256181912757e-02
1.653931920034971981e+01 4.947293663786074269e-01 2.127495492647945435e-02
1.884299628142029093e+01 3.910284468830413918e-01 1.886413955932368658e-02
2.146754074702852577e+01 2.944637234053164576e-01 1.689946502688732116e-02
2.445764457215044274e+01 2.176487058243916639e-01 1.541903725487089524e-02
2.786422464810916466e+01 1.641415714381908586e-01 1.438959934818982364e-02
3.174528981929791982e+01 1.167604337018859351e-01 1.355811617935234401e-02
3.616692868500850011e+01 8.283143628003286629e-02 1.297135567271021084e-02
4.120443498711833286e+01 5.828342372337802502e-02 1.255434759191809135e-02
4.694358974726586098e+01 3.854429409678394869e-02 1.223536048610953351e-02
