1.069642439726958605e+00 -1.020911888588819316e+00 nan
1.218627458003121777e+00 -1.046844341910607046e+00 nan
1.388363836590320144e+00 -7.328561611691295496e-01 5.379494504106098196e-01
1.581741926207981042e+00 -9.121890443085685085e-01 2.511414019311430379e-01
1.802054659727066133e+00 -8.953152854044250653e-01 2.254479374533403246e-01
2.053053625776520175e+00 3.963894435260941762e-01 6.753081241600775719e-01
2.339012952555230562e+00 3.170164762259875424e+00 9.579136638332901299e-01
2.664802089693036891e+00 4.693276515812620175e+00 9.322681523179846552e-01
3.035968727524477995e+00 7.446265019415861275e+00 9.436023401583928383e-01
3.458833265763586962e+00 8.648198671299734741e+00 8.376479757172112794e-01
3.940596440236666886e+00 9.018467969636279946e+00 7.094558845178507989e-01
4.489461940391565875e+00 7.643027059614658114e+00 5.460392996940639510e-01
5.114776105571953835e+00 6.086066386590925248e+00 4.099470149958864273e-01
5.827187078870319503e+00 4.697689931202956970e+00 3.052203761816148497e-01
6.638826128706195817e+00 3.843659046364541254e+00 2.346807983268959230e-01
7.563514225758552811e+00 3.256511059012477283e+00 1.848653449208666755e-01
8.616997392941321721e+00 2.478944477829237769e+00 1.399791922295064717e-01
9.817214836071872952e+00 1.935093453297140442e+00 1.083712310443366023e-01
1.118460442108735009e+01 1.573647413015299534e+00 8.645458526876174943e-02
1.274245069961824761e+01 1.270307756827297574e+00 6.968980207566442819e-02
1.451728140926205768e+01 9.911359762582174771e-01 5.644543604765697026e-02
1.653931920034971981e+01 7.616063324102739784e-01 4.638589687964722597e-02
1.884299628142029093e+01 5.932756522519633258e-01 3.911018555882753156e-02
2.146754074702852577e+01 4.389110921086325501e-01 3.329810290428220076e-02
2.445764457215044274e+01 3.381863008387624436e-01 2.934477507541925073e-02
2.786422464810916466e+01 2.471110338160882325e-01 2.618468152927716508e-02
3.174528981929791982e+01 1.763438662671126256e-01 2.384471063428141024e-02
3.616692868500850011e+01 1.317204653475234633e-01 2.230262258378262405e-02
4.120443498711833286e+01 9.333029175257401278e-02 2.109725310027002823e-02
4.694358974726586098e+01 6.380625117006655245e-02 2.021155463252904266e-02
