1.069642439726958605e+00 -1.049503698980666311e+00 nan
1.218627458003121777e+00 -7.717272778926156374e-01 2.369680809318235881e-01
1.388363836590320144e+00 -4.349441252328951624e-01 3.164564391547878830e-01
1.581741926207981042e+00 9.732016312755282783e-01 4.819898989885343932e-01
1.802054659727066133e+00 2.098162684576887038e+00 4.972897711054020675e-01
2.053053625776520175e+00 5.229165956397411108e+00 5.809451694275808986e-01
2.339012952555230562e+00 6.034323425773269634e+00 5.081749379530463573e-01
2.664802089693036891e+00 7.892699101386199345e+00 4.795463381196979902e-01
3.035968727524477995e+00 8.056926677382158175e+00 4.038221187407722290e-01
3.458833265763586962e+00 6.849478203233200446e+00 3.123449443070244747e-01
3.940596440236666886e+00 6.249847685648314055e+00 2.504224432905090003e-01
4.489461940391565875e+00 4.979668477006317318e+00 1.890761954062209760e-01
5.114776105571953835e+00 4.178169282084986946e+00 1.473348212868580698e-01
5.827187078870319503e+00 3.291497321109849494e+00 1.123894472278831602e-01
6.638826128706195817e+00 2.652860865315002314e+00 8.735817372805357306e-02
7.563514225758552811e+00 2.090316983216274682e+00 6.805262146082396990e-02
8.616997392941321721e+00 1.655152575883129362e+00 5.380365851738997535e-02
9.817214836071872952e+00 1.341029578131029965e+00 4.356677583387884301e-02
1.118460442108735009e+01 1.069109468896073611e+00 3.565205925366088380e-02
1.274245069961824761e+01 8.126931231739524808e-01 2.922174233971838730e-02
1.451728140926205768e+01 6.515074004213650127e-01 2.493129819097297459e-02
1.653931920034971981e+01 5.084172864918856671e-01 2.154093047241587011e-02
1.884299628142029093e+01 3.872034896264819892e-01 1.890600198430200662e-02
2.146754074702852577e+01 3.054051823002050803e-01 1.710204623163584167e-02
2.445764457215044274e+01 2.105911079792366358e-01 1.540158297930768576e-02
2.786422464810916466e+01 1.593367847873550236e-01 1.439205533669939835e-02
3.174528981929791982e+01 1.054792415368386305e-01 1.348018710538072262e-02
3.616692868500850011e+01 7.744288669623133892e-02 1.295863657109771333e-02
4.120443498711833286e+01 5.969926339546227645e-02 1.261841676171154836e-02
4.694358974726586098e+01 4.145405240523070134e-02 1.231501636435821181e-02
