1.069642439726958605e+00 -1.182429461081242472e+00 nan
1.218627458003121777e+00 -2.603354701292319717e-01 1.851305374476219257e+01
1.388363836590320144e+00 -2.177107825927904194e+00 nan
1.581741926207981042e+00 -1.106687898089172339e+00 nan
1.802054659727066133e+00 -1.237703780004205001e+00 nan
2.053053625776520175e+00 -5.031403023679061892e-01 7.065732010977661126e+00
2.339012952555230562e+00 -1.107138093173708704e+00 nan
2.664802089693036891e+00 -1.052929923988140892e+00 nan
3.035968727524477995e+00 -1.321248671406203279e+00 nan
3.458833265763586962e+00 -1.256651388345007447e+00 nan
3.940596440236666886e+00 -8.662723013255626547e-01 1.389884632412675680e+00
4.489461940391565875e+00 1.184336164067594588e+01 1.122576998814989935e+01
5.114776105571953835e+00 7.688273992289600400e+00 7.587788591547517392e+00
5.827187078870319503e+00 1.669491439781343445e+01 8.976256405496091162e+00
6.638826128706195817e+00 1.392316333542815521e+01 6.791757690081859700e+00
7.563514225758552811e+00 1.257854307812698380e+01 5.357930233163959777e+00
8.616997392941321721e+00 4.008746737390698200e+00 2.653380417020917204e+00
9.817214836071872952e+00 7.756366449966408005e+00 2.931356719797879595e+00
1.118460442108735009e+01 4.894506507992812949e+00 1.978042795806036924e+00
1.274245069961824761e+01 3.659334633787853175e+00 1.451429704708721458e+00
1.451728140926205768e+01 2.817331823753907560e+00 1.087675182907879012e+00
1.653931920034971981e+01 2.900585768331556125e+00 9.208844724546056959e-01
1.884299628142029093e+01 1.949803036722581373e+00 6.622206347459514975e-01
2.146754074702852577e+01 1.068035391461398920e+00 4.571079287747239484e-01
2.445764457215044274e+01 1.738810998300380550e+00 4.569233222735510358e-01
2.786422464810916466e+01 9.431070405182568894e-01 3.181126618315308074e-01
3.174528981929791982e+01 6.751479344010846706e-01 2.500911662535255653e-01
3.616692868500850011e+01 4.166035075544491928e-01 1.952877991163762539e-01
4.120443498711833286e+01 1.208149582639810315e-01 1.465369131017436877e-01
4.694358974726586098e+01 4.943849953440171419e-02 1.240819151203252924e-01
