1.069642439726958605e+00 -1.279779562632622270e+00 nan
1.218627458003121777e+00 -7.921869783287163180e-01 2.252460713228281453e-01
1.388363836590320144e+00 -1.775601674111237926e-01 3.803854575911965741e-01
1.581741926207981042e+00 6.785338113286658590e-01 4.427978916835371148e-01
1.802054659727066133e+00 2.457934147299758454e+00 5.235564608373974860e-01
2.053053625776520175e+00 4.846373133813976608e+00 5.604383736618466783e-01
2.339012952555230562e+00 6.697030355935010171e+00 5.302464597283790271e-01
2.664802089693036891e+00 7.814645442925562513e+00 4.755823018648434042e-01
3.035968727524477995e+00 8.006268335995510910e+00 4.011486745714921143e-01
3.458833265763586962e+00 7.311818715463227925e+00 3.210615108958901898e-01
3.940596440236666886e+00 5.813659678548820153e+00 2.410787315078405380e-01
4.489461940391565875e+00 4.911054080519110521e+00 1.871816926424347549e-01
5.114776105571953835e+00 4.142758421888897757e+00 1.462391549363151744e-01
5.827187078870319503e+00 3.364081084268087274e+00 1.131401159612791946e-01
6.638826128706195817e+00 2.641775081548159765e+00 8.690440112393298111e-02
7.563514225758552811e+00 2.154781478538412287e+00 6.873581757323836416e-02
8.616997392941321721e+00 1.719618686414880582e+00 5.449911051942327167e-02
9.817214836071872952e+00 1.349437368919543578e+00 4.354326175357168399e-02
1.118460442108735009e+01 1.108450066481535323e+00 3.604037856646821747e-02
1.274245069961824761e+01 8.441579577347368968e-01 2.952508152836837152e-02
1.451728140926205768e+01 6.675312253218841363e-01 2.505767295183874629e-02
1.653931920034971981e+01 5.220832765145113630e-01 2.164876550421044113e-02
1.884299628142029093e+01 3.878245745214548013e-01 1.886803052568677974e-02
2.146754074702852577e+01 3.074372929962256862e-01 1.708679279466361958e-02
2.445764457215044274e+01 2.208932947639246080e-01 1.548797767022983690e-02
2.786422464810916466e+01 1.681997716546079769e-01 1.446482598370129290e-02
3.174528981929791982e+01 1.229081149092288161e-01 1.365522053790970726e-02
3.616692868500850011e+01 8.290293802501347287e-02 1.299612394836288654e-02
4.120443498711833286e+01 5.789562861429042862e-02 1.257260531218017813e-02
4.694358974726586098e+01 4.327244770010918451e-02 1.231220268865604144e-02
