1.069642439726958605e+00 -1.029866264157316191e+00 nan
1.218627458003121777e+00 -8.214673304629263040e-01 5.204746609747599173e-01
1.388363836590320144e+00 -1.221129467285204218e+00 nan
1.581741926207981042e+00 -1.101531170251549341e+00 nan
1.802054659727066133e+00 -8.918123467466005927e-01 2.302046051290981832e-01
2.053053625776520175e+00 1.612809988388441695e-01 6.184917455749258108e-01
2.339012952555230562e+00 1.546548450124207941e+00 7.509388902254267029e-01
2.664802089693036891e+00 4.476023244507659982e+00 9.181155550100273954e-01
3.035968727524477995e+00 7.268504664472633436e+00 9.374374879817728434e-01
3.458833265763586962e+00 8.920542536884155993e+00 8.536006931415975885e-01
3.940596440236666886e+00 8.280631902516105924e+00 6.840737172079341955e-01
4.489461940391565875e+00 7.059622561208879432e+00 5.280306146687735458e-01
5.114776105571953835e+00 5.981652514418666300e+00 4.083279753229448472e-01
5.827187078870319503e+00 5.002207316053572050e+00 3.155537393112092248e-01
6.638826128706195817e+00 3.975257532584661302e+00 2.392869847802844840e-01
7.563514225758552811e+00 3.201581890434250788e+00 1.841994848453667732e-01
8.616997392941321721e+00 2.393625296218267362e+00 1.384498252123259610e-01
9.817214836071872952e+00 2.000748979882181366e+00 1.103034056036442528e-01
1.118460442108735009e+01 1.547459052734184048e+00 8.620800665157095366e-02
1.274245069961824761e+01 1.263396171276993218e+00 6.979942368502785321e-02
1.451728140926205768e+01 9.095680061230888569e-01 5.499654071179468223e-02
1.653931920034971981e+01 7.161284795134787995e-01 4.565028692730246224e-02
1.884299628142029093e+01 5.266966059331901207e-01 3.795882683973084148e-02
2.146754074702852577e+01 4.049916956122472378e-01 3.275958187614172457e-02
2.445764457215044274e+01 3.095052326714180513e-01 2.889449313898836622e-02
2.786422464810916466e+01 2.374564344287695139e-01 2.607777479866006318e-02
3.174528981929791982e+01 1.726097243948350179e-01 2.383838776459073355e-02
3.616692868500850011e+01 1.207518902191020427e-01 2.215700459293847707e-02
4.120443498711833286e+01 8.204775691742649535e-02 2.094136811856208216e-02
4.694358974726586098e+01 5.088202833981281259e-02 2.002225000449481263e-02
