1.069642439726958605e+00 -1.203123743037965099e+00 nan
1.218627458003121777e+00 -7.630252343689936101e-01 6.043400108650512914e-01
1.388363836590320144e+00 -1.068338577100500064e+00 nan
1.581741926207981042e+00 -7.273719687976938353e-01 4.479757475898341057e-01
1.802054659727066133e+00 -3.358808919907882995e-01 5.749328505869203410e-01
2.053053625776520175e+00 -3.732113048236058717e-01 4.578181129124431759e-01
2.339012952555230562e+00 2.792032206411441120e+00 9.243839085501613928e-01
2.664802089693036891e+00 5.287705259537740510e+00 9.923376140553845648e-01
3.035968727524477995e+00 7.251149925551565900e+00 9.436629144137708147e-01
3.458833265763586962e+00 9.448330749443483612e+00 8.837740332684996813e-01
3.940596440236666886e+00 7.982013769926921576e+00 6.774126066364668519e-01
4.489461940391565875e+00 7.454659615599643629e+00 5.459228212094617838e-01
5.114776105571953835e+00 6.066007974408850423e+00 4.140893419487566840e-01
5.827187078870319503e+00 5.129187436699556457e+00 3.216291733682283827e-01
6.638826128706195817e+00 3.867734441217550945e+00 2.380327809784271720e-01
7.563514225758552811e+00 3.383951147784148183e+00 1.902127580942783724e-01
8.616997392941321721e+00 2.636494944970656285e+00 1.453609692069618153e-01
9.817214836071872952e+00 2.055343647099511450e+00 1.123172384963984638e-01
1.118460442108735009e+01 1.638528637035730817e+00 8.878146494458794002e-02
1.274245069961824761e+01 1.344600892808134551e+00 7.194835234027033288e-02
1.451728140926205768e+01 1.008411249215090288e+00 5.734396802786240893e-02
1.653931920034971981e+01 7.532861352408999345e-01 4.665451352363787080e-02
1.884299628142029093e+01 5.817879200029656417e-01 3.923615983387388623e-02
2.146754074702852577e+01 4.584690804849043122e-01 3.394939863984892947e-02
2.445764457215044274e+01 3.410453796426771156e-01 2.963313555098813154e-02
2.786422464810916466e+01 2.532287134113009319e-01 2.649773899103603086e-02
3.174528981929791982e+01 1.737075235054696964e-01 2.396923830689692489e-02
3.616692868500850011e+01 1.208174508485340137e-01 2.225687699720803325e-02
4.120443498711833286e+01 8.837703878094815835e-02 2.114826676515131967e-02
4.694358974726586098e+01 5.676194643969023623e-02 2.021457743226862808e-02
