1.069642439726958605e+00 -1.832587669620239890e+00 nan
1.218627458003121777e+00 -7.448497164889007482e-01 3.762711941513041669e+00
1.388363836590320144e+00 -1.513424093691746908e+00 nan
1.581741926207981042e+00 -9.270179752416483066e-01 1.390698805737416333e+00
1.802054659727066133e+00 -8.658110518013384382e-01 1.550384687592740063e+00
2.053053625776520175e+00 -1.010053612440040549e+00 nan
2.339012952555230562e+00 -1.092767464510750575e+00 nan
2.664802089693036891e+00 -8.473932397211236811e-01 9.213342637487840214e-01
3.035968727524477995e+00 -1.075458208814395356e+00 nan
3.458833265763586962e+00 3.302988651623421035e+00 3.327205666767349523e+00
3.940596440236666886e+00 5.333428251860771852e+00 3.322231127480976820e+00
4.489461940391565875e+00 1.130808508618988029e+01 3.828704698472023438e+00
5.114776105571953835e+00 1.088183946826977966e+01 3.105413665827100544e+00
5.827187078870319503e+00 6.935773599260288691e+00 2.087240423860418748e+00
6.638826128706195817e+00 8.924572123889838338e+00 1.941603410429993293e+00
7.563514225758552811e+00 6.071702943307109912e+00 1.350760652175150733e+00
8.616997392941321721e+00 6.137791423595011508e+00 1.131366040292168584e+00
9.817214836071872952e+00 4.946386521147016602e+00 8.567909632770717154e-01
1.118460442108735009e+01 3.468408158164986599e+00 6.142283630136102790e-01
1.274245069961824761e+01 2.535305092456831666e+00 4.530476971426738442e-01
1.451728140926205768e+01 2.253586257277545801e+00 3.654398189010145681e-01
1.653931920034971981e+01 1.766805557671889737e+00 2.828679998009417940e-01
1.884299628142029093e+01 1.138540788420706829e+00 2.072141634584203918e-01
2.146754074702852577e+01 9.693303424450352423e-01 1.698595332826184912e-01
2.445764457215044274e+01 7.454292695089024257e-01 1.369933881820141752e-01
2.786422464810916466e+01 5.426116275827082003e-01 1.111425545832572248e-01
3.174528981929791982e+01 3.889497751249948454e-01 9.218406193069102195e-02
3.616692868500850011e+01 2.460210380856509005e-01 7.703037734710296847e-02
4.120443498711833286e+01 1.554690743680573473e-01 6.675315522814165292e-02
4.694358974726586098e+01 1.398804108843842986e-01 6.168016109431924410e-02
