1.069642439726958605e+00 -6.573940288821455979e-01 5.595221267531435672e+00
1.218627458003121777e+00 -4.888715777853755995e-01 5.193502528003324237e+00
1.388363836590320144e+00 -8.383076584050228597e-01 2.479000371213218035e+00
1.581741926207981042e+00 -7.268480238134613636e-01 2.623741232514142485e+00
1.802054659727066133e+00 -6.822054312013510202e-01 2.326747766063878675e+00
2.053053625776520175e+00 -7.987652018007873611e-01 1.517489212908422758e+00
2.339012952555230562e+00 -1.118160036953117054e+00 nan
2.664802089693036891e+00 -1.100051913974837259e+00 nan
3.035968727524477995e+00 1.785744465480965104e-03 1.899478349336609417e+00
3.458833265763586962e+00 4.600936876957808508e+00 3.703926814696889558e+00
3.940596440236666886e+00 6.175805691532215036e+00 3.450608800002989085e+00
4.489461940391565875e+00 9.093385694319579216e+00 3.375496591491597531e+00
5.114776105571953835e+00 1.164038911393951992e+01 3.127773953276420382e+00
5.827187078870319503e+00 1.101738271831384530e+01 2.525085304251011298e+00
6.638826128706195817e+00 8.539227331210948790e+00 1.855604669523793104e+00
7.563514225758552811e+00 6.748095746226148606e+00 1.383550552762778940e+00
8.616997392941321721e+00 5.435864005307939451e+00 1.044442771917537316e+00
9.817214836071872952e+00 3.970673686039837502e+00 7.585512030949806972e-01
1.118460442108735009e+01 3.450955134842182304e+00 5.985094537959071426e-01
1.274245069961824761e+01 2.828816742544796536e+00 4.629223212946310118e-01
1.451728140926205768e+01 2.237318449975808310e+00 3.560639626495894494e-01
1.653931920034971981e+01 1.569893418883105518e+00 2.646203124915271210e-01
1.884299628142029093e+01 1.050173129987175491e+00 1.974912317304620968e-01
2.146754074702852577e+01 8.569437672361559510e-01 1.601203457669216068e-01
2.445764457215044274e+01 5.682541354621488683e-01 1.249771788298775083e-01
2.786422464810916466e+01 4.632320566846761523e-01 1.049929755961402089e-01
3.174528981929791982e+01 3.964460559121050220e-01 9.078208831745161744e-02
3.616692868500850011e+01 2.663778498437732178e-01 7.657653328362921952e-02
4.120443498711833286e+01 1.685488096595859631e-01 6.619982983736508175e-02
4.694358974726586098e+01 1.181699068300616773e-01 5.969666890707915619e-02
