1.069642439726958605e+00 -9.121473054062123609e-02 2.700335595729300309e+01
1.218627458003121777e+00 -1.520670940258463943e+00 nan
1.388363836590320144e+00 -1.723235279366774897e+00 nan
1.581741926207981042e+00 -9.562101910828029183e-01 3.112923182320260551e+00
1.802054659727066133e+00 -6.274209309121492328e-01 7.465311048485097523e+00
2.053053625776520175e+00 -7.764385391620711729e-01 4.739529960326956726e+00
2.339012952555230562e+00 -6.032572448060831150e-01 5.169816741977063757e+00
2.664802089693036891e+00 -1.116096998572391197e+00 nan
3.035968727524477995e+00 -1.213783455137397382e+00 nan
3.458833265763586962e+00 -1.183856182269361845e+00 nan
3.940596440236666886e+00 8.596633475870397945e+00 1.179674662379349037e+01
4.489461940391565875e+00 2.298965323507410563e+00 5.673096769850201504e+00
5.114776105571953835e+00 1.006794408075685432e+01 8.573140366390159528e+00
5.827187078870319503e+00 1.223943458792670214e+01 7.741995080984784394e+00
6.638826128706195817e+00 9.904478997823186859e+00 5.783462911381958449e+00
7.563514225758552811e+00 9.164458841821891966e+00 4.613611768895470533e+00
8.616997392941321721e+00 7.260067751450758777e+00 3.430520482117402903e+00
9.817214836071872952e+00 4.272962140755252491e+00 2.250889346939846103e+00
1.118460442108735009e+01 4.434021993837989228e+00 1.895331360331218518e+00
1.274245069961824761e+01 3.986973839597207636e+00 1.504789675514085490e+00
1.451728140926205768e+01 4.006300315543155577e+00 1.259567223388425861e+00
1.653931920034971981e+01 2.509118931315557077e+00 8.688167638450063901e-01
1.884299628142029093e+01 1.404418727471349104e+00 5.913932590319188609e-01
2.146754074702852577e+01 1.679833683009936296e+00 5.295293105063465511e-01
2.445764457215044274e+01 1.144655156620139724e+00 3.949615051183147929e-01
2.786422464810916466e+01 6.349914111880909928e-01 2.866833403806064440e-01
3.174528981929791982e+01 3.781815379442292624e-01 2.214753704966483383e-01
3.616692868500850011e+01 1.024883116351682499e-01 1.662669864857210800e-01
4.120443498711833286e+01 1.395046962269099744e-01 1.481767474607369461e-01
4.694358974726586098e+01 1.283810542003349653e-01 1.306836480893609764e-01
