1.069642439726958605e+00 -1.370988431748689784e+00 nan
1.218627458003121777e+00 -6.574850251933470613e-01 7.201951704324153214e-01
1.388363836590320144e+00 -9.074662911765778439e-01 3.176793348362597080e-01
1.581741926207981042e+00 -9.961619274408179958e-01 5.268341117902772264e-02
1.802054659727066133e+00 -1.111164906774383176e+00 nan
2.053053625776520175e+00 7.626225032987641317e-01 7.614483054065251943e-01
2.339012952555230562e+00 2.466015541117805299e+00 8.758102169978267959e-01
2.664802089693036891e+00 4.920441118627749688e+00 9.541512215284149168e-01
3.035968727524477995e+00 7.705211721770853117e+00 9.615820629051994306e-01
3.458833265763586962e+00 8.060346414889385969e+00 8.133413034661637342e-01
3.940596440236666886e+00 7.951994488112835491e+00 6.704588574476051388e-01
4.489461940391565875e+00 7.174158465967140685e+00 5.315501692500642639e-01
5.114776105571953835e+00 6.327726056960051082e+00 4.189433500526028586e-01
5.827187078870319503e+00 4.935343306528455543e+00 3.132811239179577600e-01
6.638826128706195817e+00 4.080904195751452690e+00 2.419612442343055669e-01
7.563514225758552811e+00 3.046135371099039979e+00 1.800072313984663053e-01
8.616997392941321721e+00 2.579250935995573535e+00 1.428409943474277799e-01
9.817214836071872952e+00 1.981791484062725761e+00 1.097708156377805305e-01
1.118460442108735009e+01 1.586986026573957709e+00 8.699729595587250841e-02
1.274245069961824761e+01 1.261833158863693294e+00 6.970887248893359311e-02
1.451728140926205768e+01 9.326150396824501865e-01 5.541820991885876291e-02
1.653931920034971981e+01 7.144158139530274454e-01 4.558159904679204982e-02
1.884299628142029093e+01 5.438671523041513911e-01 3.826030899117545403e-02
2.146754074702852577e+01 4.229936718684486063e-01 3.307626367432719289e-02
2.445764457215044274e+01 3.200863645727938245e-01 2.907271839384979045e-02
2.786422464810916466e+01 2.310307724521565298e-01 2.594248265013893162e-02
3.174528981929791982e+01 1.724387716664328440e-01 2.382098092489854865e-02
3.616692868500850011e+01 1.189143398654566308e-01 2.211049007761997989e-02
4.120443498711833286e+01 7.851491202022131688e-02 2.086486483766814004e-02
4.694358974726586098e+01 4.591818378066969686e-02 1.992033554394923717e-02
