1.069642439726958605e+00 -6.571199888641425790e-01 1.679233445488063836e+01
1.218627458003121777e+00 3.620176848874598896e-01 2.543358054342793295e+01
1.388363836590320144e+00 -1.067754168596572129e+00 nan
1.581741926207981042e+00 -8.281250000000000000e-01 6.243710499298964933e+00
1.802054659727066133e+00 -5.446271019306623273e-01 8.355582407807364831e+00
2.053053625776520175e+00 -8.676396248779807419e-01 3.692057156681075369e+00
2.339012952555230562e+00 -7.622650991024682021e-01 4.051518684332407361e+00
2.664802089693036891e+00 -1.270239073680138997e+00 nan
3.035968727524477995e+00 -8.060446459905246108e-01 2.506726322335228296e+00
3.458833265763586962e+00 6.472482351906506892e+00 1.281851923397591086e+01
3.940596440236666886e+00 -9.689698983580921077e-01 6.778043526122357054e-01
4.489461940391565875e+00 2.416164866136639056e+00 5.844729049119730568e+00
5.114776105571953835e+00 1.488364832417036610e+01 1.041890304325172067e+01
5.827187078870319503e+00 1.266287669078146294e+01 7.963706132773666901e+00
6.638826128706195817e+00 1.021731651310613742e+01 5.939593987281383214e+00
7.563514225758552811e+00 1.012212175636499722e+01 4.891552491286073945e+00
8.616997392941321721e+00 6.965552052948355666e+00 3.407832766047476536e+00
9.817214836071872952e+00 7.931236414755035824e+00 2.997791267379610769e+00
1.118460442108735009e+01 4.407677266293374529e+00 1.913395255883238555e+00
1.274245069961824761e+01 3.557263619860609793e+00 1.451755719349394402e+00
1.451728140926205768e+01 2.627803763254244807e+00 1.071097188647222032e+00
1.653931920034971981e+01 2.112185695875286928e+00 8.234134992387027729e-01
1.884299628142029093e+01 1.885246131639880085e+00 6.617465437327262334e-01
2.146754074702852577e+01 1.389265111009065912e+00 5.016304081993674391e-01
2.445764457215044274e+01 6.553798098056498045e-01 3.439894490272339955e-01
2.786422464810916466e+01 6.080888598534259781e-01 2.870559147772911990e-01
3.174528981929791982e+01 6.120754477862737630e-01 2.467558113649613305e-01
3.616692868500850011e+01 2.539466262126834906e-01 1.823615692112590114e-01
4.120443498711833286e+01 2.928495390061696124e-01 1.631077529896341194e-01
4.694358974726586098e+01 1.498188790985506280e-01 1.337459776670954503e-01
