1.069642439726958605e+00 -1.287457880964583801e+00 nan
1.218627458003121777e+00 -7.371904065735350731e-01 6.336385071631419619e-01
1.388363836590320144e+00 -1.202625409600760698e+00 nan
1.581741926207981042e+00 -1.074117845686307415e+00 nan
1.802054659727066133e+00 -5.222030545794438261e-01 4.854873623271743210e-01
2.053053625776520175e+00 -3.975723651163800554e-01 4.468578836466290949e-01
2.339012952555230562e+00 3.013978289944191147e+00 9.470470476610088895e-01
2.664802089693036891e+00 6.162283755984583777e+00 1.055490177757396175e+00
3.035968727524477995e+00 7.565211044196146872e+00 9.577628815323880884e-01
3.458833265763586962e+00 9.407478194826239815e+00 8.781826750290028238e-01
3.940596440236666886e+00 8.664014145658075705e+00 7.012560133870330281e-01
4.489461940391565875e+00 7.139841877562695061e+00 5.325949072367095471e-01
5.114776105571953835e+00 6.307415362052175567e+00 4.200559032582667496e-01
5.827187078870319503e+00 5.014840157415347832e+00 3.169361777713658457e-01
6.638826128706195817e+00 4.231922672646129868e+00 2.470756001152048797e-01
7.563514225758552811e+00 3.320844773741955969e+00 1.878395348498913542e-01
8.616997392941321721e+00 2.638427227967954813e+00 1.448372385001955587e-01
9.817214836071872952e+00 1.944205298551792138e+00 1.093281205878383761e-01
1.118460442108735009e+01 1.656675946830834079e+00 8.884540668097544447e-02
1.274245069961824761e+01 1.287710041751357171e+00 7.050329110044636916e-02
1.451728140926205768e+01 1.025709862329324373e+00 5.749314701659356819e-02
1.653931920034971981e+01 7.656823385096866996e-01 4.674195131693721639e-02
1.884299628142029093e+01 5.991990923463546004e-01 3.944538855697327095e-02
2.146754074702852577e+01 4.622181482109342099e-01 3.391775304100224514e-02
2.445764457215044274e+01 3.354508088829346590e-01 2.944368809905484677e-02
2.786422464810916466e+01 2.431192928437335699e-01 2.623796608028937383e-02
3.174528981929791982e+01 1.742985142970492340e-01 2.391768271987591843e-02
3.616692868500850011e+01 1.276504028133085278e-01 2.232706410836879721e-02
4.120443498711833286e+01 8.419342544164098996e-02 2.102009964332706912e-02
4.694358974726586098e+01 5.899305851659897293e-02 2.020795115889727905e-02
