1.069642439726958605e+00 -1.082908560994181091e+00 nan
1.218627458003121777e+00 -8.711201449674055297e-01 2.731019271679406279e-01
1.388363836590320144e+00 -1.077638133794574848e+00 nan
1.581741926207981042e+00 -1.442781436849109866e-01 4.864645464786049867e-01
1.802054659727066133e+00 1.001932291543519593e+00 6.122190645398196684e-01
2.053053625776520175e+00 2.115672759508143930e+00 6.268896177376176437e-01
2.339012952555230562e+00 4.838773516523675156e+00 7.059064894031257253e-01
2.664802089693036891e+00 6.908306128342397656e+00 6.868285564080858219e-01
3.035968727524477995e+00 8.098728796382538064e+00 6.134922971733478558e-01
3.458833265763586962e+00 7.957629259274749955e+00 5.061592826609171425e-01
3.940596440236666886e+00 7.558876548420084163e+00 4.118586620349949934e-01
4.489461940391565875e+00 5.815518423757332300e+00 3.041858691089530664e-01
5.114776105571953835e+00 4.873033715552561596e+00 2.353709140109214448e-01
5.827187078870319503e+00 4.083739775047295240e+00 1.833601707554159965e-01
6.638826128706195817e+00 3.180574087356174307e+00 1.389704211808605872e-01
7.563514225758552811e+00 2.631549633432779700e+00 1.093960332370878252e-01
8.616997392941321721e+00 2.084143802263101808e+00 8.530877775554898679e-02
9.817214836071872952e+00 1.549600993351885947e+00 6.566415116274605668e-02
1.118460442108735009e+01 1.267163222211138640e+00 5.338143510139111564e-02
1.274245069961824761e+01 1.016801307290920775e+00 4.376261705789215306e-02
1.451728140926205768e+01 7.928454066092265329e-01 3.621720456784649489e-02
1.653931920034971981e+01 5.898108689966172768e-01 3.018976900803327368e-02
1.884299628142029093e+01 4.880940319606266176e-01 2.653828587579394604e-02
2.146754074702852577e+01 3.500031660785238863e-01 2.299169843000626809e-02
2.445764457215044274e+01 2.665406167581947372e-01 2.070000404191313717e-02
2.786422464810916466e+01 1.980723361189402620e-01 1.895105700672901003e-02
3.174528981929791982e+01 1.368744442536751205e-01 1.753977259351508639e-02
3.616692868500850011e+01 9.466948367097982597e-02 1.656682125789104773e-02
4.120443498711833286e+01 6.629560882587481885e-02 1.590708688255654951e-02
4.694358974726586098e+01 4.691380197096872706e-02 1.545640372591381914e-02
