1.069642439726958605e+00 -2.203746615803683362e+00 nan
1.218627458003121777e+00 -8.501379170364680160e-01 2.877829455342360454e+00
1.388363836590320144e+00 -1.116394857280770037e+00 nan
1.581741926207981042e+00 -1.338910983245896080e+00 nan
1.802054659727066133e+00 -9.674194313709487680e-01 7.623861253711545771e-01
2.053053625776520175e+00 -9.115729313355944718e-01 1.029411886986163926e+00
2.339012952555230562e+00 -1.056873267240760583e+00 nan
2.664802089693036891e+00 7.846759496318831406e-01 3.145263154440878672e+00
3.035968727524477995e+00 -1.004429065129488929e+00 nan
3.458833265763586962e+00 6.757651895398664177e-01 2.069984362169976944e+00
3.940596440236666886e+00 8.152545730898145493e+00 3.992241328403056233e+00
4.489461940391565875e+00 1.295660181812427858e+01 4.074598366528400462e+00
5.114776105571953835e+00 1.317204731789281169e+01 3.394453824574787948e+00
5.827187078870319503e+00 1.171488263981697209e+01 2.660018392046306968e+00
6.638826128706195817e+00 7.843359374675413775e+00 1.823853485669736374e+00
7.563514225758552811e+00 7.314822847685979568e+00 1.468951085541649215e+00
8.616997392941321721e+00 5.182477372903582236e+00 1.045162995255269234e+00
9.817214836071872952e+00 4.182913762293665627e+00 7.933055617412334559e-01
1.118460442108735009e+01 3.674628388726411288e+00 6.285939438866708917e-01
1.274245069961824761e+01 3.116626624187960548e+00 4.929021933821948198e-01
1.451728140926205768e+01 1.924528849081031501e+00 3.429834515023416630e-01
1.653931920034971981e+01 1.422853067535657434e+00 2.609949849041290348e-01
1.884299628142029093e+01 1.220734726204912857e+00 2.116538354427323354e-01
2.146754074702852577e+01 7.986923500736304860e-01 1.601144986076190324e-01
2.445764457215044274e+01 5.459033673036026713e-01 1.262502810112067220e-01
2.786422464810916466e+01 4.618594811254126409e-01 1.069023024631310659e-01
3.174528981929791982e+01 3.232231275289640937e-01 8.884751087113645918e-02
3.616692868500850011e+01 2.141545863791507465e-01 7.540645039673329886e-02
4.120443498711833286e+01 1.772018050083457030e-01 6.766785869142070975e-02
4.694358974726586098e+01 1.155420911129128037e-01 6.048314696232889864e-02
