1.069642439726958605e+00 -1.434269416969421229e+00 nan
1.218627458003121777e+00 -7.301797171910286988e-01 3.836836168167298666e+00
1.388363836590320144e+00 -8.692191710736798527e-01 2.266972064790230945e+00
1.581741926207981042e+00 -6.009542626534387644e-01 3.224592493671704752e+00
1.802054659727066133e+00 -1.094480065574047867e+00 nan
2.053053625776520175e+00 -9.462561462771941212e-01 7.973986938265316127e-01
2.339012952555230562e+00 -1.106614316514904495e+00 nan
2.664802089693036891e+00 -8.427005102150151306e-01 9.275286891998913985e-01
3.035968727524477995e+00 3.522088937292007227e-01 2.244143890744076941e+00
3.458833265763586962e+00 3.123078494035746555e+00 3.229336720389957449e+00
3.940596440236666886e+00 6.357773094609553866e+00 3.552972709122394601e+00
4.489461940391565875e+00 9.263800369394592948e+00 3.461116523625328067e+00
5.114776105571953835e+00 1.144843885274491235e+01 3.154522212871449405e+00
5.827187078870319503e+00 8.601926007711531597e+00 2.283978505048996688e+00
6.638826128706195817e+00 8.031271912033135507e+00 1.832566720578671315e+00
7.563514225758552811e+00 7.558999975060389787e+00 1.482572825656791604e+00
8.616997392941321721e+00 6.136009667725239147e+00 1.122086883646356892e+00
9.817214836071872952e+00 4.013225119605844604e+00 7.743337582016841525e-01
1.118460442108735009e+01 3.319125979494007339e+00 5.979899393715286671e-01
1.274245069961824761e+01 2.824914447925320093e+00 4.699066497813245147e-01
1.451728140926205768e+01 2.345739465954295166e+00 3.685592449163598294e-01
1.653931920034971981e+01 1.312754774813381875e+00 2.524936758945203197e-01
1.884299628142029093e+01 1.119007172718514687e+00 2.045150831546294623e-01
2.146754074702852577e+01 7.546684180382434715e-01 1.567654259130079608e-01
2.445764457215044274e+01 6.185396541714087704e-01 1.294022534848466577e-01
2.786422464810916466e+01 4.723973163934676034e-01 1.068779963388691856e-01
3.174528981929791982e+01 3.248856903450696443e-01 8.848817959736646199e-02
3.616692868500850011e+01 2.404669351334469685e-01 7.629306726897941426e-02
4.120443498711833286e+01 1.381398968829123941e-01 6.556043956181346888e-02
4.694358974726586098e+01 1.018912856420184365e-01 5.960630100273585363e-02
