1.069642439726958605e+00 -1.254219903879967291e+00 nan
1.218627458003121777e+00 -1.603587747503807837e+00 nan
1.388363836590320144e+00 -1.109611540430511134e+00 nan
1.581741926207981042e+00 -1.331414473684210620e+00 nan
1.802054659727066133e+00 -8.910738284365680162e-01 4.169289835375233011e+00
2.053053625776520175e+00 -1.540594793356281578e+00 nan
2.339012952555230562e+00 -6.086817993937725380e-01 5.303284146168619095e+00
2.664802089693036891e+00 -8.268582886339812532e-01 2.929145563237286254e+00
3.035968727524477995e+00 -1.197805074297429773e+00 nan
3.458833265763586962e+00 6.448689651188474592e+00 1.305692859047069199e+01
3.940596440236666886e+00 -1.140720309072434713e+00 nan
4.489461940391565875e+00 1.300379925222795130e+01 1.211022476143737059e+01
5.114776105571953835e+00 1.297565904044805229e+01 9.961507551817208039e+00
5.827187078870319503e+00 1.784746143069179425e+01 9.572199344207961147e+00
6.638826128706195817e+00 9.653443121774913038e+00 5.901251812351567594e+00
7.563514225758552811e+00 1.417107191329220761e+01 5.858776389425512932e+00
8.616997392941321721e+00 7.805643412463231456e+00 3.660544282570056041e+00
9.817214836071872952e+00 4.609378655601020114e+00 2.399126713525535859e+00
1.118460442108735009e+01 5.295573221829362076e+00 2.113364507028973271e+00
1.274245069961824761e+01 3.402568429421104934e+00 1.453525402726519866e+00
1.451728140926205768e+01 3.710045189425886125e+00 1.256693534449186078e+00
1.653931920034971981e+01 2.235561870949616115e+00 8.572677558143607657e-01
1.884299628142029093e+01 2.089017866726180728e+00 7.005287939661295482e-01
2.146754074702852577e+01 1.369973136195776320e+00 5.087606088376076530e-01
2.445764457215044274e+01 1.327498470361305305e+00 4.268542726483235961e-01
2.786422464810916466e+01 6.079592460196738823e-01 2.923107775079473170e-01
3.174528981929791982e+01 5.119265631418972173e-01 2.412932599359312313e-01
3.616692868500850011e+01 2.878870772130470712e-01 1.887322937675644796e-01
4.120443498711833286e+01 2.475182107007398713e-01 1.618011857291612454e-01
4.694358974726586098e+01 8.613935396010874435e-02 1.304410949545167231e-01
