1.069642439726958605e+00 -1.061729892535208553e+00 nan
1.218627458003121777e+00 -1.036315293805817550e+00 nan
1.388363836590320144e+00 -5.851407116975388956e-01 4.154875097688611740e-01
1.581741926207981042e+00 -1.113449001428111984e+00 nan
1.802054659727066133e+00 7.456534976955828675e-01 5.710857438423385668e-01
2.053053625776520175e+00 2.761451778544664837e+00 6.885359325498447980e-01
2.339012952555230562e+00 4.654264692022763938e+00 6.938748094547582124e-01
2.664802089693036891e+00 6.611828110916281531e+00 6.728736196139190051e-01
3.035968727524477995e+00 8.051113101626919288e+00 6.112634083971326682e-01
3.458833265763586962e+00 8.073905798454809712e+00 5.091970274964853216e-01
3.940596440236666886e+00 6.910219127790612426e+00 3.942486091176167773e-01
4.489461940391565875e+00 6.123912771822926260e+00 3.114546284495517958e-01
5.114776105571953835e+00 4.923650632131247207e+00 2.363120218681304396e-01
5.827187078870319503e+00 4.079062847828470950e+00 1.831076878398501528e-01
6.638826128706195817e+00 3.206112966641920803e+00 1.393584898507373437e-01
7.563514225758552811e+00 2.503942936651564644e+00 1.069363720245486982e-01
8.616997392941321721e+00 2.028714760439574771e+00 8.426512539939289004e-02
9.817214836071872952e+00 1.645429785216021124e+00 6.722769340025262774e-02
1.118460442108735009e+01 1.277416544973943857e+00 5.350746589296355438e-02
1.274245069961824761e+01 1.014392332316037315e+00 4.369368606737528832e-02
1.451728140926205768e+01 7.777503629903599336e-01 3.596237578867900186e-02
1.653931920034971981e+01 6.015965977196404690e-01 3.034632935894921932e-02
1.884299628142029093e+01 4.730249283191363396e-01 2.629979288662557396e-02
2.146754074702852577e+01 3.473229369100760966e-01 2.293900730410979028e-02
2.445764457215044274e+01 2.656834015798510418e-01 2.067595484312718598e-02
2.786422464810916466e+01 1.926958569134302746e-01 1.886308640288182972e-02
3.174528981929791982e+01 1.358576465647893805e-01 1.751602291120907609e-02
3.616692868500850011e+01 1.034713417885264608e-01 1.668549978698831079e-02
4.120443498711833286e+01 7.117634376438486399e-02 1.596967955399087799e-02
4.694358974726586098e+01 4.471975595253607771e-02 1.541736086016561556e-02
