1.069642439726958605e+00 -1.115129955216271007e+00 nan
1.218627458003121777e+00 -8.936407288702730156e-01 1.609997619483020115e-01
1.388363836590320144e+00 -8.846680239718003325e-01 1.422845553631866544e-01
1.581741926207981042e+00 1.083514685400734701e+00 4.930258680801162807e-01
1.802054659727066133e+00 2.135446514821227382e+00 4.979840795100953788e-01
2.053053625776520175e+00 5.543095048851348849e+00 5.929088488432477932e-01
2.339012952555230562e+00 6.731769366181031167e+00 5.310283178662498216e-01
2.664802089693036891e+00 7.655128109738906339e+00 4.706684148742685814e-01
3.035968727524477995e+00 7.572038412923020267e+00 3.903933446363299087e-01
3.458833265763586962e+00 7.375145408785792611e+00 3.221304679137146909e-01
3.940596440236666886e+00 6.201852773199600932e+00 2.484108666260967380e-01
4.489461940391565875e+00 5.225729036924178672e+00 1.926333876583903038e-01
5.114776105571953835e+00 3.983187100181386775e+00 1.434665286754030766e-01
5.827187078870319503e+00 3.222109832293567955e+00 1.108349671207070342e-01
6.638826128706195817e+00 2.638713862746996597e+00 8.679380837949708660e-02
7.563514225758552811e+00 2.106220905695690426e+00 6.800536732015122210e-02
8.616997392941321721e+00 1.644521597280895975e+00 5.345325495349238093e-02
9.817214836071872952e+00 1.370816716821704695e+00 4.378903406283601862e-02
1.118460442108735009e+01 1.044474536036115619e+00 3.521650839804546518e-02
1.274245069961824761e+01 8.392253178509414546e-01 2.944624567692108105e-02
1.451728140926205768e+01 6.406632436517951668e-01 2.472013959349264947e-02
1.653931920034971981e+01 5.121589902663663540e-01 2.151881322197518251e-02
1.884299628142029093e+01 3.980612672181946810e-01 1.897813909245308836e-02
2.146754074702852577e+01 3.016795727205610067e-01 1.701063376514706099e-02
2.445764457215044274e+01 2.329422530276454850e-01 1.562075858934759351e-02
2.786422464810916466e+01 1.681206509091532908e-01 1.445698782553896805e-02
3.174528981929791982e+01 1.276058539215072507e-01 1.370349154231175967e-02
3.616692868500850011e+01 9.169813522545022799e-02 1.309241804851868710e-02
4.120443498711833286e+01 6.549746098195741162e-02 1.265530132297213069e-02
4.694358974726586098e+01 4.396804559530687051e-02 1.231486039254433770e-02
