1.069642439726958605e+00 -2.204560093573248558e+00 nan
1.218627458003121777e+00 -1.467476925212241490e+00 nan
1.388363836590320144e+00 -5.550304730740649450e-01 1.192886369213944775e+01
1.581741926207981042e+00 -3.111510791366911555e-02 1.433369395681326175e+01
1.802054659727066133e+00 -1.887452562342901263e+00 nan
2.053053625776520175e+00 -1.006480939916871264e+00 nan
2.339012952555230562e+00 -1.197192926287242720e+00 nan
2.664802089693036891e+00 -1.040523728764039202e+00 nan
3.035968727524477995e+00 -1.293302560969297854e+00 nan
3.458833265763586962e+00 -9.239930077748632620e-01 1.248757282456986362e+00
3.940596440236666886e+00 -1.048037754315702674e+00 nan
4.489461940391565875e+00 2.152628566972200730e+00 5.428654051909195033e+00
5.114776105571953835e+00 1.161908045085448826e+01 8.968199689909637229e+00
5.827187078870319503e+00 1.457467436935176508e+01 8.234065848389089837e+00
6.638826128706195817e+00 1.533661638318586817e+01 6.967799016902455733e+00
7.563514225758552811e+00 1.075432275723299291e+01 4.869152542416331997e+00
8.616997392941321721e+00 7.454582220151255711e+00 3.400058864540310477e+00
9.817214836071872952e+00 6.381252636611668194e+00 2.624936157415949101e+00
1.118460442108735009e+01 6.261276576254553916e+00 2.163533517653438043e+00
1.274245069961824761e+01 5.431425246265538576e+00 1.689865128911219871e+00
1.451728140926205768e+01 3.682803841638359277e+00 1.190014792530875276e+00
1.653931920034971981e+01 1.539395119703092174e+00 7.143803817787184318e-01
1.884299628142029093e+01 2.214735966003433365e+00 6.811854769480032434e-01
2.146754074702852577e+01 1.244211038396106250e+00 4.691651572525680214e-01
2.445764457215044274e+01 1.114911947594996011e+00 3.841804874533487069e-01
2.786422464810916466e+01 6.353272638134526140e-01 2.812446357597945257e-01
3.174528981929791982e+01 4.606683833832134756e-01 2.252857616540888397e-01
3.616692868500850011e+01 1.805697253502649424e-01 1.704545700980277800e-01
4.120443498711833286e+01 2.216078233991123358e-01 1.526483835491804220e-01
4.694358974726586098e+01 1.769142053372099177e-01 1.325097579554367355e-01
