1.069642439726958605e+00 -1.103235337955098316e+00 nan
1.218627458003121777e+00 -1.030378627923136392e+00 nan
1.388363836590320144e+00 -9.715768449740787016e-01 1.771609830217047987e-01
1.581741926207981042e+00 -1.077859841010317510e+00 nan
1.802054659727066133e+00 -1.089204602027251667e+00 nan
2.053053625776520175e+00 9.537618103486016352e-01 8.067399620711371844e-01
2.339012952555230562e+00 2.329810729602089570e+00 8.636744155636461029e-01
2.664802089693036891e+00 5.618441614688959085e+00 1.015843944900376661e+00
3.035968727524477995e+00 6.942643142559968616e+00 9.230343352790615352e-01
3.458833265763586962e+00 7.632312992924163098e+00 7.979567327960158662e-01
3.940596440236666886e+00 7.945104481806138708e+00 6.742355516119257208e-01
4.489461940391565875e+00 7.145392807598475393e+00 5.337141129720911481e-01
5.114776105571953835e+00 5.938397535102996727e+00 4.089554496736402256e-01
5.827187078870319503e+00 5.155613784806465816e+00 3.216228866528357822e-01
6.638826128706195817e+00 3.909596431262010618e+00 2.386238205437118121e-01
7.563514225758552811e+00 3.136904619031086305e+00 1.833993913314717616e-01
8.616997392941321721e+00 2.633850285177039563e+00 1.449600258469070646e-01
9.817214836071872952e+00 1.998655156300947366e+00 1.107587441570176134e-01
1.118460442108735009e+01 1.567599925417573203e+00 8.703370254799958072e-02
1.274245069961824761e+01 1.240417801322190705e+00 6.961730414109573717e-02
1.451728140926205768e+01 9.837076719083139853e-01 5.672721945982701908e-02
1.653931920034971981e+01 7.772232821635829403e-01 4.703249755532128151e-02
1.884299628142029093e+01 5.998767447731081504e-01 3.950980923648575449e-02
2.146754074702852577e+01 4.579524372906831342e-01 3.387913334335036081e-02
2.445764457215044274e+01 3.507266807294844302e-01 2.976395627528382812e-02
2.786422464810916466e+01 2.449070599236071732e-01 2.630055481722165175e-02
3.174528981929791982e+01 1.805162110294065148e-01 2.405822838653383366e-02
3.616692868500850011e+01 1.249387955317786680e-01 2.229997834395309672e-02
4.120443498711833286e+01 9.023059552895129620e-02 2.115217899269416016e-02
4.694358974726586098e+01 5.497671729553332831e-02 2.015357534839978121e-02
