1.069642439726958605e+00 -1.597876639762131123e+00 nan
1.218627458003121777e+00 -9.003203098658727477e-01 2.396467940935227969e-01
1.388363836590320144e+00 -7.986565008869517257e-01 2.890613474529075133e-01
1.581741926207981042e+00 -6.900578349114865340e-01 2.920616542822849770e-01
1.802054659727066133e+00 4.502041030442147651e-01 5.197598933673986954e-01
2.053053625776520175e+00 3.135028276745984499e+00 7.212077463823660661e-01
2.339012952555230562e+00 4.823540712704336819e+00 7.034236857207867288e-01
2.664802089693036891e+00 6.897795803706863182e+00 6.848621276932541635e-01
3.035968727524477995e+00 8.030031026870030786e+00 6.097454363865069116e-01
3.458833265763586962e+00 8.399845997992095192e+00 5.182254726358864749e-01
3.940596440236666886e+00 6.862069698646365623e+00 3.924587617581601351e-01
4.489461940391565875e+00 6.143593668314238698e+00 3.115490776840287857e-01
5.114776105571953835e+00 5.006587155261934541e+00 2.378894951463898511e-01
5.827187078870319503e+00 4.020446764409541629e+00 1.816630416502791334e-01
6.638826128706195817e+00 3.269200560929097943e+00 1.404339556619285390e-01
7.563514225758552811e+00 2.505848136294429374e+00 1.068487398608743283e-01
8.616997392941321721e+00 2.049070920872409829e+00 8.452910959773235477e-02
9.817214836071872952e+00 1.636031671791142283e+00 6.699684659990225166e-02
1.118460442108735009e+01 1.271462367614584643e+00 5.335496397167728555e-02
1.274245069961824761e+01 1.015893603128193767e+00 4.367299854511739327e-02
1.451728140926205768e+01 7.873574142159429634e-01 3.607392332864153839e-02
1.653931920034971981e+01 5.933818644193422642e-01 3.019560576810465316e-02
1.884299628142029093e+01 4.505060551928896651e-01 2.594497078066956147e-02
2.146754074702852577e+01 3.645943764393828612e-01 2.317206016740374838e-02
2.445764457215044274e+01 2.530964642456912106e-01 2.047688678534360929e-02
2.786422464810916466e+01 1.904397294498882953e-01 1.881615356306485035e-02
3.174528981929791982e+01 1.332095578572167760e-01 1.746500824269464625e-02
3.616692868500850011e+01 9.835800586217113839e-02 1.659997171206414185e-02
4.120443498711833286e+01 6.518208428110816577e-02 1.587227753475977873e-02
4.694358974726586098e+01 4.612336757271795484e-02 1.542711984984875516e-02
