1.069642439726958605e+00 -3.234452338908195834e-01 8.072320635487830742e+00
1.218627458003121777e+00 -1.074471527849808261e+00 nan
1.388363836590320144e+00 -1.044584087929785632e+00 nan
1.581741926207981042e+00 -6.685908319185061011e-01 2.967068455158024420e+00
1.802054659727066133e+00 -6.213077410825342817e-01 2.607631429335127926e+00
2.053053625776520175e+00 -6.336297703516737823e-01 2.102159433502368557e+00
2.339012952555230562e+00 -7.142992382154511599e-01 1.519996606108219073e+00
2.664802089693036891e+00 -6.963684108744110368e-01 1.301162858187573379e+00
3.035968727524477995e+00 1.540828217261890343e+00 3.106965159572977697e+00
3.458833265763586962e+00 6.717353524582821755e+00 4.467131153769812180e+00
3.940596440236666886e+00 9.337478694565103154e+00 4.259350859614138507e+00
4.489461940391565875e+00 1.334496582891043737e+01 4.145437445102169605e+00
5.114776105571953835e+00 8.765603577543735980e+00 2.811133475745152932e+00
5.827187078870319503e+00 1.038423359006228708e+01 2.518795999305605271e+00
6.638826128706195817e+00 6.953910863699149125e+00 1.730992109669856616e+00
7.563514225758552811e+00 6.223530025148220624e+00 1.367578348369550278e+00
8.616997392941321721e+00 4.896944030921093649e+00 1.022242102767509486e+00
9.817214836071872952e+00 4.549762140149382184e+00 8.259491298996610720e-01
1.118460442108735009e+01 3.183631283427188485e+00 5.929585203759392131e-01
1.274245069961824761e+01 2.591332761835932974e+00 4.575808047124893529e-01
1.451728140926205768e+01 1.855669705755686127e+00 3.393444373961769234e-01
1.653931920034971981e+01 1.458160240611471092e+00 2.639987705289243980e-01
1.884299628142029093e+01 1.105019907953326719e+00 2.054520428374715657e-01
2.146754074702852577e+01 9.093008581998269779e-01 1.667234227658386525e-01
2.445764457215044274e+01 6.364328210603960034e-01 1.314031144652287320e-01
2.786422464810916466e+01 4.951519914663706778e-01 1.088620713875960433e-01
3.174528981929791982e+01 3.316894414433924076e-01 8.948248805536554440e-02
3.616692868500850011e+01 2.577444133407469362e-01 7.765306592837953326e-02
4.120443498711833286e+01 1.306097741282326030e-01 6.565105052622255410e-02
4.694358974726586098e+01 8.824588373438402300e-02 5.935707164223986976e-02
