1.069642439726958605e+00 -7.033075616332995494e-01 5.351075591073168880e+00
1.218627458003121777e+00 -7.487047549515717382e-01 3.742429170442869157e+00
1.388363836590320144e+00 -7.317968291712966256e-01 3.281204101119190586e+00
1.581741926207981042e+00 -1.505438477226376470e+00 nan
1.802054659727066133e+00 -9.052151011169229378e-01 1.305894941061738868e+00
2.053053625776520175e+00 -7.774952242210559916e-01 1.639882058382267971e+00
2.339012952555230562e+00 -9.226085871348694845e-01 7.918894814357944067e-01
2.664802089693036891e+00 8.135521243654166845e-01 3.184091151279581755e+00
3.035968727524477995e+00 -9.085705519913629402e-01 5.895885335647165215e-01
3.458833265763586962e+00 7.119533656140235589e-01 2.101129987810654409e+00
3.940596440236666886e+00 7.077470651587228545e+00 3.763950651345438825e+00
4.489461940391565875e+00 7.241145150593243152e+00 3.128873482613854229e+00
5.114776105571953835e+00 1.260937486193959067e+01 3.337932056405977566e+00
5.827187078870319503e+00 1.236883875658195997e+01 2.742140233928068938e+00
6.638826128706195817e+00 9.581064585613134454e+00 2.012626446334439212e+00
7.563514225758552811e+00 7.466934833692692841e+00 1.489302543739448925e+00
8.616997392941321721e+00 5.159119904161038050e+00 1.047321909985366784e+00
9.817214836071872952e+00 4.250926100035463229e+00 8.021935885884039497e-01
1.118460442108735009e+01 3.280635795155905754e+00 6.010790038328497342e-01
1.274245069961824761e+01 2.683107104810736665e+00 4.645759470607676578e-01
1.451728140926205768e+01 2.414941166407383211e+00 3.766470670795413200e-01
1.653931920034971981e+01 1.675219511546857554e+00 2.778037390822999386e-01
1.884299628142029093e+01 1.245359513043379662e+00 2.138910368125146733e-01
2.146754074702852577e+01 1.087609170608129894e+00 1.766507786903614430e-01
2.445764457215044274e+01 7.808707715877105660e-01 1.390959676731192141e-01
2.786422464810916466e+01 5.138798996167186495e-01 1.098953713261361237e-01
3.174528981929791982e+01 4.365049541305145997e-01 9.464705301893019951e-02
3.616692868500850011e+01 2.800417621710233895e-01 7.876726271555138659e-02
4.120443498711833286e+01 1.997371696300009880e-01 6.891470052996004347e-02
4.694358974726586098e+01 1.315421421451519191e-01 6.138619920608991837e-02
