1.069642439726958605e+00 -1.244062065582654419e+00 nan
1.218627458003121777e+00 -1.141880675708232040e+00 nan
1.388363836590320144e+00 -1.100105328165703167e+00 nan
1.581741926207981042e+00 -1.080221948557194445e+00 nan
1.802054659727066133e+00 -7.896492777709507305e-01 3.203765715467464248e-01
2.053053625776520175e+00 1.175435841418721594e-01 6.055312394258962616e-01
2.339012952555230562e+00 2.071674124169490483e+00 8.234546569594202170e-01
2.664802089693036891e+00 5.336640056222362816e+00 9.866351228292155051e-01
3.035968727524477995e+00 8.221940478360890481e+00 9.895898602573143243e-01
3.458833265763586962e+00 8.365882502309144542e+00 8.267524210256395056e-01
3.940596440236666886e+00 8.417534254930401971e+00 6.881071989194443850e-01
4.489461940391565875e+00 7.754421865047259388e+00 5.511407725344663611e-01
5.114776105571953835e+00 6.443872791709964076e+00 4.222133469029655251e-01
5.827187078870319503e+00 4.988157135817763432e+00 3.145593561090501145e-01
6.638826128706195817e+00 3.994545295025530240e+00 2.393823937344475017e-01
7.563514225758552811e+00 3.162217661396144575e+00 1.828564237729554121e-01
8.616997392941321721e+00 2.523989131616867443e+00 1.413822449594756558e-01
9.817214836071872952e+00 2.094425090872981343e+00 1.122542342876948901e-01
1.118460442108735009e+01 1.607283503941927538e+00 8.736893802651424235e-02
1.274245069961824761e+01 1.175438952639672241e+00 6.784744271352345646e-02
1.451728140926205768e+01 9.443569384291170543e-01 5.561320333670044525e-02
1.653931920034971981e+01 7.167957249464962377e-01 4.559519079280911075e-02
1.884299628142029093e+01 5.667022381481048310e-01 3.867125155801447861e-02
2.146754074702852577e+01 4.430154878008658592e-01 3.343175151912960302e-02
2.445764457215044274e+01 3.154747554485499705e-01 2.896869858803380673e-02
2.786422464810916466e+01 2.426562012553341585e-01 2.614223871100801802e-02
3.174528981929791982e+01 1.719760566563637294e-01 2.379901666783640693e-02
3.616692868500850011e+01 1.253228635790899492e-01 2.221627790295998411e-02
4.120443498711833286e+01 8.431873391601296674e-02 2.096044113702996356e-02
4.694358974726586098e+01 5.106482613458940278e-02 2.000454922555700357e-02
