1.069642439726958605e+00 -1.256210746955761515e+00 nan
1.218627458003121777e+00 -9.933922988273999888e-01 6.182943232319098453e-02
1.388363836590320144e+00 -1.053323896375601532e+00 nan
1.581741926207981042e+00 -5.941074720687526955e-01 3.349379446359114776e-01
1.802054659727066133e+00 5.634460771464600004e-01 5.408356217619697537e-01
2.053053625776520175e+00 2.479566329622207022e+00 6.626060238201386676e-01
2.339012952555230562e+00 5.069918312780010261e+00 7.198594614118939417e-01
2.664802089693036891e+00 7.189993676656632360e+00 6.992130142032920714e-01
3.035968727524477995e+00 7.496122451108786500e+00 5.918602580210966524e-01
3.458833265763586962e+00 8.421665591848295662e+00 5.199177240083567852e-01
3.940596440236666886e+00 7.017549195031043574e+00 3.974422728278786399e-01
4.489461940391565875e+00 6.068197239969041590e+00 3.103361918215984949e-01
5.114776105571953835e+00 4.869637699365135575e+00 2.352673729559042748e-01
5.827187078870319503e+00 4.151672826031055585e+00 1.847575370085962343e-01
6.638826128706195817e+00 3.144468246635498954e+00 1.382413873289661255e-01
7.563514225758552811e+00 2.468906076148575046e+00 1.063570278188380736e-01
8.616997392941321721e+00 2.114211225595125754e+00 8.582805716059571655e-02
9.817214836071872952e+00 1.547119989764930370e+00 6.561547917531196372e-02
1.118460442108735009e+01 1.295389927164726673e+00 5.383262040166538615e-02
1.274245069961824761e+01 1.025155880189926316e+00 4.388909621590252746e-02
1.451728140926205768e+01 7.816621775769840852e-01 3.604341892159156069e-02
1.653931920034971981e+01 5.891588473403988058e-01 3.017740576016465434e-02
1.884299628142029093e+01 4.697857206897111393e-01 2.626614444619776445e-02
2.146754074702852577e+01 3.449928186646933348e-01 2.291667534696136335e-02
2.445764457215044274e+01 2.611944799884728940e-01 2.062079462391272835e-02
2.786422464810916466e+01 1.867227057606790641e-01 1.878539382233003832e-02
3.174528981929791982e+01 1.375779171564193160e-01 1.754873877377896921e-02
3.616692868500850011e+01 1.043945139561082147e-01 1.670607820524977818e-02
4.120443498711833286e+01 6.640984746401912275e-02 1.590770672294435431e-02
4.694358974726586098e+01 4.705085963582211761e-02 1.545739961236061895e-02
