1.069642439726958605e+00 -1.034487635999374877e+00 nan
1.218627458003121777e+00 -8.256142429866066834e-01 5.155652900711832354e-01
1.388363836590320144e+00 -9.267577209880706324e-01 2.835596769512800375e-01
1.581741926207981042e+00 -1.218537438866715394e+00 nan
1.802054659727066133e+00 -7.031916153833934757e-01 3.821896475502865598e-01
2.053053625776520175e+00 -2.909167709524187462e-01 4.842847599990400265e-01
2.339012952555230562e+00 1.680601080420428772e+00 7.722796397282080116e-01
2.664802089693036891e+00 5.858436558918387327e+00 1.031365986890761199e+00
3.035968727524477995e+00 7.522129508247457963e+00 9.542266654011861693e-01
3.458833265763586962e+00 8.429802448126885395e+00 8.331358544408928868e-01
3.940596440236666886e+00 8.892478842007367490e+00 7.092621849056951477e-01
4.489461940391565875e+00 7.166754139668302770e+00 5.329680381069423767e-01
5.114776105571953835e+00 6.057549356243635330e+00 4.116496295869023214e-01
5.827187078870319503e+00 5.139011621386417872e+00 3.202544755415229205e-01
6.638826128706195817e+00 4.052505783686774166e+00 2.419187687559500588e-01
7.563514225758552811e+00 2.938514073014195649e+00 1.777298245842605373e-01
8.616997392941321721e+00 2.639805008645535356e+00 1.447249826714742393e-01
9.817214836071872952e+00 1.981182609031341357e+00 1.100730027746281425e-01
1.118460442108735009e+01 1.570427545927967294e+00 8.687863057980371728e-02
1.274245069961824761e+01 1.217375804815098217e+00 6.896655908409474178e-02
1.451728140926205768e+01 9.557238297162240492e-01 5.603058786898018617e-02
1.653931920034971981e+01 7.400767346977359384e-01 4.619983253120538841e-02
1.884299628142029093e+01 5.628323975633853227e-01 3.871584403009879771e-02
2.146754074702852577e+01 4.364641868598018171e-01 3.340554833712245514e-02
2.445764457215044274e+01 3.249559371880097469e-01 2.922611496276750556e-02
2.786422464810916466e+01 2.436683697271075921e-01 2.622982498159616774e-02
3.174528981929791982e+01 1.800648933012172215e-01 2.400819314745621449e-02
3.616692868500850011e+01 1.408493150240204272e-01 2.255583981397776133e-02
4.120443498711833286e+01 8.937507075226358566e-02 2.110237788691306932e-02
4.694358974726586098e+01 6.015370157452504252e-02 2.021709373462720130e-02
