1.069642439726958605e+00 -1.369820924591760303e+00 nan
1.218627458003121777e+00 -8.692424853873490509e-01 2.748082051606570153e-01
1.388363836590320144e+00 -1.019457201095874233e+00 nan
1.581741926207981042e+00 -9.841393432086991133e-01 6.614124031331916620e-02
1.802054659727066133e+00 2.351237959263796640e-02 4.370759907987238346e-01
2.053053625776520175e+00 2.114549387709318218e+00 6.261486552441193343e-01
2.339012952555230562e+00 5.159635627146199610e+00 7.246039693032476636e-01
2.664802089693036891e+00 7.250490614551443613e+00 7.012541633824106446e-01
3.035968727524477995e+00 7.763074843566433181e+00 6.009718013793668989e-01
3.458833265763586962e+00 7.989879574301767207e+00 5.066367547561068108e-01
3.940596440236666886e+00 6.888001027842001633e+00 3.936156870982221445e-01
4.489461940391565875e+00 5.973204491791040738e+00 3.077630799054230648e-01
5.114776105571953835e+00 4.917311060671501366e+00 2.361499466320184093e-01
5.827187078870319503e+00 3.998598662407417681e+00 1.814069949374429169e-01
6.638826128706195817e+00 3.225349473080162621e+00 1.397262621766925672e-01
7.563514225758552811e+00 2.462369898135645219e+00 1.061512541444460805e-01
8.616997392941321721e+00 1.967432171824537779e+00 8.317535908149208124e-02
9.817214836071872952e+00 1.640873755193721806e+00 6.714630209649440074e-02
1.118460442108735009e+01 1.288622855759947949e+00 5.368479822136462687e-02
1.274245069961824761e+01 1.053719446442844099e+00 4.430481661257437004e-02
1.451728140926205768e+01 7.855089536323893729e-01 3.607832035911772567e-02
1.653931920034971981e+01 6.092034987697254600e-01 3.045818902167552605e-02
1.884299628142029093e+01 4.841607016245279560e-01 2.646239110542508710e-02
2.146754074702852577e+01 3.502708315471374512e-01 2.298080108356691936e-02
2.445764457215044274e+01 2.632997457721681922e-01 2.064024483386549952e-02
2.786422464810916466e+01 2.007364519769259115e-01 1.897848815280640811e-02
3.174528981929791982e+01 1.399849672374318121e-01 1.757477613657118173e-02
3.616692868500850011e+01 1.011514540886113700e-01 1.665124558465313001e-02
4.120443498711833286e+01 6.652761599947232263e-02 1.590192078944241069e-02
4.694358974726586098e+01 4.752579801168654861e-02 1.545710668338381305e-02
