1.069642439726958605e+00 -1.247376444689936026e+00 nan
1.218627458003121777e+00 -1.007772405348134281e+00 nan
1.388363836590320144e+00 -9.733794914981055424e-01 1.049096978156047605e-01
1.581741926207981042e+00 -5.535403903685014448e-01 3.499072702057666184e-01
1.802054659727066133e+00 4.100057485514452260e-01 5.115578441835532120e-01
2.053053625776520175e+00 1.841791951558551022e+00 5.961573535722758388e-01
2.339012952555230562e+00 5.507185366674668181e+00 7.428370106494144309e-01
2.664802089693036891e+00 7.024344508262232445e+00 6.892348896813621506e-01
3.035968727524477995e+00 7.735591756206114944e+00 5.982057282110616603e-01
3.458833265763586962e+00 7.863480049000790117e+00 5.013539038803106473e-01
3.940596440236666886e+00 7.036525428621891010e+00 3.964599625849347664e-01
4.489461940391565875e+00 6.277293775020405420e+00 3.142280672686520449e-01
5.114776105571953835e+00 4.945325541816751880e+00 2.361095292501586007e-01
5.827187078870319503e+00 4.270879687655577683e+00 1.865591472063669598e-01
6.638826128706195817e+00 3.205180374639669427e+00 1.389462114271774740e-01
7.563514225758552811e+00 2.606172949177226972e+00 1.085362787174887766e-01
8.616997392941321721e+00 2.056359954826935343e+00 8.452350204725864180e-02
9.817214836071872952e+00 1.581235501627566986e+00 6.597356913432073089e-02
1.118460442108735009e+01 1.211855388015643742e+00 5.231187755470705775e-02
1.274245069961824761e+01 9.936581706518583523e-01 4.326368576875346678e-02
1.451728140926205768e+01 7.610396595810902109e-01 3.562415324560735952e-02
1.653931920034971981e+01 6.158989289951080082e-01 3.049240955204272907e-02
1.884299628142029093e+01 4.622754310839622960e-01 2.608618661083172627e-02
2.146754074702852577e+01 3.644616028228213622e-01 2.314298544633251395e-02
2.445764457215044274e+01 2.727890885644597141e-01 2.073952831853872678e-02
2.786422464810916466e+01 1.909283343817682610e-01 1.880308261218846533e-02
3.174528981929791982e+01 1.386016764131738910e-01 1.752476325037122945e-02
3.616692868500850011e+01 1.007138576817661058e-01 1.661732515136713634e-02
4.120443498711833286e+01 6.354892703398196119e-02 1.583329233028116928e-02
4.694358974726586098e+01 4.603391561108050034e-02 1.541106788322563030e-02
