1.069642439726958605e+00 -1.268306346227706882e+00 nan
1.218627458003121777e+00 -1.064802836109441042e+00 nan
1.388363836590320144e+00 -5.789030692384282695e-01 4.176101901599706401e-01
1.581741926207981042e+00 -5.676334634589339512e-01 3.446000152847654707e-01
1.802054659727066133e+00 1.103656938151973410e+00 6.255601012319030874e-01
2.053053625776520175e+00 2.080604288304576777e+00 6.212943939032311569e-01
2.339012952555230562e+00 4.600214766090383378e+00 6.888830592283234910e-01
2.664802089693036891e+00 7.256661057624863354e+00 6.999483552882921344e-01
3.035968727524477995e+00 7.484024933887635456e+00 5.895923464140874204e-01
3.458833265763586962e+00 7.664202817892324049e+00 4.956895882845107071e-01
3.940596440236666886e+00 6.874419600482680082e+00 3.923896779859868955e-01
4.489461940391565875e+00 6.209620295261923495e+00 3.128264838829069028e-01
5.114776105571953835e+00 5.071765169876977453e+00 2.391091145863534773e-01
5.827187078870319503e+00 4.098973867540427918e+00 1.831244464456649734e-01
6.638826128706195817e+00 3.250711922296108281e+00 1.399357750708351833e-01
7.563514225758552811e+00 2.694946421036746642e+00 1.102465826832397106e-01
8.616997392941321721e+00 2.123501328692253942e+00 8.575663362844214432e-02
9.817214836071872952e+00 1.668561593372487106e+00 6.748176749516539286e-02
1.118460442108735009e+01 1.313038263134165495e+00 5.397908460673405545e-02
1.274245069961824761e+01 1.058726206493639133e+00 4.430435554255856417e-02
1.451728140926205768e+01 8.346813213365560369e-01 3.676462769962340893e-02
1.653931920034971981e+01 6.463781999573270376e-01 3.096353540953459757e-02
1.884299628142029093e+01 4.932728700380037967e-01 2.655588445180230572e-02
2.146754074702852577e+01 3.702212986835973219e-01 2.323825871859453232e-02
2.445764457215044274e+01 2.850452016009275003e-01 2.092689592771480867e-02
2.786422464810916466e+01 1.971314419888834379e-01 1.890109741532543935e-02
3.174528981929791982e+01 1.450146230096398536e-01 1.762476620598469809e-02
3.616692868500850011e+01 9.956141597653833664e-02 1.660760843176812412e-02
4.120443498711833286e+01 7.538524025303394716e-02 1.601015524197790113e-02
4.694358974726586098e+01 5.100947461541061045e-02 1.548882227411972623e-02
