1.069642439726958605e+00 -1.608799339898570047e+00 nan
1.218627458003121777e+00 -2.913376980591175780e-01 6.187943627186046847e+00
1.388363836590320144e+00 -1.092666869423037035e+00 nan
1.581741926207981042e+00 -9.015436746987952610e-01 1.593923368479697622e+00
1.802054659727066133e+00 -1.188531893819829932e+00 nan
2.053053625776520175e+00 -1.053486852163920240e+00 nan
2.339012952555230562e+00 -8.930101952311866320e-01 9.167535499364998230e-01
2.664802089693036891e+00 9.392056976308178484e-01 3.241949703925793624e+00
3.035968727524477995e+00 3.946920053507149362e+00 4.275715025020234705e+00
3.458833265763586962e+00 4.856327764562616167e+00 3.832722538276748914e+00
3.940596440236666886e+00 1.130566971679232680e+01 4.585996140541412025e+00
4.489461940391565875e+00 8.899434043897368696e+00 3.381705488820504701e+00
5.114776105571953835e+00 1.306745457528825760e+01 3.344214728749193899e+00
5.827187078870319503e+00 1.073489323913967652e+01 2.522893168362859484e+00
6.638826128706195817e+00 8.746043996977313384e+00 1.898379728797672028e+00
7.563514225758552811e+00 6.206094817978706324e+00 1.346733324903353957e+00
8.616997392941321721e+00 6.428391508460137516e+00 1.141426282560121575e+00
9.817214836071872952e+00 3.924922350897096290e+00 7.633449327970738274e-01
1.118460442108735009e+01 2.859750343282060125e+00 5.595238205141507271e-01
1.274245069961824761e+01 2.674244414633700551e+00 4.572587431613424069e-01
1.451728140926205768e+01 2.132082913269855773e+00 3.531127781400168475e-01
1.653931920034971981e+01 1.705385237536471532e+00 2.757681854959707080e-01
1.884299628142029093e+01 1.289435559805376830e+00 2.135033237360202951e-01
2.146754074702852577e+01 9.206089608845160477e-01 1.652630420060540173e-01
2.445764457215044274e+01 7.405039508118558267e-01 1.352261622104156125e-01
2.786422464810916466e+01 4.499071997483363727e-01 1.053320399453229195e-01
3.174528981929791982e+01 3.949764642079283128e-01 9.153643138699978088e-02
3.616692868500850011e+01 2.314732970051509575e-01 7.559846955036614302e-02
4.120443498711833286e+01 1.751868389126578496e-01 6.704897672631389416e-02
4.694358974726586098e+01 9.480898889242328487e-02 5.909383903820171480e-02
