1.069642439726958605e+00 -3.502671795629528351e-01 8.071023831387536873e+00
1.218627458003121777e+00 -8.937233590452953180e-01 2.480567285496641183e+00
1.388363836590320144e+00 -1.246484348768006623e+00 nan
1.581741926207981042e+00 -7.024077602632947670e-01 2.868599583156079103e+00
1.802054659727066133e+00 -9.058873674818106458e-01 1.326277435142545702e+00
2.053053625776520175e+00 -1.198161909666421998e+00 nan
2.339012952555230562e+00 -1.040549615786796167e+00 nan
2.664802089693036891e+00 -9.875690163094605900e-01 2.685976997889901741e-01
3.035968727524477995e+00 -1.104840196573122491e+00 nan
3.458833265763586962e+00 6.422687648386322667e-01 2.097411282254487030e+00
3.940596440236666886e+00 6.167332344171575720e+00 3.611542284901450017e+00
4.489461940391565875e+00 1.431517710461965720e+01 4.372621583911890042e+00
5.114776105571953835e+00 1.212909119170136663e+01 3.338515464973893287e+00
5.827187078870319503e+00 9.964746557345534939e+00 2.519117036738878657e+00
6.638826128706195817e+00 8.232821615745500310e+00 1.908398876684350709e+00
7.563514225758552811e+00 6.829272734427432212e+00 1.455192868012736396e+00
8.616997392941321721e+00 5.462860862348020596e+00 1.094603139034451056e+00
9.817214836071872952e+00 4.279653889659241983e+00 8.193688755412932290e-01
1.118460442108735009e+01 3.193384061152316100e+00 6.051413735767943169e-01
1.274245069961824761e+01 2.989771634597722549e+00 4.948083497167613531e-01
1.451728140926205768e+01 2.338005273477823387e+00 3.782348762307392587e-01
1.653931920034971981e+01 1.719733879354320649e+00 2.854229969265847378e-01
1.884299628142029093e+01 1.298223837694447713e+00 2.206602175074211802e-01
2.146754074702852577e+01 8.793850863548897667e-01 1.679687152165435238e-01
2.445764457215044274e+01 8.522132938599016327e-01 1.450755349488934143e-01
2.786422464810916466e+01 5.485600951159697036e-01 1.133633165468640736e-01
3.174528981929791982e+01 4.355641357801416369e-01 9.599245775998643815e-02
3.616692868500850011e+01 3.050819067936287876e-01 8.107041319386334988e-02
4.120443498711833286e+01 2.417586594168068537e-01 7.180080023595396266e-02
4.694358974726586098e+01 1.355896589606155889e-01 6.234397251936291823e-02
