1.069642439726958605e+00 -1.257579047762239277e+00 nan
1.218627458003121777e+00 -8.720279520796021533e-01 2.722703728510780796e-01
1.388363836590320144e+00 -8.298506532188134610e-01 2.664435941286867338e-01
1.581741926207981042e+00 -8.235934338671553334e-01 2.209235498811337184e-01
1.802054659727066133e+00 1.183382993143695661e-01 4.575791139757305337e-01
2.053053625776520175e+00 2.762730423358325638e+00 6.896172287133310874e-01
2.339012952555230562e+00 5.067447687841122317e+00 7.201440371798745188e-01
2.664802089693036891e+00 7.171170618484637771e+00 6.988036919890621146e-01
3.035968727524477995e+00 8.148615757514743763e+00 6.155405731823768711e-01
3.458833265763586962e+00 8.107426402173178559e+00 5.108912087053191220e-01
3.940596440236666886e+00 7.160814578910315475e+00 4.015132368711550326e-01
4.489461940391565875e+00 5.856744202801477783e+00 3.053410313179296676e-01
5.114776105571953835e+00 4.829238861982417141e+00 2.344849446442798246e-01
5.827187078870319503e+00 4.090299004490251633e+00 1.835792388593386337e-01
6.638826128706195817e+00 3.098155876416706977e+00 1.373988751456634572e-01
7.563514225758552811e+00 2.656604223669859710e+00 1.099066095691657585e-01
8.616997392941321721e+00 2.098005816752728236e+00 8.558830651502062625e-02
9.817214836071872952e+00 1.650983840726278906e+00 6.740021246666784427e-02
1.118460442108735009e+01 1.269536508910136030e+00 5.344090280488738437e-02
1.274245069961824761e+01 9.755428904687728497e-01 4.313303178595360998e-02
1.451728140926205768e+01 8.244435773827947234e-01 3.671180064891937239e-02
1.653931920034971981e+01 6.002054469869297915e-01 3.035578331497443272e-02
1.884299628142029093e+01 4.695510924590564628e-01 2.627342911775451539e-02
2.146754074702852577e+01 3.370235554486360474e-01 2.280906458644653065e-02
2.445764457215044274e+01 2.532609002088948014e-01 2.051312445541510904e-02
2.786422464810916466e+01 1.830168565569332273e-01 1.873838939117716124e-02
3.174528981929791982e+01 1.305110519703596150e-01 1.745259589143784845e-02
3.616692868500850011e+01 9.601948014034378254e-02 1.659070149381684095e-02
4.120443498711833286e+01 6.602706660136425931e-02 1.590732595056617085e-02
4.694358974726586098e+01 4.369302527556162552e-02 1.541387122715182599e-02
