1.069642439726958605e+00 -1.224944320712694878e+00 nan
1.218627458003121777e+00 3.633440514469454818e-02 2.234047443134834765e+01
1.388363836590320144e+00 -1.313571097730430459e+00 nan
1.581741926207981042e+00 -5.340909090909089496e-01 1.035179969969369118e+01
1.802054659727066133e+00 -6.591239360597882513e-01 7.279769245736270378e+00
2.053053625776520175e+00 -1.020011156045181888e+00 nan
2.339012952555230562e+00 -9.146877337322365520e-01 2.444001440790089408e+00
2.664802089693036891e+00 -1.350512473409398506e+00 nan
3.035968727524477995e+00 -8.624978066327426696e-01 2.125375969595075354e+00
3.458833265763586962e+00 -1.003758951653641596e+00 nan
3.940596440236666886e+00 -1.012780417393396082e+00 nan
4.489461940391565875e+00 1.555072682231104686e+01 1.300490255140115892e+01
5.114776105571953835e+00 1.045779545545502387e+01 8.893461509003790511e+00
5.827187078870319503e+00 8.210142429341104275e+00 6.565127528138124724e+00
6.638826128706195817e+00 1.872686146412478081e+01 7.994336444716748424e+00
7.563514225758552811e+00 8.107560947207236524e+00 4.444563876569498362e+00
8.616997392941321721e+00 1.088352360181947986e+01 4.224196375072410525e+00
9.817214836071872952e+00 8.053335261414339641e+00 3.039856875409622461e+00
1.118460442108735009e+01 4.897435266951966959e+00 2.016105392145555619e+00
1.274245069961824761e+01 4.633661809531973930e+00 1.636228235628703898e+00
1.451728140926205768e+01 2.300494040521885442e+00 1.025386058463192196e+00
1.653931920034971981e+01 1.817485510782401725e+00 7.855442150743678908e-01
1.884299628142029093e+01 1.199649566511535426e+00 5.737884799349919351e-01
2.146754074702852577e+01 1.231531591488579824e+00 4.857846977119161802e-01
2.445764457215044274e+01 8.517658199075819336e-01 3.691559654576007654e-01
2.786422464810916466e+01 6.589264779679759876e-01 2.942670343918556419e-01
3.174528981929791982e+01 4.720381625226044431e-01 2.346158440354281782e-01
3.616692868500850011e+01 2.807853485216871281e-01 1.859652338134628602e-01
4.120443498711833286e+01 3.314278963352992324e-01 1.673867264200668836e-01
4.694358974726586098e+01 2.017401537595062688e-01 1.388317309439183189e-01
