1.069642439726958605e+00 -1.550454986072946628e+00 nan
1.218627458003121777e+00 -8.321031676287165002e-01 5.027027142912833257e-01
1.388363836590320144e+00 -8.499651294161219006e-01 4.032987840715452910e-01
1.581741926207981042e+00 -8.357330391307991047e-01 3.436343752373509641e-01
1.802054659727066133e+00 -6.297306398167592523e-01 4.242023587888930081e-01
2.053053625776520175e+00 8.243477242358157042e-01 7.723558693620080629e-01
2.339012952555230562e+00 2.818603344655800758e+00 9.167587489100952336e-01
2.664802089693036891e+00 3.978219007823597497e+00 8.714139901542333755e-01
3.035968727524477995e+00 7.479310692567548102e+00 9.458608277835200973e-01
3.458833265763586962e+00 8.791635516656576499e+00 8.444529432912770694e-01
3.940596440236666886e+00 8.760862742658741098e+00 6.999382700973847404e-01
4.489461940391565875e+00 7.254394213984501683e+00 5.328136883412766256e-01
5.114776105571953835e+00 6.178021845215237562e+00 4.130195417771647115e-01
5.827187078870319503e+00 4.916122563701904369e+00 3.118257735639978212e-01
6.638826128706195817e+00 4.142970949258644175e+00 2.429749732692469688e-01
7.563514225758552811e+00 3.176342826689709131e+00 1.828748562288435020e-01
8.616997392941321721e+00 2.533048346836203724e+00 1.413397369404991721e-01
9.817214836071872952e+00 2.020158878653117718e+00 1.103589562908592198e-01
1.118460442108735009e+01 1.622866276309819611e+00 8.755386279457032239e-02
1.274245069961824761e+01 1.241203843417458152e+00 6.910593503801072679e-02
1.451728140926205768e+01 9.473628110694789495e-01 5.558239898268436952e-02
1.653931920034971981e+01 7.693956518648517040e-01 4.655176485302871953e-02
1.884299628142029093e+01 5.761369813978862719e-01 3.879372979707921415e-02
2.146754074702852577e+01 4.576467087631352904e-01 3.365943573034709674e-02
2.445764457215044274e+01 3.281234617284629618e-01 2.916498948728019763e-02
2.786422464810916466e+01 2.338484492004810900e-01 2.594591085920126133e-02
3.174528981929791982e+01 1.670280387675056044e-01 2.367878707073265906e-02
3.616692868500850011e+01 1.261715579114541796e-01 2.220571582688658091e-02
4.120443498711833286e+01 8.781994599315567918e-02 2.100076843736245827e-02
4.694358974726586098e+01 5.917765883922343484e-02 2.013099237871404656e-02
