1.069642439726958605e+00 -1.457409645682761656e+00 nan
1.218627458003121777e+00 -1.619940276218396313e+00 nan
1.388363836590320144e+00 -1.122861519550512721e+00 nan
1.581741926207981042e+00 -3.554999151247666411e-01 4.137026267430967685e+00
1.802054659727066133e+00 -7.619918731919963495e-01 2.066910572776609278e+00
2.053053625776520175e+00 -1.130459731655072630e+00 nan
2.339012952555230562e+00 -9.679353810631357025e-01 5.091108473684846647e-01
2.664802089693036891e+00 -8.492748149101114752e-01 9.165691381821564621e-01
3.035968727524477995e+00 -9.658746457587148448e-01 3.597671379542279890e-01
3.458833265763586962e+00 2.312066178191906740e+00 2.920890981663848418e+00
3.940596440236666886e+00 4.290849078145560824e+00 3.037731318566619265e+00
4.489461940391565875e+00 1.140008085420664585e+01 3.847162008713938874e+00
5.114776105571953835e+00 1.005602931962554436e+01 2.995457384733884343e+00
5.827187078870319503e+00 1.077333953374482078e+01 2.562875165253249765e+00
6.638826128706195817e+00 9.735729873665366796e+00 2.025776312698893911e+00
7.563514225758552811e+00 6.713954817903040606e+00 1.415731486615112278e+00
8.616997392941321721e+00 5.684328844786334933e+00 1.093088028714952031e+00
9.817214836071872952e+00 4.155261546295135666e+00 7.933163663135965882e-01
1.118460442108735009e+01 3.297552444602460664e+00 6.017099171765663002e-01
1.274245069961824761e+01 1.975236815828839809e+00 4.119123292595813779e-01
1.451728140926205768e+01 2.270658871891499953e+00 3.668955004981007129e-01
1.653931920034971981e+01 1.547042862790999340e+00 2.695444489152553635e-01
1.884299628142029093e+01 1.204545769024456980e+00 2.112813328329876672e-01
2.146754074702852577e+01 9.951576114593430056e-01 1.714264922115859013e-01
2.445764457215044274e+01 6.972003745917605411e-01 1.345842951511869168e-01
2.786422464810916466e+01 5.020397001818399652e-01 1.091941074719527532e-01
3.174528981929791982e+01 4.323120859301703423e-01 9.435809302912834262e-02
3.616692868500850011e+01 2.820880628023962888e-01 7.879566325034567664e-02
4.120443498711833286e+01 2.044809623878718341e-01 6.907840834454337386e-02
4.694358974726586098e+01 1.068703928845886608e-01 6.020591825954024756e-02
