1.069642439726958605e+00 -1.673030802968563879e+00 nan
1.218627458003121777e+00 -1.778576842391245805e+00 nan
1.388363836590320144e+00 -5.565235412191193998e-01 1.192027043771545713e+01
1.581741926207981042e+00 -1.653984637542006642e+00 nan
1.802054659727066133e+00 -1.192584452706952458e+00 nan
2.053053625776520175e+00 -1.209248216850381752e+00 nan
2.339012952555230562e+00 -1.064651391343033993e+00 nan
2.664802089693036891e+00 -9.496428111537877914e-01 1.498510078018762792e+00
3.035968727524477995e+00 -8.743110004812564284e-01 1.952989482738813454e+00
3.458833265763586962e+00 -1.039964208435534054e+00 nan
3.940596440236666886e+00 -9.056376932740823893e-01 1.143972601544622325e+00
4.489461940391565875e+00 8.284682599797413616e+00 9.342718925135091723e+00
5.114776105571953835e+00 5.302054333477100201e+00 6.325661621831274672e+00
5.827187078870319503e+00 1.182604671793020756e+01 7.465760530979208554e+00
6.638826128706195817e+00 9.655348111121615062e+00 5.601553898653591546e+00
7.563514225758552811e+00 1.261283113644010179e+01 5.258793934808449144e+00
8.616997392941321721e+00 9.091073596445966132e+00 3.730849918870865256e+00
9.817214836071872952e+00 6.093508937206299159e+00 2.573394983695727056e+00
1.118460442108735009e+01 5.842111641208315831e+00 2.098177179325384056e+00
1.274245069961824761e+01 3.777293436131338389e+00 1.442070730621985764e+00
1.451728140926205768e+01 3.167208053678296054e+00 1.118100536112678345e+00
1.653931920034971981e+01 2.118176064795838087e+00 7.988827601051989857e-01
1.884299628142029093e+01 9.749269402731053358e-01 5.210249458250855170e-01
2.146754074702852577e+01 1.098802220688255948e+00 4.521784879597382512e-01
2.445764457215044274e+01 8.313873149986810152e-01 3.536113592750643742e-01
2.786422464810916466e+01 4.796157299207284286e-01 2.652618570581513069e-01
3.174528981929791982e+01 3.263140370815493796e-01 2.124536339750120739e-01
3.616692868500850011e+01 1.217963245140740725e-01 1.651490176289971967e-01
4.120443498711833286e+01 2.053631910310866893e-01 1.513766907664045036e-01
4.694358974726586098e+01 1.467592680820872797e-01 1.301350710612870776e-01
