1.069642439726958605e+00 -4.919907988835423573e-01 6.900009607714920890e+00
1.218627458003121777e+00 -9.386285589351750502e-01 1.822502647096790884e+00
1.388363836590320144e+00 -1.249561393268018072e+00 nan
1.581741926207981042e+00 -7.488276670574443017e-01 2.547989602153040600e+00
1.802054659727066133e+00 -9.817583825942755027e-01 5.645384323106615865e-01
2.053053625776520175e+00 -7.749509838621528868e-01 1.625199856972489920e+00
2.339012952555230562e+00 -9.728844300681918078e-01 4.619020443685143418e-01
2.664802089693036891e+00 -9.432523748753927073e-01 5.548559189303575723e-01
3.035968727524477995e+00 -1.013002939369260780e+00 nan
3.458833265763586962e+00 6.467063553587832914e-01 2.030640618014035947e+00
3.940596440236666886e+00 6.199287351313754080e+00 3.500105172539732745e+00
4.489461940391565875e+00 7.314249118637816238e+00 3.097446903749911495e+00
5.114776105571953835e+00 1.000339805190691500e+01 2.948636164603366971e+00
5.827187078870319503e+00 1.164596547217526812e+01 2.625557539163811960e+00
6.638826128706195817e+00 8.945393637081963334e+00 1.920297793353271443e+00
7.563514225758552811e+00 7.261285840440031336e+00 1.449197359851323696e+00
8.616997392941321721e+00 4.728118794528812785e+00 9.933197990582472992e-01
9.817214836071872952e+00 4.476369501004857199e+00 8.093514753859769595e-01
1.118460442108735009e+01 3.259306915743275468e+00 5.911400942391056290e-01
1.274245069961824761e+01 2.529196120251913982e+00 4.473448187496417150e-01
1.451728140926205768e+01 2.107823314140006232e+00 3.517986088582651383e-01
1.653931920034971981e+01 1.790093495932149947e+00 2.811101690278544618e-01
1.884299628142029093e+01 1.280666796501862992e+00 2.131576570890405253e-01
2.146754074702852577e+01 8.935942702344827904e-01 1.639021194696363981e-01
2.445764457215044274e+01 5.948904959885450427e-01 1.277221271489766830e-01
2.786422464810916466e+01 5.436612068837012313e-01 1.100869382946722541e-01
3.174528981929791982e+01 3.678538041410150949e-01 9.028843324917558422e-02
3.616692868500850011e+01 2.442399352717774530e-01 7.624563898686415042e-02
4.120443498711833286e+01 1.789951472728246173e-01 6.726352840364394070e-02
4.694358974726586098e+01 1.028600683618143830e-01 5.949343546082543066e-02
