1.069642439726958605e+00 -1.741468814664460130e+00 nan
1.218627458003121777e+00 -2.166352405876122766e+00 nan
1.388363836590320144e+00 -1.402681776603451613e-01 1.702220757970951226e+01
1.581741926207981042e+00 -5.121861152141802265e-01 1.044107248603880400e+01
1.802054659727066133e+00 -1.555365368038909679e+00 nan
2.053053625776520175e+00 -8.538461269099011375e-01 3.851009417130149437e+00
2.339012952555230562e+00 -1.163545863719674944e+00 nan
2.664802089693036891e+00 -9.678207661349638169e-01 1.228565352980265590e+00
3.035968727524477995e+00 -1.095090213810865798e+00 nan
3.458833265763586962e+00 -1.033670819148647890e+00 nan
3.940596440236666886e+00 -8.853320829719488749e-01 1.293364393530725298e+00
4.489461940391565875e+00 2.208320315727191119e+00 5.621987316097099452e+00
5.114776105571953835e+00 1.003653501297055506e+01 8.602803319659594550e+00
5.827187078870319503e+00 7.970867702563861457e+00 6.386301652655715699e+00
6.638826128706195817e+00 5.046435422997994635e+00 4.307495924810970322e+00
7.563514225758552811e+00 1.539883196870950144e+01 5.939622375620353445e+00
8.616997392941321721e+00 6.468262347618667363e+00 3.272412075823130984e+00
9.817214836071872952e+00 5.892910594411437941e+00 2.598718113789165951e+00
1.118460442108735009e+01 4.922973577238039411e+00 1.992573590898507385e+00
1.274245069961824761e+01 3.466489009808360500e+00 1.426078977236216128e+00
1.451728140926205768e+01 3.960786523935927228e+00 1.259187092292663346e+00
1.653931920034971981e+01 1.476857402401356545e+00 7.229767566520154398e-01
1.884299628142029093e+01 2.052475831631940473e+00 6.781376379030997770e-01
2.146754074702852577e+01 1.439905377650374074e+00 5.041511393621258552e-01
2.445764457215044274e+01 1.034804702578511204e+00 3.847312983145239618e-01
2.786422464810916466e+01 6.699711822212466306e-01 2.916166110003324263e-01
3.174528981929791982e+01 5.815733241329019698e-01 2.422463920716426133e-01
3.616692868500850011e+01 3.730518833281031288e-01 1.921455362407145373e-01
4.120443498711833286e+01 3.190486917645791731e-01 1.643847488642055654e-01
4.694358974726586098e+01 7.471510221867005974e-02 1.266906351672955899e-01
