1.069642439726958605e+00 -8.010148643715209182e-02 2.689121053426776697e+01
1.218627458003121777e+00 -2.474998518592446128e-01 1.848277926068454846e+01
1.388363836590320144e+00 -1.021625802080838863e+00 nan
1.581741926207981042e+00 -2.127849175557711359e+00 nan
1.802054659727066133e+00 -5.101688833618891472e-01 8.472589588587259968e+00
2.053053625776520175e+00 -1.299376557237423402e+00 nan
2.339012952555230562e+00 -1.131019228523113540e+00 nan
2.664802089693036891e+00 -7.819272444005695988e-01 3.150184202552294810e+00
3.035968727524477995e+00 -1.212511800783877103e+00 nan
3.458833265763586962e+00 -9.454536475318093824e-01 1.069673740538812812e+00
3.940596440236666886e+00 3.695076565080812170e+00 8.159239681811571998e+00
4.489461940391565875e+00 2.115384490221962732e+00 5.456580594685124908e+00
5.114776105571953835e+00 5.446254944926914199e+00 6.463025876999689778e+00
5.827187078870319503e+00 1.071395851018499101e+01 7.201562343534352983e+00
6.638826128706195817e+00 1.474421526167053997e+01 6.911482201628583510e+00
7.563514225758552811e+00 7.622601582453059521e+00 4.197431471542526715e+00
8.616997392941321721e+00 8.030417889896547479e+00 3.556703257060017442e+00
9.817214836071872952e+00 6.289613949920634717e+00 2.636295055590048175e+00
1.118460442108735009e+01 3.898845867465966286e+00 1.777405000812748881e+00
1.274245069961824761e+01 3.678671487893653058e+00 1.440254063939754747e+00
1.451728140926205768e+01 2.708118789601281495e+00 1.060367684467379501e+00
1.653931920034971981e+01 2.450590741882415102e+00 8.524963695669485197e-01
1.884299628142029093e+01 1.325706579402675223e+00 5.750700856153497798e-01
2.146754074702852577e+01 9.825735640988175756e-01 4.421647432909034947e-01
2.445764457215044274e+01 9.257672820982663087e-01 3.674588396910346000e-01
2.786422464810916466e+01 6.908654148179211862e-01 2.898049158033936812e-01
3.174528981929791982e+01 3.820610122245235996e-01 2.198556489900619360e-01
3.616692868500850011e+01 2.238043984032400679e-01 1.760928844058669840e-01
4.120443498711833286e+01 2.021295435841838906e-01 1.523576728418571113e-01
4.694358974726586098e+01 1.355237278777747800e-01 1.302349316927610690e-01
