1.069642439726958605e+00 -1.492956814657680376e+00 nan
1.218627458003121777e+00 -1.657838499604369353e+00 nan
1.388363836590320144e+00 -1.313093004856782375e+00 nan
1.581741926207981042e+00 -6.924401584294817003e-01 2.899169770865447582e+00
1.802054659727066133e+00 -8.232292074175187047e-01 1.807037673824081869e+00
2.053053625776520175e+00 -5.609226185766260642e-01 2.334224004855219192e+00
2.339012952555230562e+00 -7.066018444971182699e-01 1.562355279626505222e+00
2.664802089693036891e+00 -9.648310541658839945e-01 4.491387355018600647e-01
3.035968727524477995e+00 2.388046341854077603e-01 2.199684707057868671e+00
3.458833265763586962e+00 1.730245331654252094e+00 2.689662514019477868e+00
3.940596440236666886e+00 6.710375208834010508e+00 3.725178670979949480e+00
4.489461940391565875e+00 9.337973362792773457e+00 3.556831373533179796e+00
5.114776105571953835e+00 9.345012239163557055e+00 2.936285959680032587e+00
5.827187078870319503e+00 1.178571799343749227e+01 2.713532376203211971e+00
6.638826128706195817e+00 7.546432388391608015e+00 1.822278862763707430e+00
7.563514225758552811e+00 8.015137628509586776e+00 1.559744256362611603e+00
8.616997392941321721e+00 6.046509123331734514e+00 1.140243391067954137e+00
9.817214836071872952e+00 4.590274446231092043e+00 8.405409362297195930e-01
1.118460442108735009e+01 3.180262488239399499e+00 6.007382133177366912e-01
1.274245069961824761e+01 2.510455930282241788e+00 4.578195362453933992e-01
1.451728140926205768e+01 1.735777699348357794e+00 3.355411511440561934e-01
1.653931920034971981e+01 1.506065388058121179e+00 2.704912865689069745e-01
1.884299628142029093e+01 1.183483158218454845e+00 2.127506426639159398e-01
2.146754074702852577e+01 8.844613142755215485e-01 1.673976972513152861e-01
2.445764457215044274e+01 5.556541264857053353e-01 1.286552770875633300e-01
2.786422464810916466e+01 5.455878952250665659e-01 1.126777441031692334e-01
3.174528981929791982e+01 4.215408880700974859e-01 9.487621483846717108e-02
3.616692868500850011e+01 2.345907434514222789e-01 7.735939514108169934e-02
4.120443498711833286e+01 1.897448541707811298e-01 6.907773653334658981e-02
4.694358974726586098e+01 1.144929685779840778e-01 6.112896384612514361e-02
