1.069642439726958605e+00 -1.612730937099271955e+00 nan
1.218627458003121777e+00 -1.011774818019417932e+00 nan
1.388363836590320144e+00 -6.249352260861600339e-01 3.967977104193040061e-01
1.581741926207981042e+00 -7.266378961323287644e-01 2.758502034722895568e-01
1.802054659727066133e+00 9.739303010280824235e-01 6.100341399825901512e-01
2.053053625776520175e+00 2.506898554814399382e+00 6.676161125528565776e-01
2.339012952555230562e+00 5.065238626949907008e+00 7.221598673545025493e-01
2.664802089693036891e+00 6.714506541740720813e+00 6.804687137077208847e-01
3.035968727524477995e+00 7.933668344905163927e+00 6.097250460809947592e-01
3.458833265763586962e+00 7.810576801228468646e+00 5.034156440320596282e-01
3.940596440236666886e+00 7.123117776989918326e+00 4.016580272300843690e-01
4.489461940391565875e+00 6.183949183268587113e+00 3.142131014724252602e-01
5.114776105571953835e+00 5.016995636080507026e+00 2.393941987822726380e-01
5.827187078870319503e+00 4.062869125888821209e+00 1.835115209322841501e-01
6.638826128706195817e+00 3.221549743112261055e+00 1.402204718938723504e-01
7.563514225758552811e+00 2.655171412924986374e+00 1.101724796132757950e-01
8.616997392941321721e+00 2.110883557484564577e+00 8.603731395064924403e-02
9.817214836071872952e+00 1.620307580483584919e+00 6.705328734589860451e-02
1.118460442108735009e+01 1.307832299306279866e+00 5.419186370005617953e-02
1.274245069961824761e+01 1.037496419724697638e+00 4.420588741243600822e-02
1.451728140926205768e+01 7.997337087553468837e-01 3.641669635686473061e-02
1.653931920034971981e+01 6.326643751226477264e-01 3.090697308494294582e-02
1.884299628142029093e+01 4.638825345820816182e-01 2.624294191967780840e-02
2.146754074702852577e+01 3.577295515006908566e-01 2.315635766175788007e-02
2.445764457215044274e+01 2.755208699728775024e-01 2.087487552780413133e-02
2.786422464810916466e+01 1.947878193122767332e-01 1.894210521017565887e-02
3.174528981929791982e+01 1.404251777637419707e-01 1.762567060946413147e-02
3.616692868500850011e+01 9.564584579552182220e-02 1.661253352629945071e-02
4.120443498711833286e+01 7.380426222729319363e-02 1.604518660012814110e-02
4.694358974726586098e+01 4.746318796722404088e-02 1.549257133885412197e-02
