1.069642439726958605e+00 -6.076775252887927081e-01 1.742623039318848299e+01
1.218627458003121777e+00 -5.473680790025037268e-01 1.422420663499050164e+01
1.388363836590320144e+00 -1.228955407919308573e+00 nan
1.581741926207981042e+00 -9.213787295476421058e-01 4.096827544237386931e+00
1.802054659727066133e+00 -1.497568365008192792e+00 nan
2.053053625776520175e+00 -1.348780022304037818e+00 nan
2.339012952555230562e+00 -5.297185926862821859e-01 5.528364534837233002e+00
2.664802089693036891e+00 -7.371857451110424009e-01 3.431652535720798980e+00
3.035968727524477995e+00 -6.043863798606412541e-01 3.473297252944291813e+00
3.458833265763586962e+00 6.097362106314976771e+00 1.211954869199357532e+01
3.940596440236666886e+00 8.292877192681309850e+00 1.140148862484634051e+01
4.489461940391565875e+00 5.278411995950138547e+00 7.694071619700947551e+00
5.114776105571953835e+00 9.561015658117661076e+00 8.224210610890411388e+00
5.827187078870319503e+00 1.910529135130759570e+01 9.414525743598115781e+00
6.638826128706195817e+00 1.354063960023891511e+01 6.584002474240143954e+00
7.563514225758552811e+00 1.007608976051207783e+01 4.737671323541500890e+00
8.616997392941321721e+00 7.875406415495888268e+00 3.498262907717820447e+00
9.817214836071872952e+00 7.038026125565467694e+00 2.753789917403302923e+00
1.118460442108735009e+01 4.812958507209226688e+00 1.929532363384788063e+00
1.274245069961824761e+01 4.317104232170598799e+00 1.530335021526479267e+00
1.451728140926205768e+01 2.776941232073708576e+00 1.062920357968039742e+00
1.653931920034971981e+01 2.496974586490078529e+00 8.524621453132981141e-01
1.884299628142029093e+01 1.647052059193953255e+00 6.130335733339670190e-01
2.146754074702852577e+01 1.157973216648666259e+00 4.603448657274953337e-01
2.445764457215044274e+01 9.826231666969560408e-01 3.710799056967818976e-01
2.786422464810916466e+01 6.516772918704742956e-01 2.837816482082488045e-01
3.174528981929791982e+01 3.448300164957793790e-01 2.147236300342130477e-01
3.616692868500850011e+01 3.140119340820439753e-01 1.831380891898235497e-01
4.120443498711833286e+01 2.375854839659610196e-01 1.544357698868498996e-01
4.694358974726586098e+01 1.672738001396143481e-01 1.320637780883431311e-01
