1.069642439726958605e+00 2.466872095270057352e-01 1.091529783566511469e+01
1.218627458003121777e+00 -1.175160404645494872e+00 nan
1.388363836590320144e+00 -4.099754452530661730e-01 4.842889067381752177e+00
1.581741926207981042e+00 -1.441210045662100647e+00 nan
1.802054659727066133e+00 -7.554361787542789308e-01 2.087387555653262172e+00
2.053053625776520175e+00 -1.004614603848962950e+00 nan
2.339012952555230562e+00 -7.392538669344237423e-01 1.446444652182810486e+00
2.664802089693036891e+00 -1.027723985804217310e+00 nan
3.035968727524477995e+00 3.408219963699636867e-01 2.247513952712886010e+00
3.458833265763586962e+00 4.120175732972043647e+00 3.620785744747012203e+00
3.940596440236666886e+00 4.683632188174689404e+00 3.137513730551309887e+00
4.489461940391565875e+00 7.122529246859445884e+00 3.090830375923406148e+00
5.114776105571953835e+00 1.101482999515402383e+01 3.114940257298617787e+00
5.827187078870319503e+00 1.188820539031979173e+01 2.677164059618724057e+00
6.638826128706195817e+00 8.602450664809026648e+00 1.903154888902799602e+00
7.563514225758552811e+00 7.879836601705052068e+00 1.520398972526005865e+00
8.616997392941321721e+00 6.369399259933695490e+00 1.148099450430872137e+00
9.817214836071872952e+00 4.753025782093164509e+00 8.392328106983106828e-01
1.118460442108735009e+01 3.757217561793561700e+00 6.343463672312650292e-01
1.274245069961824761e+01 2.720259821261475253e+00 4.650715210535699695e-01
1.451728140926205768e+01 2.104628220992969201e+00 3.547680070518726136e-01
1.653931920034971981e+01 1.529744314679825301e+00 2.675530032665953128e-01
1.884299628142029093e+01 1.297692150772462139e+00 2.159928714231602598e-01
2.146754074702852577e+01 1.029660553246626087e+00 1.727596048409293372e-01
2.445764457215044274e+01 8.102483433212739339e-01 1.400514801878313398e-01
2.786422464810916466e+01 6.428316941068805690e-01 1.158971237043344843e-01
3.174528981929791982e+01 4.854491027181735419e-01 9.665103971169868025e-02
3.616692868500850011e+01 3.044299179913085851e-01 7.963543880261338137e-02
4.120443498711833286e+01 2.415018363036776083e-01 7.061534505177059773e-02
4.694358974726586098e+01 1.581798821832580693e-01 6.240903864228269926e-02
