1.069642439726958605e+00 -1.157325840933195238e+00 nan
1.218627458003121777e+00 -8.910046099957602550e-01 2.508337892746520525e-01
1.388363836590320144e+00 -9.788750391799623252e-01 9.371575002626614248e-02
1.581741926207981042e+00 -4.105064277765053671e-01 4.032109889551388493e-01
1.802054659727066133e+00 -5.084809226181419284e-02 4.207728058792266079e-01
2.053053625776520175e+00 2.725070546773691760e+00 6.849411977680739394e-01
2.339012952555230562e+00 4.689837517677326595e+00 6.958451351155935383e-01
2.664802089693036891e+00 6.877158855717047103e+00 6.845838464675146895e-01
3.035968727524477995e+00 8.238074488022231634e+00 6.176258400505747481e-01
3.458833265763586962e+00 8.052435981642478424e+00 5.083844439261783199e-01
3.940596440236666886e+00 6.938610133513364531e+00 3.948838022607611409e-01
4.489461940391565875e+00 5.775989526420087117e+00 3.028476949176524546e-01
5.114776105571953835e+00 4.950697226961497499e+00 2.368448349573781531e-01
5.827187078870319503e+00 4.056061737722005844e+00 1.825683549523965110e-01
6.638826128706195817e+00 3.221578108961521192e+00 1.396192602384710713e-01
7.563514225758552811e+00 2.593876501464606577e+00 1.085761053985741659e-01
8.616997392941321721e+00 1.967937318835642602e+00 8.316557846174785218e-02
9.817214836071872952e+00 1.617969409794422608e+00 6.674675702953170031e-02
1.118460442108735009e+01 1.292635040554053649e+00 5.373829156299107790e-02
1.274245069961824761e+01 9.926719366085254848e-01 4.334225102471436081e-02
1.451728140926205768e+01 7.983242275812576505e-01 3.626656700616376350e-02
1.653931920034971981e+01 5.931946499201814493e-01 3.021323775109919715e-02
1.884299628142029093e+01 4.673712943175938328e-01 2.621032171100750804e-02
2.146754074702852577e+01 3.460222955961695934e-01 2.291491375088268098e-02
2.445764457215044274e+01 2.659456747649668884e-01 2.067539299458688584e-02
2.786422464810916466e+01 2.045552474270393439e-01 1.903086284949559101e-02
3.174528981929791982e+01 1.327658882670215146e-01 1.746796245735173642e-02
3.616692868500850011e+01 9.564499849926466624e-02 1.656946136539676900e-02
4.120443498711833286e+01 6.000414996876513030e-02 1.580568172873657654e-02
4.694358974726586098e+01 3.918050317739063537e-02 1.533474206879848097e-02
