1.069642439726958605e+00 -1.431618177514248469e+00 nan
1.218627458003121777e+00 -6.680317546664933381e-01 4.386061591196855902e-01
1.388363836590320144e+00 -7.873492273045836765e-01 2.979174562990783981e-01
1.581741926207981042e+00 -5.489444255350441892e-01 3.533557838525611672e-01
1.802054659727066133e+00 8.437646258713358272e-01 5.878613015879158299e-01
2.053053625776520175e+00 1.993573774038782220e+00 6.148145739885282346e-01
2.339012952555230562e+00 4.503662697437233575e+00 6.855063943682355720e-01
2.664802089693036891e+00 6.986502966952024885e+00 6.907463632286385824e-01
3.035968727524477995e+00 7.869670024891959770e+00 6.057516719488515999e-01
3.458833265763586962e+00 7.970934900001818590e+00 5.068737836923420392e-01
3.940596440236666886e+00 7.086405591515448243e+00 3.995816939013134839e-01
4.489461940391565875e+00 6.278939608815216289e+00 3.156615444604049525e-01
5.114776105571953835e+00 4.837656237521154701e+00 2.347101986804127627e-01
5.827187078870319503e+00 3.818511320742854931e+00 1.778727649772803010e-01
6.638826128706195817e+00 3.230934151994945935e+00 1.400444546655268963e-01
7.563514225758552811e+00 2.713094755529824820e+00 1.109643385625522782e-01
8.616997392941321721e+00 1.997593669062510902e+00 8.382866072008758607e-02
9.817214836071872952e+00 1.627253986287989562e+00 6.700998423823326111e-02
1.118460442108735009e+01 1.258090676660363005e+00 5.326229675265333613e-02
1.274245069961824761e+01 1.019579293385924679e+00 4.382794193259524629e-02
1.451728140926205768e+01 8.019648657971722994e-01 3.637355875862963855e-02
1.653931920034971981e+01 5.960173562910049405e-01 3.029646330774082505e-02
1.884299628142029093e+01 4.781621563631828220e-01 2.640324141931435498e-02
2.146754074702852577e+01 3.537696849440505886e-01 2.305623042135628020e-02
2.445764457215044274e+01 2.562676797611787016e-01 2.055879060609644773e-02
2.786422464810916466e+01 1.908749662717741380e-01 1.885391884543244356e-02
3.174528981929791982e+01 1.385367663373944236e-01 1.757013599643317270e-02
3.616692868500850011e+01 1.030306274595647054e-01 1.669334041098232899e-02
4.120443498711833286e+01 6.150373024909727704e-02 1.584337970993704783e-02
4.694358974726586098e+01 4.207353982414785420e-02 1.539176828859394053e-02
