1.069642439726958605e+00 -2.782189436010153560e+00 nan
1.218627458003121777e+00 -8.721577107232618697e-01 7.621847106914447778e+00
1.388363836590320144e+00 -5.731385426295125818e-01 1.181970407319785643e+01
1.581741926207981042e+00 -4.901746724890827522e-01 1.051863244378333917e+01
1.802054659727066133e+00 -1.014535492474342160e+00 nan
2.053053625776520175e+00 -1.232830682047231896e+00 nan
2.339012952555230562e+00 -5.423363588559408921e-01 5.498687915473294829e+00
2.664802089693036891e+00 -1.189393485165421094e+00 nan
3.035968727524477995e+00 -6.814734600646248364e-01 3.142275678205992406e+00
3.458833265763586962e+00 -8.166377453323065971e-01 1.962193905802483540e+00
3.940596440236666886e+00 3.494404774260268631e+00 7.986510808910404435e+00
4.489461940391565875e+00 1.173789647280951343e+01 1.107113502461969290e+01
5.114776105571953835e+00 9.648750250974977405e+00 8.326437519668250076e+00
5.827187078870319503e+00 1.640744898004129482e+01 8.815964036040208285e+00
6.638826128706195817e+00 1.462907067579822851e+01 6.888693450468902135e+00
7.563514225758552811e+00 1.166392690040118829e+01 5.118477222963100814e+00
8.616997392941321721e+00 9.767219914917030010e+00 3.899533920432887601e+00
9.817214836071872952e+00 6.028077119138675499e+00 2.587731854148550781e+00
1.118460442108735009e+01 5.123028948469693589e+00 1.999002724277664234e+00
1.274245069961824761e+01 3.967674377037608835e+00 1.487580433186483475e+00
1.451728140926205768e+01 2.846169385485656456e+00 1.081860867651940783e+00
1.653931920034971981e+01 3.244316350455535680e+00 9.562231186567003993e-01
1.884299628142029093e+01 1.982592564610783148e+00 6.602359948778380172e-01
2.146754074702852577e+01 1.604448843106546008e+00 5.162366789929392352e-01
2.445764457215044274e+01 1.358390766551994311e+00 4.140626403306666425e-01
2.786422464810916466e+01 5.852923768415052574e-01 2.789935229718902288e-01
3.174528981929791982e+01 4.456026356536586519e-01 2.261351099592339708e-01
3.616692868500850011e+01 3.998834833717448412e-01 1.921846815105410222e-01
4.120443498711833286e+01 2.680812204605580451e-01 1.580910447590383738e-01
4.694358974726586098e+01 2.413237725544745693e-01 1.389969191646530933e-01
