1.069642439726958605e+00 -1.687221603563473948e+00 nan
1.218627458003121777e+00 -2.414790996784563770e-01 1.846699306984242739e+01
1.388363836590320144e+00 1.058360352014822148e-01 1.892338510756482606e+01
1.581741926207981042e+00 -1.223395270270269730e+00 nan
1.802054659727066133e+00 -2.707105044633589142e+00 nan
2.053053625776520175e+00 -4.133489053130665614e-01 7.562809030056143023e+00
2.339012952555230562e+00 -8.500023373223632994e-01 3.131193595342308900e+00
2.664802089693036891e+00 -8.355492167859213115e-01 2.722388810869261988e+00
3.035968727524477995e+00 -8.842614932444285980e-01 1.884038808920770913e+00
3.458833265763586962e+00 -6.492400380352418843e-01 2.699540407099635164e+00
3.940596440236666886e+00 3.475566235617592703e+00 7.927442825030213136e+00
4.489461940391565875e+00 1.141797802244996340e+01 1.087234161525329590e+01
5.114776105571953835e+00 1.587787935378260862e+01 1.045635306557720057e+01
5.827187078870319503e+00 1.037278928212830564e+01 7.060332221114610007e+00
6.638826128706195817e+00 9.681306977951209092e+00 5.637986380160596056e+00
7.563514225758552811e+00 1.351446637804084006e+01 5.465374483269453521e+00
8.616997392941321721e+00 8.333867773385049915e+00 3.601117601809839197e+00
9.817214836071872952e+00 3.844316629002793029e+00 2.122865529536817952e+00
1.118460442108735009e+01 4.687715083169591068e+00 1.912938073370855863e+00
1.274245069961824761e+01 4.097595143760059955e+00 1.500444013464989235e+00
1.451728140926205768e+01 2.326292288856471657e+00 9.959300888370454796e-01
1.653931920034971981e+01 2.983178853413955167e+00 9.184291055556643713e-01
1.884299628142029093e+01 1.322418190008508576e+00 5.719826259462893470e-01
2.146754074702852577e+01 9.325804580897574247e-01 4.339258667117252277e-01
2.445764457215044274e+01 1.036897411522268442e+00 3.779722780527827175e-01
2.786422464810916466e+01 8.993104174534711781e-01 3.095393052325950967e-01
3.174528981929791982e+01 1.184527668035926240e-01 1.925511738204852275e-01
3.616692868500850011e+01 1.301740708030556526e-01 1.666922933327008860e-01
4.120443498711833286e+01 8.874792492300498381e-02 1.419248803788466795e-01
4.694358974726586098e+01 3.532020159813042959e-02 1.214393545557387322e-01
