1.069642439726958605e+00 -1.492007345697398790e+00 nan
1.218627458003121777e+00 -1.032748821521686899e+00 nan
1.388363836590320144e+00 -6.972832337491350341e-01 5.737395595576176843e-01
1.581741926207981042e+00 -8.385059721950265388e-01 3.412360830252924027e-01
1.802054659727066133e+00 -8.119673666958813207e-01 3.027324667797183788e-01
2.053053625776520175e+00 1.134674544559132636e+00 8.368610454411794519e-01
2.339012952555230562e+00 2.346502668127416591e+00 8.592035542153471095e-01
2.664802089693036891e+00 5.044283282505332977e+00 9.627625435529987286e-01
3.035968727524477995e+00 7.489349591308470444e+00 9.478460328414721747e-01
3.458833265763586962e+00 9.234260248853999542e+00 8.654820932881798212e-01
3.940596440236666886e+00 8.619928646361092461e+00 6.955551536119947142e-01
4.489461940391565875e+00 7.666853042928518214e+00 5.478511105265726489e-01
5.114776105571953835e+00 6.104864381362724579e+00 4.112866579549588342e-01
5.827187078870319503e+00 4.695766397987326535e+00 3.057094327047024107e-01
6.638826128706195817e+00 4.121111969914383444e+00 2.427194208533850206e-01
7.563514225758552811e+00 3.089554852762256498e+00 1.808851737893514000e-01
8.616997392941321721e+00 2.588167262067385010e+00 1.428631531867971260e-01
9.817214836071872952e+00 1.994621636202690951e+00 1.099198438399287686e-01
1.118460442108735009e+01 1.591220411438273308e+00 8.697766594768484294e-02
1.274245069961824761e+01 1.233972389306817963e+00 6.904094238999634869e-02
1.451728140926205768e+01 9.672605603930704010e-01 5.605000408717492055e-02
1.653931920034971981e+01 7.188933797772245615e-01 4.561685763802418581e-02
1.884299628142029093e+01 5.647383966701096103e-01 3.861799182690517362e-02
2.146754074702852577e+01 4.608284941505615961e-01 3.375417031351094638e-02
2.445764457215044274e+01 3.190026159753756030e-01 2.902382859349139990e-02
2.786422464810916466e+01 2.212777327985995246e-01 2.573769239729827366e-02
3.174528981929791982e+01 1.688330407279095002e-01 2.373323544115996803e-02
3.616692868500850011e+01 1.177163415601689689e-01 2.206945332406579779e-02
4.120443498711833286e+01 7.504985246208706329e-02 2.078392179670055309e-02
4.694358974726586098e+01 5.831921984356469579e-02 2.013155011377237152e-02
