1.069642439726958605e+00 -1.080108126634703680e+00 nan
1.218627458003121777e+00 -1.169096846538053125e+00 nan
1.388363836590320144e+00 -6.012752472563747119e-01 2.649074441757785503e-01
1.581741926207981042e+00 3.255190399881142671e-01 3.935510888154706843e-01
1.802054659727066133e+00 1.758700416830516255e+00 4.675248692278912155e-01
2.053053625776520175e+00 5.117074130713318070e+00 5.736662060153431275e-01
2.339012952555230562e+00 6.355391037681878075e+00 5.182018726389345797e-01
2.664802089693036891e+00 8.207163835791687845e+00 4.867284053954941681e-01
3.035968727524477995e+00 7.648774873242420114e+00 3.927120261393697298e-01
3.458833265763586962e+00 7.085480168517858779e+00 3.163785076671575824e-01
3.940596440236666886e+00 6.124440655822682267e+00 2.472048479655105657e-01
4.489461940391565875e+00 4.965696494904012326e+00 1.882249857361923961e-01
5.114776105571953835e+00 4.080613998424691857e+00 1.452541910932538816e-01
5.827187078870319503e+00 3.309303467919214814e+00 1.123224292875833474e-01
6.638826128706195817e+00 2.653349226290279805e+00 8.710279958650510301e-02
7.563514225758552811e+00 2.054056776837984710e+00 6.734281417776817602e-02
8.616997392941321721e+00 1.720346656495102433e+00 5.452518444138440556e-02
9.817214836071872952e+00 1.352453213040226698e+00 4.359479528766029705e-02
1.118460442108735009e+01 1.059157663112029635e+00 3.543358774735422961e-02
1.274245069961824761e+01 8.448711205302577021e-01 2.954163054359147667e-02
1.451728140926205768e+01 6.598003387458277746e-01 2.497116163199259234e-02
1.653931920034971981e+01 5.195805303485738769e-01 2.162427903526188688e-02
1.884299628142029093e+01 4.013079347961554522e-01 1.903094851665063439e-02
2.146754074702852577e+01 3.000134547732371537e-01 1.700364542022811051e-02
2.445764457215044274e+01 2.344712788749294674e-01 1.564960028042105059e-02
2.786422464810916466e+01 1.684334666180287154e-01 1.447046263989445851e-02
3.174528981929791982e+01 1.241694592467696978e-01 1.367256575428222286e-02
3.616692868500850011e+01 8.697421664653237627e-02 1.304594491767213822e-02
4.120443498711833286e+01 6.125842754109100952e-02 1.261405583727444844e-02
4.694358974726586098e+01 4.082779609965880852e-02 1.228607642965620812e-02
