1.069642439726958605e+00 -1.201941308894360461e+00 nan
1.218627458003121777e+00 -9.982339227614605015e-01 5.214236778457746746e-02
1.388363836590320144e+00 -7.401353687983132090e-01 5.368037368942210064e-01
1.581741926207981042e+00 -9.953885483460918060e-01 5.822749512335247124e-02
1.802054659727066133e+00 -7.797955925902886332e-01 3.308326071187938089e-01
2.053053625776520175e+00 -1.930934797154804095e-02 5.724575664286102317e-01
2.339012952555230562e+00 2.212038795332265551e+00 8.499326773424906722e-01
2.664802089693036891e+00 6.351281205279523334e+00 1.073651040313081451e+00
3.035968727524477995e+00 7.273425156113399126e+00 9.444683221919392135e-01
3.458833265763586962e+00 7.726171665701660807e+00 8.040773847602723512e-01
3.940596440236666886e+00 8.766356519168281736e+00 7.078394780672341291e-01
4.489461940391565875e+00 7.785139999298545277e+00 5.570876796830054323e-01
5.114776105571953835e+00 5.608701583444185346e+00 3.989793600821742170e-01
5.827187078870319503e+00 5.063093205562724464e+00 3.195167099801454191e-01
6.638826128706195817e+00 4.161750531616261739e+00 2.460415332620574658e-01
7.563514225758552811e+00 3.275126823040787727e+00 1.873248667238076870e-01
8.616997392941321721e+00 2.710766356503098162e+00 1.470853614991152469e-01
9.817214836071872952e+00 2.042598616711578607e+00 1.119714449375018850e-01
1.118460442108735009e+01 1.674292210627205124e+00 8.952159875600844419e-02
1.274245069961824761e+01 1.256499184217690690e+00 7.007336360008244169e-02
1.451728140926205768e+01 1.000128364065795417e+00 5.715216622908254190e-02
1.653931920034971981e+01 7.545385503191233134e-01 4.666010583671761913e-02
1.884299628142029093e+01 5.780579103524050577e-01 3.914915966947227904e-02
2.146754074702852577e+01 4.229862663604548878e-01 3.326524808437340136e-02
2.445764457215044274e+01 3.287092154181512349e-01 2.939182320404936169e-02
2.786422464810916466e+01 2.436990297419103779e-01 2.631177265998390843e-02
3.174528981929791982e+01 1.874612515307889637e-01 2.421616586439579930e-02
3.616692868500850011e+01 1.275840730160329173e-01 2.237500145703623378e-02
4.120443498711833286e+01 9.259687962915963411e-02 2.121981733374409332e-02
4.694358974726586098e+01 6.553537270170184392e-02 2.037040045648372266e-02
