1.069642439726958605e+00 -1.579540746808250518e+00 nan
1.218627458003121777e+00 -9.742535541759498319e-01 1.966990369232909930e-01
1.388363836590320144e+00 -1.107053674298737356e+00 nan
1.581741926207981042e+00 -9.628708381010857575e-01 1.632400349046022603e-01
1.802054659727066133e+00 -5.543119053690539477e-01 4.650520242561816953e-01
2.053053625776520175e+00 7.222884914933522804e-01 7.498159222351541420e-01
2.339012952555230562e+00 2.072701811475636813e+00 8.212539683881365793e-01
2.664802089693036891e+00 4.626830968073563533e+00 9.263845421434772076e-01
3.035968727524477995e+00 8.807424531764194597e+00 1.018601731448939285e+00
3.458833265763586962e+00 8.091887261704862055e+00 8.117869068878875716e-01
3.940596440236666886e+00 7.580101858944241044e+00 6.531503974229689868e-01
4.489461940391565875e+00 7.365417701641886694e+00 5.362727358254850696e-01
5.114776105571953835e+00 6.370339544859265679e+00 4.187725731237364468e-01
5.827187078870319503e+00 4.773627466971289479e+00 3.073735021317811622e-01
6.638826128706195817e+00 3.935315224732725881e+00 2.371245183309840243e-01
7.563514225758552811e+00 2.958656591455405049e+00 1.771051363863439532e-01
8.616997392941321721e+00 2.609639181224635784e+00 1.430874899152070057e-01
9.817214836071872952e+00 1.903097926869978362e+00 1.075975354548023288e-01
1.118460442108735009e+01 1.574611399103557741e+00 8.644681167343665207e-02
1.274245069961824761e+01 1.260963467324271781e+00 6.947298979405978903e-02
1.451728140926205768e+01 9.440773273019300582e-01 5.548174529307237091e-02
1.653931920034971981e+01 7.369781406472315499e-01 4.589102547897982998e-02
1.884299628142029093e+01 5.543177960308738328e-01 3.835471625665227285e-02
2.146754074702852577e+01 4.077114628860165624e-01 3.270215650217617870e-02
2.445764457215044274e+01 3.255711418834439375e-01 2.910263429469889598e-02
2.786422464810916466e+01 2.162968618503036122e-01 2.560899382082056780e-02
3.174528981929791982e+01 1.508875498002797411e-01 2.337085692834708212e-02
3.616692868500850011e+01 1.081492359815567905e-01 2.186510438063200834e-02
4.120443498711833286e+01 6.570341816772118371e-02 2.058641309894099908e-02
4.694358974726586098e+01 4.487048248160796504e-02 1.986054454991353913e-02
