1.069642439726958605e+00 -1.082187332268074620e+00 nan
1.218627458003121777e+00 -8.482047233925056329e-01 2.962871108027849698e-01
1.388363836590320144e+00 -1.269374519661944589e+00 nan
1.581741926207981042e+00 -7.320803746696382674e-01 2.720450392091921521e-01
1.802054659727066133e+00 3.946728313221761208e-01 5.106479733294410073e-01
2.053053625776520175e+00 2.729124245813696170e+00 6.859429814937008096e-01
2.339012952555230562e+00 4.998733162369335403e+00 7.154040472869737100e-01
2.664802089693036891e+00 7.621194176510946328e+00 7.177626326518428135e-01
3.035968727524477995e+00 8.141876710582341303e+00 6.148038105988611335e-01
3.458833265763586962e+00 8.538459372012795257e+00 5.232378171103658770e-01
3.940596440236666886e+00 7.049269188953125820e+00 3.982084714012558702e-01
4.489461940391565875e+00 5.974663462036049921e+00 3.079904128133842955e-01
5.114776105571953835e+00 5.022685102506386556e+00 2.386662236733781139e-01
5.827187078870319503e+00 4.001521379811169510e+00 1.815783578977089308e-01
6.638826128706195817e+00 3.178241378541172502e+00 1.388807708145894382e-01
7.563514225758552811e+00 2.570280855280853594e+00 1.082262709001122342e-01
8.616997392941321721e+00 1.967586117036960403e+00 8.322557827089309412e-02
9.817214836071872952e+00 1.533724060789106947e+00 6.537637624228211097e-02
1.118460442108735009e+01 1.271321098949486306e+00 5.343369158991997242e-02
1.274245069961824761e+01 9.836081469890263218e-01 4.323136176836958611e-02
1.451728140926205768e+01 7.604233392337016451e-01 3.571333698640603155e-02
1.653931920034971981e+01 6.139824792616099813e-01 3.054387842405107203e-02
1.884299628142029093e+01 4.636053894254577035e-01 2.617100354529432876e-02
2.146754074702852577e+01 3.428800904000144367e-01 2.288248409478678760e-02
2.445764457215044274e+01 2.546638785369752522e-01 2.052307610572124200e-02
2.786422464810916466e+01 1.928390263694819140e-01 1.887146238622415886e-02
3.174528981929791982e+01 1.341494439252333137e-01 1.749698245767200566e-02
3.616692868500850011e+01 9.457407753685886931e-02 1.656231041174942298e-02
4.120443498711833286e+01 6.079363059229114796e-02 1.582479972377016236e-02
4.694358974726586098e+01 3.595361210779635108e-02 1.529558033522806018e-02
