1.069642439726958605e+00 -1.125640924858788416e+00 nan
1.218627458003121777e+00 -6.516000086374302835e-01 4.499239932461707725e-01
1.388363836590320144e+00 -7.493352304345315407e-01 3.238810823410723239e-01
1.581741926207981042e+00 -4.101245585395718596e-01 4.046431936068545787e-01
1.802054659727066133e+00 4.168562432081732716e-01 5.158864055178521424e-01
2.053053625776520175e+00 2.566441753642234147e+00 6.722676722101890157e-01
2.339012952555230562e+00 4.585946793714962055e+00 6.915857145603346856e-01
2.664802089693036891e+00 6.374789081800071422e+00 6.639222595659239889e-01
3.035968727524477995e+00 7.797983972392707130e+00 6.039680159468570064e-01
3.458833265763586962e+00 8.254892684023968030e+00 5.160207400356517926e-01
3.940596440236666886e+00 7.346954305955357256e+00 4.070373210097882333e-01
4.489461940391565875e+00 6.152393518737023115e+00 3.129945023995759912e-01
5.114776105571953835e+00 5.029786608605067322e+00 2.393402161548342510e-01
5.827187078870319503e+00 3.966337589209959269e+00 1.812228855096212621e-01
6.638826128706195817e+00 3.243460956969592246e+00 1.404584433595781612e-01
7.563514225758552811e+00 2.566068164637010263e+00 1.083693802246827737e-01
8.616997392941321721e+00 2.074982696600860432e+00 8.529194658733942058e-02
9.817214836071872952e+00 1.625886195157972391e+00 6.706119130151901031e-02
1.118460442108735009e+01 1.329819339638714348e+00 5.447995968039019005e-02
1.274245069961824761e+01 9.651391950376255746e-01 4.301946742072447483e-02
1.451728140926205768e+01 7.929539926324660204e-01 3.627179127071147868e-02
1.653931920034971981e+01 6.129558709646762971e-01 3.057854964697560157e-02
1.884299628142029093e+01 4.788489914384745916e-01 2.643685169742704053e-02
2.146754074702852577e+01 3.455965106476155402e-01 2.295614461075134310e-02
2.445764457215044274e+01 2.657880898656357349e-01 2.071385280039562959e-02
2.786422464810916466e+01 1.936145976574799032e-01 1.890817242321805522e-02
3.174528981929791982e+01 1.367114742075210554e-01 1.755678747054129074e-02
3.616692868500850011e+01 9.267522226636026872e-02 1.655574976365100162e-02
4.120443498711833286e+01 6.704197233817055235e-02 1.593448449828454780e-02
4.694358974726586098e+01 4.412559234169188827e-02 1.543200975947874205e-02
