1.069642439726958605e+00 -1.036171363548906488e+00 nan
1.218627458003121777e+00 -6.051300264011645336e-01 3.115645576450782883e-01
1.388363836590320144e+00 -1.567564981148590331e-01 3.864819168839062624e-01
1.581741926207981042e+00 7.833160055166581426e-01 4.579913478789302550e-01
1.802054659727066133e+00 2.568656636612624222e+00 5.337302923768417751e-01
2.053053625776520175e+00 5.421364425942664766e+00 5.897632491490271134e-01
2.339012952555230562e+00 6.726386140261301883e+00 5.330705959516652825e-01
2.664802089693036891e+00 7.881047673811010235e+00 4.790431088622568723e-01
3.035968727524477995e+00 8.069740132848238545e+00 4.039817682943424026e-01
3.458833265763586962e+00 7.179943702423424945e+00 3.193122146352842528e-01
3.940596440236666886e+00 6.085647888653105575e+00 2.471647742835257622e-01
4.489461940391565875e+00 5.160908168274723984e+00 1.922472914632391283e-01
5.114776105571953835e+00 4.297542795918318781e+00 1.492597548117889361e-01
5.827187078870319503e+00 3.308617891487963814e+00 1.126199725297784698e-01
6.638826128706195817e+00 2.548638094456689096e+00 8.578315688704390984e-02
7.563514225758552811e+00 2.133488418746992910e+00 6.863796003265749957e-02
8.616997392941321721e+00 1.681403583630054932e+00 5.414028004727090143e-02
9.817214836071872952e+00 1.337131155547895744e+00 4.350326237829496567e-02
1.118460442108735009e+01 1.069835830720322178e+00 3.565092145070272028e-02
1.274245069961824761e+01 8.367303855861716322e-01 2.950825097518157067e-02
1.451728140926205768e+01 6.374443148308588381e-01 2.475551000865495316e-02
1.653931920034971981e+01 5.274192861060649218e-01 2.176130452207803226e-02
1.884299628142029093e+01 3.965180131572689781e-01 1.901127338020170907e-02
2.146754074702852577e+01 3.039621462831154641e-01 1.708127878512959510e-02
2.445764457215044274e+01 2.233756382738809609e-01 1.554761601755660742e-02
2.786422464810916466e+01 1.653631941748332501e-01 1.445933102032295400e-02
3.174528981929791982e+01 1.220345257666550776e-01 1.367032918982415308e-02
3.616692868500850011e+01 8.320832260164334748e-02 1.302320408080083827e-02
4.120443498711833286e+01 5.893061378453556820e-02 1.260701437237027323e-02
4.694358974726586098e+01 3.922434138462116415e-02 1.228669899940491514e-02
