1.069642439726958605e+00 -1.270522444977282728e+00 nan
1.218627458003121777e+00 -8.183056547334019992e-01 2.109182429286915461e-01
1.388363836590320144e+00 -7.750551068730275883e-01 1.991755583163631604e-01
1.581741926207981042e+00 5.592252000435837811e-01 4.273563647859575099e-01
1.802054659727066133e+00 2.674896542060274385e+00 5.406070894907890612e-01
2.053053625776520175e+00 5.051754669989017010e+00 5.711606633353057960e-01
2.339012952555230562e+00 6.786603506280653342e+00 5.341691939834019021e-01
2.664802089693036891e+00 7.740244722469021177e+00 4.741452775273588549e-01
3.035968727524477995e+00 7.870782834631564029e+00 3.984706197377363424e-01
3.458833265763586962e+00 7.495571092627454135e+00 3.253623311172239574e-01
3.940596440236666886e+00 6.081581252230745527e+00 2.466285735155705205e-01
4.489461940391565875e+00 4.916202351920643920e+00 1.875260076362276762e-01
5.114776105571953835e+00 4.041491257959567207e+00 1.447453327332113293e-01
5.827187078870319503e+00 3.328647932184325864e+00 1.127341107570870443e-01
6.638826128706195817e+00 2.673214933078547961e+00 8.747892643903290577e-02
7.563514225758552811e+00 2.158536488374402929e+00 6.887342080575153958e-02
8.616997392941321721e+00 1.685017364668448092e+00 5.410032039571113088e-02
9.817214836071872952e+00 1.300544251829242270e+00 4.296112077774273674e-02
1.118460442108735009e+01 1.049445438712739653e+00 3.534139039686114148e-02
1.274245069961824761e+01 8.381345781033999742e-01 2.948276301322643941e-02
1.451728140926205768e+01 6.538992345787608684e-01 2.491918849196747207e-02
1.653931920034971981e+01 4.976082180985514913e-01 2.137906740253011501e-02
1.884299628142029093e+01 3.794424699168745807e-01 1.878662903112861271e-02
2.146754074702852577e+01 2.788679382603975743e-01 1.676717365873779328e-02
2.445764457215044274e+01 2.180959046253820866e-01 1.546829065807963331e-02
2.786422464810916466e+01 1.437308628372944153e-01 1.419141819940518759e-02
3.174528981929791982e+01 1.031521571695959150e-01 1.343598242788791863e-02
3.616692868500850011e+01 6.816780864152138797e-02 1.283466798450568457e-02
4.120443498711833286e+01 4.095962992068136188e-02 1.238510866005975396e-02
4.694358974726586098e+01 2.925190037977842827e-02 1.215831818762677305e-02
