1.069642439726958605e+00 -1.220913171592302948e+00 nan
1.218627458003121777e+00 -8.786787094909498386e-01 4.297596717109513631e-01
1.388363836590320144e+00 -1.120725848421293414e+00 nan
1.581741926207981042e+00 -9.842345505617977608e-01 1.070604536046024791e-01
1.802054659727066133e+00 -1.000170609475336647e+00 nan
2.053053625776520175e+00 2.361463649271493548e-01 6.391981679943606887e-01
2.339012952555230562e+00 2.078866012014505049e+00 8.274030236436253904e-01
2.664802089693036891e+00 5.709818225354737820e+00 1.019339644096893371e+00
3.035968727524477995e+00 7.830500143325001439e+00 9.712179139696757169e-01
3.458833265763586962e+00 7.751895127770167093e+00 8.008975043203220290e-01
3.940596440236666886e+00 8.028392696773959614e+00 6.752288271714357304e-01
4.489461940391565875e+00 7.162714839056254945e+00 5.325095360217529938e-01
5.114776105571953835e+00 6.285352287374004199e+00 4.186634483574728227e-01
5.827187078870319503e+00 5.043492248536239231e+00 3.172625094590517114e-01
6.638826128706195817e+00 3.955863673892131338e+00 2.391194275024252358e-01
7.563514225758552811e+00 3.273409185922926401e+00 1.863260602828446522e-01
8.616997392941321721e+00 2.424357454278313284e+00 1.394097775317176269e-01
9.817214836071872952e+00 2.002428248490735641e+00 1.105020415631321751e-01
1.118460442108735009e+01 1.679891122793955693e+00 8.921840128080425758e-02
1.274245069961824761e+01 1.290834170510921641e+00 7.046750106584200035e-02
1.451728140926205768e+01 9.915007984167589772e-01 5.672509073244696304e-02
1.653931920034971981e+01 7.636837763449100258e-01 4.664099258814368570e-02
1.884299628142029093e+01 5.857956704486442234e-01 3.913888681090380017e-02
2.146754074702852577e+01 4.758199438625501099e-01 3.413367486143428081e-02
2.445764457215044274e+01 3.476404673760289388e-01 2.963769767259803387e-02
2.786422464810916466e+01 2.551837586648477707e-01 2.643318790524251324e-02
3.174528981929791982e+01 1.692289431207938399e-01 2.379940531235320844e-02
3.616692868500850011e+01 1.202952461649440252e-01 2.216950394983904435e-02
4.120443498711833286e+01 9.649261041428891517e-02 2.122605748665459813e-02
4.694358974726586098e+01 5.928904205840002106e-02 2.019450681550255186e-02
