1.069642439726958605e+00 -1.023157878227046069e+00 nan
1.218627458003121777e+00 -9.472623522485392744e-01 1.745342689901130673e-01
1.388363836590320144e+00 -9.129820168145006409e-01 1.902694356825730126e-01
1.581741926207981042e+00 -6.515659129923172532e-01 3.100676630435331149e-01
1.802054659727066133e+00 1.011113774676132726e+00 6.130517919488407408e-01
2.053053625776520175e+00 2.697890499798555553e+00 6.826461617627138656e-01
2.339012952555230562e+00 4.902933861216540734e+00 7.091713537945532053e-01
2.664802089693036891e+00 7.337172674048920484e+00 7.050828333692223948e-01
3.035968727524477995e+00 6.970153257803733737e+00 5.720309421656568638e-01
3.458833265763586962e+00 8.065757909801465786e+00 5.089447763098788879e-01
3.940596440236666886e+00 6.986452008522524793e+00 3.962967512599568920e-01
4.489461940391565875e+00 6.065658138129061072e+00 3.100357060878191073e-01
5.114776105571953835e+00 4.984577606431022545e+00 2.376796682885830569e-01
5.827187078870319503e+00 4.116429004940558301e+00 1.838850480798465137e-01
6.638826128706195817e+00 3.338971224179091202e+00 1.419623144935765191e-01
7.563514225758552811e+00 2.588335850617461631e+00 1.085049684614531468e-01
8.616997392941321721e+00 2.027183589870055869e+00 8.423684803322273318e-02
9.817214836071872952e+00 1.628509253925880973e+00 6.694243731929068464e-02
1.118460442108735009e+01 1.302412985518160093e+00 5.391049597400714155e-02
1.274245069961824761e+01 9.931081001875612380e-01 4.336020002004817991e-02
1.451728140926205768e+01 7.836793449773193920e-01 3.605229587763916083e-02
1.653931920034971981e+01 6.064333193337629879e-01 3.041827301971738659e-02
1.884299628142029093e+01 4.693808051127719150e-01 2.624576268820982133e-02
2.146754074702852577e+01 3.620205284856117256e-01 2.315346415302307198e-02
2.445764457215044274e+01 2.787954166371289233e-01 2.086614937648821264e-02
2.786422464810916466e+01 2.087844259094566723e-01 1.909571692427832965e-02
3.174528981929791982e+01 1.492495129148687649e-01 1.770926163702446834e-02
3.616692868500850011e+01 1.130659724377800490e-01 1.682375529305915260e-02
4.120443498711833286e+01 7.418400661275881269e-02 1.601289629051665803e-02
4.694358974726586098e+01 4.561240191617499384e-02 1.543008751166200301e-02
