1.069642439726958605e+00 -1.253459627352520922e+00 nan
1.218627458003121777e+00 -5.182472901969930046e-01 5.141538387201491922e+00
1.388363836590320144e+00 -1.421329670612917262e+00 nan
1.581741926207981042e+00 -7.091273187183813054e-01 2.760936922517496228e+00
1.802054659727066133e+00 -5.403552833013769430e-01 2.853491305155123392e+00
2.053053625776520175e+00 -9.753517246601512980e-01 5.415600949677171760e-01
2.339012952555230562e+00 -9.392267333551118647e-01 6.962917976923982399e-01
2.664802089693036891e+00 -9.349470372941850460e-01 5.981817780683093000e-01
3.035968727524477995e+00 1.245958705096454899e-01 2.052311316404969777e+00
3.458833265763586962e+00 6.658941893514820354e-01 2.056566107176413638e+00
3.940596440236666886e+00 8.769791629405945699e+00 4.111617363305708928e+00
4.489461940391565875e+00 1.011318208080437309e+01 3.614360058246943286e+00
5.114776105571953835e+00 1.240146783651161577e+01 3.286218866257723636e+00
5.827187078870319503e+00 1.144697682184060916e+01 2.621454095752199454e+00
6.638826128706195817e+00 6.657701536812838050e+00 1.685882603686050141e+00
7.563514225758552811e+00 6.331306981260148348e+00 1.369296850606009253e+00
8.616997392941321721e+00 5.256748509722557472e+00 1.048279310708293277e+00
9.817214836071872952e+00 3.957389766424518118e+00 7.717610249066891859e-01
1.118460442108735009e+01 3.651377071172726474e+00 6.247575822923799871e-01
1.274245069961824761e+01 2.675827450812141350e+00 4.606880253468698672e-01
1.451728140926205768e+01 2.059273309438639732e+00 3.508359595990860891e-01
1.653931920034971981e+01 1.438063048533124721e+00 2.611105561839567879e-01
1.884299628142029093e+01 1.245817056623298891e+00 2.124446429085377064e-01
2.146754074702852577e+01 1.017700950527013815e+00 1.716830263196750528e-01
2.445764457215044274e+01 6.346926092569824540e-01 1.305651274048852672e-01
2.786422464810916466e+01 5.356448011567380707e-01 1.102969542991351776e-01
3.174528981929791982e+01 2.757664360833314010e-01 8.629333631378549585e-02
3.616692868500850011e+01 2.200094428755869913e-01 7.548658892983003965e-02
4.120443498711833286e+01 1.652708784947976017e-01 6.694909828273225283e-02
4.694358974726586098e+01 9.386603013411409790e-02 5.935090514401039630e-02
