1.069642439726958605e+00 -9.037768723835917228e-01 5.024972885770283559e-01
1.218627458003121777e+00 -7.842978388977497328e-01 5.717444069452668476e-01
1.388363836590320144e+00 -8.303284005760531716e-01 4.303473042257531245e-01
1.581741926207981042e+00 -1.160488074885793530e+00 nan
1.802054659727066133e+00 -2.910060688287985364e-01 5.890717972938879221e-01
2.053053625776520175e+00 3.134090831397071675e-01 6.574024513311215179e-01
2.339012952555230562e+00 2.871897458535833003e+00 9.263186207797351468e-01
2.664802089693036891e+00 5.654800366397427780e+00 1.012803448120158434e+00
3.035968727524477995e+00 7.198120305524325246e+00 9.327670389593875067e-01
3.458833265763586962e+00 9.879654574761168817e+00 8.953349684803029174e-01
3.940596440236666886e+00 8.148918450445346906e+00 6.784976813776845139e-01
4.489461940391565875e+00 7.211248715375914387e+00 5.330515715173185232e-01
5.114776105571953835e+00 6.299934719906090663e+00 4.182222161404625105e-01
5.827187078870319503e+00 5.234076582447589665e+00 3.221601778666159377e-01
6.638826128706195817e+00 3.981643431189222149e+00 2.393259587934508381e-01
7.563514225758552811e+00 3.286437457108093874e+00 1.862742106661811614e-01
8.616997392941321721e+00 2.575752108044062183e+00 1.428065372279456735e-01
9.817214836071872952e+00 2.030867392559097873e+00 1.109341972415159860e-01
1.118460442108735009e+01 1.571769338071561162e+00 8.669416179644559572e-02
1.274245069961824761e+01 1.261928954610998632e+00 6.973338285919050694e-02
1.451728140926205768e+01 9.602901073962821776e-01 5.599417673035912701e-02
1.653931920034971981e+01 7.616623231485168954e-01 4.652106014504999582e-02
1.884299628142029093e+01 5.890602787085361669e-01 3.913710733611274611e-02
2.146754074702852577e+01 4.738888286776390402e-01 3.404423165725609102e-02
2.445764457215044274e+01 3.589293549523082660e-01 2.980422384356033391e-02
2.786422464810916466e+01 2.738242591099417922e-01 2.674098851038723620e-02
3.174528981929791982e+01 2.045010042850476939e-01 2.441753390728785070e-02
3.616692868500850011e+01 1.397902273390951855e-01 2.249932639888048772e-02
4.120443498711833286e+01 9.893173775528274483e-02 2.124432547485168715e-02
4.694358974726586098e+01 6.788670401560259471e-02 2.032769247966308493e-02
