1.069642439726958605e+00 -1.142538975501113718e+00 nan
1.218627458003121777e+00 -1.165273311897105923e+00 nan
1.388363836590320144e+00 -1.139416396479853155e-01 1.688179761230186671e+01
1.581741926207981042e+00 -1.215909090909091272e+00 nan
1.802054659727066133e+00 -1.096948308075565759e+00 nan
2.053053625776520175e+00 -7.439687630734905799e-01 4.979323281791188549e+00
2.339012952555230562e+00 -9.786836200448767453e-01 1.176404926897357539e+00
2.664802089693036891e+00 -1.356475214336362978e+00 nan
3.035968727524477995e+00 -8.779171784523600586e-01 1.928472152096378345e+00
3.458833265763586962e+00 -1.058182034291147655e+00 nan
3.940596440236666886e+00 3.731191631656006980e+00 8.123695336643734777e+00
4.489461940391565875e+00 2.372952039493443799e+00 5.631717651496258803e+00
5.114776105571953835e+00 9.648385570551370805e+00 8.254530524076571396e+00
5.827187078870319503e+00 1.042139214398939373e+01 7.051980312426937125e+00
6.638826128706195817e+00 1.258687170200976979e+01 6.355506679129281800e+00
7.563514225758552811e+00 1.137482304419795831e+01 5.014620090038846456e+00
8.616997392941321721e+00 7.032321028052514578e+00 3.320513814398398544e+00
9.817214836071872952e+00 5.578616125636457923e+00 2.478963400483721990e+00
1.118460442108735009e+01 6.068419839543452987e+00 2.138732328932142046e+00
1.274245069961824761e+01 4.605979522857730046e+00 1.573599561182918993e+00
1.451728140926205768e+01 2.477060380622286839e+00 1.016421901579897868e+00
1.653931920034971981e+01 1.935392659873299337e+00 7.745440400187035834e-01
1.884299628142029093e+01 1.707813018341721056e+00 6.205129560208121342e-01
2.146754074702852577e+01 9.381623065406927697e-01 4.332447214369592459e-01
2.445764457215044274e+01 8.518976712052261924e-01 3.565249784616341677e-01
2.786422464810916466e+01 4.603203973797382886e-01 2.636800291873781510e-01
3.174528981929791982e+01 3.269896479884910612e-01 2.128829296151290018e-01
3.616692868500850011e+01 9.812743740120910552e-02 1.632111753535670784e-01
4.120443498711833286e+01 1.103345028559536978e-01 1.434076695807703083e-01
4.694358974726586098e+01 2.672783113837917668e-02 1.204015277788711286e-01
