1.069642439726958605e+00 -1.278216766132165727e+00 nan
1.218627458003121777e+00 -8.508322900092082364e-01 2.941289801436960394e-01
1.388363836590320144e+00 -8.710812713234215021e-01 2.320596387084190304e-01
1.581741926207981042e+00 -5.032518571306796584e-01 3.709889068848957749e-01
1.802054659727066133e+00 7.047370481149006771e-02 4.479317373954090908e-01
2.053053625776520175e+00 2.427367695080377530e+00 6.583733996688843071e-01
2.339012952555230562e+00 4.249233112044512595e+00 6.695544894296742156e-01
2.664802089693036891e+00 7.857438659268819237e+00 7.288480521906299803e-01
3.035968727524477995e+00 7.940927532229594021e+00 6.085467136201166971e-01
3.458833265763586962e+00 8.408132249210673592e+00 5.201190456909886572e-01
3.940596440236666886e+00 7.293617046773901436e+00 4.052781656652946762e-01
4.489461940391565875e+00 6.097841945806445452e+00 3.114085795910481180e-01
5.114776105571953835e+00 5.046013652115430403e+00 2.395067537842953398e-01
5.827187078870319503e+00 4.021593875609148050e+00 1.822381803879052631e-01
6.638826128706195817e+00 3.431245888165296964e+00 1.440200854771117311e-01
7.563514225758552811e+00 2.553748479747744771e+00 1.080550131202575315e-01
8.616997392941321721e+00 2.194696240064230253e+00 8.732667231395419005e-02
9.817214836071872952e+00 1.589492910218304189e+00 6.639788705674996849e-02
1.118460442108735009e+01 1.308141534695674180e+00 5.409095322147703527e-02
1.274245069961824761e+01 1.034733473858606922e+00 4.407975530624082955e-02
1.451728140926205768e+01 8.226230252778181651e-01 3.670015112317259048e-02
1.653931920034971981e+01 6.112162578211588482e-01 3.053331132728511269e-02
1.884299628142029093e+01 4.766403513378232315e-01 2.638849988675793720e-02
2.146754074702852577e+01 3.618315296497565114e-01 2.318053119484306257e-02
2.445764457215044274e+01 2.778318565922941463e-01 2.087773844622413388e-02
2.786422464810916466e+01 2.034966702083815804e-01 1.904154281422868605e-02
3.174528981929791982e+01 1.517358665649042315e-01 1.776524312047732951e-02
3.616692868500850011e+01 1.144356834127966405e-01 1.686198727041937975e-02
4.120443498711833286e+01 7.855630844724337258e-02 1.609315082080689518e-02
4.694358974726586098e+01 6.063650431896339121e-02 1.566308724153605419e-02
