1.069642439726958605e+00 -1.548464576873283871e+00 nan
1.218627458003121777e+00 -6.534113635261085129e-01 7.306265159009192045e-01
1.388363836590320144e+00 -1.355536194773515390e+00 nan
1.581741926207981042e+00 -8.829780471266317488e-01 2.933864719019121381e-01
1.802054659727066133e+00 -3.738826945134832158e-01 5.580448799164937634e-01
2.053053625776520175e+00 4.978872345132028254e-01 7.078097768537986445e-01
2.339012952555230562e+00 2.041858471338369174e+00 8.271678005924303356e-01
2.664802089693036891e+00 4.728063604603778280e+00 9.462537115466124193e-01
3.035968727524477995e+00 8.628376702999467796e+00 1.021242580089702479e+00
3.458833265763586962e+00 8.323096140027539391e+00 8.324196431528935181e-01
3.940596440236666886e+00 8.517871195347336055e+00 6.983365488551258604e-01
4.489461940391565875e+00 7.279036859620905631e+00 5.395907206375647469e-01
5.114776105571953835e+00 6.315393860617151134e+00 4.219311769668255829e-01
5.827187078870319503e+00 4.990328078527982214e+00 3.174198872915149905e-01
6.638826128706195817e+00 4.005244306695892931e+00 2.417785136482347996e-01
7.563514225758552811e+00 3.386804070851392900e+00 1.902270925620525854e-01
8.616997392941321721e+00 2.467108811562242376e+00 1.411887904769087154e-01
9.817214836071872952e+00 2.090850837982308086e+00 1.130991130951780471e-01
1.118460442108735009e+01 1.604432810171386947e+00 8.800966601786257282e-02
1.274245069961824761e+01 1.254991771770292530e+00 7.005314814733641648e-02
1.451728140926205768e+01 1.011206673442138104e+00 5.738506358168573435e-02
1.653931920034971981e+01 7.632844392104676245e-01 4.683913603015280730e-02
1.884299628142029093e+01 5.844319069307759573e-01 3.927737821063233270e-02
2.146754074702852577e+01 4.295258706816724725e-01 3.339363872230306785e-02
2.445764457215044274e+01 3.311223133160758891e-01 2.944080482237739285e-02
2.786422464810916466e+01 2.389835526656536313e-01 2.622733670888927060e-02
3.174528981929791982e+01 1.728358578725697203e-01 2.394828000040274962e-02
3.616692868500850011e+01 1.225124548358740295e-01 2.228387453836924020e-02
4.120443498711833286e+01 8.988539841360521088e-02 2.117213014460106110e-02
4.694358974726586098e+01 5.582112670351069283e-02 2.019356397951267007e-02
