1.069642439726958605e+00 -1.648722085051363084e+00 nan
1.218627458003121777e+00 -9.427236051984209109e-01 1.825088265605336602e-01
1.388363836590320144e+00 -8.144781043799573794e-01 2.787713124067371373e-01
1.581741926207981042e+00 -5.900131971226649785e-01 3.374941820466913489e-01
1.802054659727066133e+00 7.046326845515993309e-01 5.662318095196056111e-01
2.053053625776520175e+00 2.258000825773788023e+00 6.426998380810722278e-01
2.339012952555230562e+00 5.479271470094261076e+00 7.460172114513500263e-01
2.664802089693036891e+00 7.644837969525728028e+00 7.207670038100492116e-01
3.035968727524477995e+00 8.055003021101789784e+00 6.134235247292736393e-01
3.458833265763586962e+00 7.517319009297080967e+00 4.939494081081906574e-01
3.940596440236666886e+00 6.717655832811733063e+00 3.902871691432741597e-01
4.489461940391565875e+00 5.679167422498672124e+00 3.015169204471225273e-01
5.114776105571953835e+00 4.854167449800598888e+00 2.354855710779914790e-01
5.827187078870319503e+00 3.990191912336626956e+00 1.818101175075050868e-01
6.638826128706195817e+00 3.155100937300036712e+00 1.387764044232311644e-01
7.563514225758552811e+00 2.563573107719802291e+00 1.083713106083638439e-01
8.616997392941321721e+00 2.032371706777720721e+00 8.457680358215062533e-02
9.817214836071872952e+00 1.593539149629262131e+00 6.654386262584290057e-02
1.118460442108735009e+01 1.230056877342399879e+00 5.288610113833104587e-02
1.274245069961824761e+01 1.005001128752744055e+00 4.366181940176575710e-02
1.451728140926205768e+01 7.691048959374526817e-01 3.592112651870433410e-02
1.653931920034971981e+01 6.060626562501367776e-01 3.048624535047460282e-02
1.884299628142029093e+01 4.381373941764814539e-01 2.584434420016855707e-02
2.146754074702852577e+01 3.531812950571091569e-01 2.307457829607121799e-02
2.445764457215044274e+01 2.594768224447216998e-01 2.062840457281524612e-02
2.786422464810916466e+01 2.001547127821667882e-01 1.900855144715122083e-02
3.174528981929791982e+01 1.404649112354181550e-01 1.761607068748900773e-02
3.616692868500850011e+01 9.605045572341364135e-02 1.660908046651929718e-02
4.120443498711833286e+01 7.262133190313191378e-02 1.601934073586979909e-02
4.694358974726586098e+01 4.086476546235795482e-02 1.538899546262783267e-02
