1.069642439726958605e+00 -1.259174233339043880e+00 nan
1.218627458003121777e+00 -1.065703685382142218e+00 nan
1.388363836590320144e+00 -8.793315993871806402e-01 3.648707229097894467e-01
1.581741926207981042e+00 -7.898079740851446928e-01 3.921457791540143289e-01
1.802054659727066133e+00 -7.341750496036154594e-01 3.625847589039941643e-01
2.053053625776520175e+00 6.397263008915401450e-01 7.386156528146872180e-01
2.339012952555230562e+00 2.823135979799236139e+00 9.253724809142434005e-01
2.664802089693036891e+00 5.670656697985156924e+00 1.019444519147443273e+00
3.035968727524477995e+00 7.201979055246591876e+00 9.379482272110447605e-01
3.458833265763586962e+00 9.080485788530795688e+00 8.647738279136193418e-01
3.940596440236666886e+00 7.717752812196064127e+00 6.648171344957026774e-01
4.489461940391565875e+00 7.254387703547060973e+00 5.373235751578576691e-01
5.114776105571953835e+00 6.184431252454842820e+00 4.166823307387072517e-01
5.827187078870319503e+00 5.247867537946593330e+00 3.241876848724442040e-01
6.638826128706195817e+00 4.034986345667938679e+00 2.419921311576059275e-01
7.563514225758552811e+00 3.244766727393631811e+00 1.861147236223024415e-01
8.616997392941321721e+00 2.546098439725005935e+00 1.427733537741007475e-01
9.817214836071872952e+00 1.872830016774324147e+00 1.078018750192750730e-01
1.118460442108735009e+01 1.484474815966347006e+00 8.517139695383653397e-02
1.274245069961824761e+01 1.232414513272960477e+00 6.942351072777920573e-02
1.451728140926205768e+01 9.546900528532691332e-01 5.612004139536290459e-02
1.653931920034971981e+01 7.243164286809660180e-01 4.597706285516629104e-02
1.884299628142029093e+01 5.252725870135324104e-01 3.806293910738638847e-02
2.146754074702852577e+01 4.079509500991322923e-01 3.292326171689538561e-02
2.445764457215044274e+01 3.130259121129554956e-01 2.905034839418576056e-02
2.786422464810916466e+01 2.236292698482438279e-01 2.589811366525343606e-02
3.174528981929791982e+01 1.477516672223579963e-01 2.344606744963553813e-02
3.616692868500850011e+01 1.002950095604400182e-01 2.183980045893453917e-02
4.120443498711833286e+01 6.407619765635441667e-02 2.066529497591469700e-02
4.694358974726586098e+01 5.137747473110021446e-02 2.008246898786648915e-02
