1.069642439726958605e+00 -1.731605803393386100e+00 nan
1.218627458003121777e+00 -7.406680200978457140e-01 6.306920277443917033e-01
1.388363836590320144e+00 -1.076440986515226239e+00 nan
1.581741926207981042e+00 -1.104248315335382369e+00 nan
1.802054659727066133e+00 -3.603695662849770720e-01 5.628766177908433033e-01
2.053053625776520175e+00 -1.927275952395368641e-02 5.714034732690910223e-01
2.339012952555230562e+00 2.039217510887752383e+00 8.251090983194145911e-01
2.664802089693036891e+00 4.629148742831873165e+00 9.360285579969458425e-01
3.035968727524477995e+00 7.891700307902228317e+00 9.782755055219276574e-01
3.458833265763586962e+00 8.412380986246830616e+00 8.348814512082664008e-01
3.940596440236666886e+00 8.269373216561401563e+00 6.872193608634962203e-01
4.489461940391565875e+00 7.119018532871184135e+00 5.328823953463642793e-01
5.114776105571953835e+00 6.056308596750660023e+00 4.128342234279460676e-01
5.827187078870319503e+00 5.159633271513130559e+00 3.218004568464732928e-01
6.638826128706195817e+00 3.937703090139055284e+00 2.394478079749610688e-01
7.563514225758552811e+00 3.165182033149574359e+00 1.841665458766847674e-01
8.616997392941321721e+00 2.534334787664628941e+00 1.425698106479498517e-01
9.817214836071872952e+00 1.930282491399379241e+00 1.091977342429966691e-01
1.118460442108735009e+01 1.581347401371692385e+00 8.734983333365750613e-02
1.274245069961824761e+01 1.206733952239153362e+00 6.892102447995700210e-02
1.451728140926205768e+01 9.853298538711776633e-01 5.676889128719830174e-02
1.653931920034971981e+01 7.585105441719965924e-01 4.667211514675161099e-02
1.884299628142029093e+01 5.499407826843749625e-01 3.855575408964449780e-02
2.146754074702852577e+01 4.352077340612501288e-01 3.345371773638684126e-02
2.445764457215044274e+01 3.390643181651191718e-01 2.954972613586828722e-02
2.786422464810916466e+01 2.547194793601190721e-01 2.648599413382268439e-02
3.174528981929791982e+01 1.803471092157025168e-01 2.405791601840116464e-02
3.616692868500850011e+01 1.340869971197753419e-01 2.247122722092676980e-02
4.120443498711833286e+01 8.824345094785357446e-02 2.111787380107987486e-02
4.694358974726586098e+01 5.772236812899689262e-02 2.020624940772738215e-02
