1.069642439726958605e+00 -1.376652128554780585e-01 9.139893192387258836e+00
1.218627458003121777e+00 -1.627970060821143150e+00 nan
1.388363836590320144e+00 -9.716368711290321869e-01 1.069026439898250080e+00
1.581741926207981042e+00 -7.780095351609059851e-01 2.435376073882681958e+00
1.802054659727066133e+00 -9.441313702488431936e-01 1.004464160674769069e+00
2.053053625776520175e+00 -7.095914563841350109e-01 1.876993811975822934e+00
2.339012952555230562e+00 -6.237469277722260674e-01 1.749392424440007865e+00
2.664802089693036891e+00 -1.162270376946337169e+00 nan
3.035968727524477995e+00 -9.868384370383864734e-01 2.241110783467116785e-01
3.458833265763586962e+00 2.483467823579536216e+00 3.004889349327442449e+00
3.940596440236666886e+00 7.114311619256137753e+00 3.779638560353812515e+00
4.489461940391565875e+00 9.100852425482475638e+00 3.475930944732752437e+00
5.114776105571953835e+00 1.034975075168403080e+01 3.045278300618353473e+00
5.827187078870319503e+00 1.318617877567434249e+01 2.834066493242302531e+00
6.638826128706195817e+00 9.658897923683493758e+00 2.024111115758327362e+00
7.563514225758552811e+00 7.391454322572801772e+00 1.484899259405904504e+00
8.616997392941321721e+00 5.198671229201012878e+00 1.052815845092842206e+00
9.817214836071872952e+00 5.107278646927650989e+00 8.728303119881116734e-01
1.118460442108735009e+01 3.750726027754789804e+00 6.379353921621749857e-01
1.274245069961824761e+01 2.672083006450380882e+00 4.646043605892091199e-01
1.451728140926205768e+01 1.966690714686504915e+00 3.477758666332120829e-01
1.653931920034971981e+01 1.488271358406433986e+00 2.665990201097500623e-01
1.884299628142029093e+01 1.138868998020362566e+00 2.079886192491108843e-01
2.146754074702852577e+01 9.509649191927453948e-01 1.694461696387724314e-01
2.445764457215044274e+01 6.459462308481702664e-01 1.322267614758945165e-01
2.786422464810916466e+01 5.357032253484115270e-01 1.111602735995941976e-01
3.174528981929791982e+01 2.981094644978452557e-01 8.804073394008646303e-02
3.616692868500850011e+01 2.481825210202344145e-01 7.736394515869532418e-02
4.120443498711833286e+01 1.596475831976875703e-01 6.713744734848940687e-02
4.694358974726586098e+01 9.800625205504065462e-02 5.991913026971285028e-02
