1.069642439726958605e+00 -1.548867201182675402e+00 nan
1.218627458003121777e+00 -1.118716368828744478e+00 nan
1.388363836590320144e+00 -9.034668510916392670e-01 2.008336951598506670e-01
1.581741926207981042e+00 -2.707723089540348127e-01 4.495960666060415112e-01
1.802054659727066133e+00 3.225504651001340761e-01 4.980247282899828987e-01
2.053053625776520175e+00 2.684454448135032312e+00 6.828579967945196394e-01
2.339012952555230562e+00 4.858041920766916100e+00 7.079390412634092300e-01
2.664802089693036891e+00 7.276661303672843140e+00 7.039340215423037783e-01
3.035968727524477995e+00 8.427852981498983098e+00 6.257463325271213073e-01
3.458833265763586962e+00 8.418392937195429582e+00 5.204916455624472027e-01
3.940596440236666886e+00 7.308056273819646620e+00 4.057153900199250707e-01
4.489461940391565875e+00 6.035142291663702530e+00 3.099227382374004081e-01
5.114776105571953835e+00 4.775649742419377120e+00 2.334257791523166869e-01
5.827187078870319503e+00 4.209785715972390818e+00 1.861939657312602636e-01
6.638826128706195817e+00 3.205757392357289959e+00 1.396205900525938071e-01
7.563514225758552811e+00 2.644600629262531921e+00 1.097553182639812025e-01
8.616997392941321721e+00 2.050043505481099260e+00 8.479732632997435959e-02
9.817214836071872952e+00 1.661572566087921032e+00 6.761933522511881511e-02
1.118460442108735009e+01 1.282796572157440806e+00 5.368719971480574032e-02
1.274245069961824761e+01 1.013652505188490593e+00 4.375472901019048649e-02
1.451728140926205768e+01 7.915281988749436337e-01 3.622987446909465420e-02
1.653931920034971981e+01 6.278425054855869547e-01 3.078507276873101994e-02
1.884299628142029093e+01 4.741165258621280465e-01 2.635372167553274095e-02
2.146754074702852577e+01 3.686957589308841321e-01 2.328296382812683127e-02
2.445764457215044274e+01 2.701318348808130487e-01 2.076756467241356804e-02
2.786422464810916466e+01 1.981382230262684896e-01 1.896545866020930490e-02
3.174528981929791982e+01 1.440994168960121335e-01 1.765622470593276871e-02
3.616692868500850011e+01 1.130356382046400210e-01 1.684304468935758636e-02
4.120443498711833286e+01 7.742848387919964992e-02 1.607806192438386919e-02
4.694358974726586098e+01 5.206210950204526178e-02 1.554050341208127080e-02
