1.069642439726958605e+00 -1.039849500523106318e+00 nan
1.218627458003121777e+00 -6.527370774566954026e-01 4.473262102661579864e-01
1.388363836590320144e+00 -8.124419083783629425e-01 2.789941701399048513e-01
1.581741926207981042e+00 -6.234087079701642331e-01 3.219495000198280832e-01
1.802054659727066133e+00 6.080703299886098812e-01 5.473767850645875344e-01
2.053053625776520175e+00 2.884208754544968389e+00 6.988598604551268245e-01
2.339012952555230562e+00 5.053280401973549552e+00 7.173779045254163877e-01
2.664802089693036891e+00 6.751825631223418611e+00 6.783422931377678378e-01
3.035968727524477995e+00 7.678349817109108244e+00 5.972344999333768500e-01
3.458833265763586962e+00 7.392604444816107900e+00 4.878886411225636932e-01
3.940596440236666886e+00 7.299607564059730436e+00 4.041707708705463142e-01
4.489461940391565875e+00 6.077698179218476326e+00 3.099579107836797909e-01
5.114776105571953835e+00 4.960792684461698521e+00 2.368652838814588324e-01
5.827187078870319503e+00 4.060466974903254034e+00 1.825036598352743344e-01
6.638826128706195817e+00 3.202495664520323082e+00 1.391259335461639546e-01
7.563514225758552811e+00 2.480555440528777744e+00 1.063784802931660722e-01
8.616997392941321721e+00 2.058822852761194255e+00 8.470196626103437820e-02
9.817214836071872952e+00 1.622669184443728208e+00 6.677339471902081491e-02
1.118460442108735009e+01 1.330203137252199852e+00 5.430319293086782739e-02
1.274245069961824761e+01 9.795161808786676527e-01 4.310487282029318301e-02
1.451728140926205768e+01 7.766473202938852793e-01 3.591124679113084223e-02
1.653931920034971981e+01 5.917205327876629006e-01 3.017114469654509634e-02
1.884299628142029093e+01 4.480004076152757087e-01 2.590833880275981646e-02
2.146754074702852577e+01 3.425375037200577566e-01 2.285030255656562287e-02
2.445764457215044274e+01 2.464119165376830178e-01 2.038006891066559273e-02
2.786422464810916466e+01 1.750738992812859163e-01 1.859409732601783466e-02
3.174528981929791982e+01 1.341121165324601350e-01 1.747820548261435833e-02
3.616692868500850011e+01 9.060197016525561864e-02 1.648830680536110885e-02
4.120443498711833286e+01 6.521964762889265188e-02 1.587296498464964636e-02
4.694358974726586098e+01 3.828316115403063158e-02 1.531432490098248375e-02
