1.069642439726958605e+00 -2.628555653887389987e+00 nan
1.218627458003121777e+00 -8.748868035960364331e-01 2.664660968106883576e+00
1.388363836590320144e+00 -1.621306605087611707e+00 nan
1.581741926207981042e+00 -1.317527010804321996e+00 nan
1.802054659727066133e+00 -1.136146964494745504e+00 nan
2.053053625776520175e+00 -6.979900871239586024e-01 1.927908049048991046e+00
2.339012952555230562e+00 -1.132488859418113059e+00 nan
2.664802089693036891e+00 -9.788540440349413618e-01 3.468342987983875081e-01
3.035968727524477995e+00 1.436740874792345135e+00 3.073343253711473988e+00
3.458833265763586962e+00 7.454690253890638996e-01 2.140898326065224566e+00
3.940596440236666886e+00 7.793382530701217448e+00 3.964376280152802856e+00
4.489461940391565875e+00 1.293346055860877719e+01 4.124954031485014383e+00
5.114776105571953835e+00 1.273184388148347779e+01 3.383390451808307997e+00
5.827187078870319503e+00 9.310317638118551287e+00 2.416090508489489252e+00
6.638826128706195817e+00 8.788942845379054347e+00 1.948837332977558789e+00
7.563514225758552811e+00 7.857529007147176614e+00 1.538972463871238983e+00
8.616997392941321721e+00 5.082923379226576444e+00 1.049496503593965624e+00
9.817214836071872952e+00 4.518386809990429853e+00 8.313476716870396022e-01
1.118460442108735009e+01 3.641272134485951550e+00 6.340044932889110640e-01
1.274245069961824761e+01 2.755452672384555157e+00 4.736979512549112092e-01
1.451728140926205768e+01 1.976987422572068720e+00 3.507917116575355321e-01
1.653931920034971981e+01 1.723500589900437419e+00 2.830846250668266895e-01
1.884299628142029093e+01 1.275305173563200167e+00 2.173725357605564013e-01
2.146754074702852577e+01 8.515285350614545390e-01 1.649550118989530911e-01
2.445764457215044274e+01 7.807268969617948695e-01 1.401412998192752835e-01
2.786422464810916466e+01 5.611863550527438349e-01 1.130911381471881999e-01
3.174528981929791982e+01 3.856252511607867195e-01 9.282379887575986643e-02
3.616692868500850011e+01 2.994932393429523554e-01 8.021527747566011002e-02
4.120443498711833286e+01 1.913109122536311713e-01 6.895366191462881655e-02
4.694358974726586098e+01 9.408902590769385732e-02 6.002157550180943490e-02
