1.069642439726958605e+00 -3.421179682448451942e+00 nan
1.218627458003121777e+00 -5.957473291152370898e-01 1.386294511492858028e+01
1.388363836590320144e+00 -1.298644832583783160e+00 nan
1.581741926207981042e+00 -2.353225806451613167e+00 nan
1.802054659727066133e+00 -1.472629865998781096e+00 nan
2.053053625776520175e+00 -8.685664931781686970e-01 3.680933632726099969e+00
2.339012952555230562e+00 -1.134326971795305283e+00 nan
2.664802089693036891e+00 -1.111410409167753244e+00 nan
3.035968727524477995e+00 -1.133496538724960256e+00 nan
3.458833265763586962e+00 -9.760845747347455248e-01 7.248059018231098882e-01
3.940596440236666886e+00 -1.079388557670481585e+00 nan
4.489461940391565875e+00 5.687945957362606109e+00 8.189906476445244721e+00
5.114776105571953835e+00 5.880448479902785408e+00 6.833774881524019129e+00
5.827187078870319503e+00 1.422778186878672457e+01 8.419983227079892885e+00
6.638826128706195817e+00 1.240168630189139165e+01 6.508796384782612243e+00
7.563514225758552811e+00 1.845151352531644662e+01 6.546166809112007989e+00
8.616997392941321721e+00 8.841786571040374909e+00 3.804307212946837158e+00
9.817214836071872952e+00 5.360510005993744720e+00 2.511743955815182172e+00
1.118460442108735009e+01 4.611160638028235503e+00 1.951749263100089893e+00
1.274245069961824761e+01 4.669590198118396707e+00 1.631593062481899281e+00
1.451728140926205768e+01 2.456364609262781329e+00 1.044295508936664341e+00
1.653931920034971981e+01 2.249585826371354624e+00 8.433714685899531549e-01
1.884299628142029093e+01 1.568298892156900548e+00 6.207424922687649893e-01
2.146754074702852577e+01 1.400077364732917218e+00 5.031504685141861000e-01
2.445764457215044274e+01 1.209683008230727719e+00 4.066834193225327687e-01
2.786422464810916466e+01 8.161019653085599401e-01 3.088584976338577537e-01
3.174528981929791982e+01 4.523690072148507380e-01 2.313492602289816957e-01
3.616692868500850011e+01 1.860237948110650130e-01 1.760723082273661644e-01
4.120443498711833286e+01 1.820190618079029488e-01 1.535022612433792621e-01
4.694358974726586098e+01 2.034621356370884815e-01 1.382804739689615370e-01
