1.069642439726958605e+00 -1.117414524024785472e+00 nan
1.218627458003121777e+00 -9.173923943841328921e-01 1.420409421606700084e-01
1.388363836590320144e+00 -2.115270079792743729e-01 3.725265882428699382e-01
1.581741926207981042e+00 6.485800273956081607e-01 4.389202527082428640e-01
1.802054659727066133e+00 3.044190419478983500e+00 5.666110102560187878e-01
2.053053625776520175e+00 4.635547417066668174e+00 5.502177826508454217e-01
2.339012952555230562e+00 7.159506132716887628e+00 5.465314299172889800e-01
2.664802089693036891e+00 7.411602233554036800e+00 4.641916041266652693e-01
3.035968727524477995e+00 7.835014758981310834e+00 3.971457256308923434e-01
3.458833265763586962e+00 6.917554925638714103e+00 3.127486192071289306e-01
3.940596440236666886e+00 6.396421573095619095e+00 2.523858185434041390e-01
4.489461940391565875e+00 4.939758509974778278e+00 1.877363234902744982e-01
5.114776105571953835e+00 4.093610042509283176e+00 1.454525618722035396e-01
5.827187078870319503e+00 3.335611531695608978e+00 1.127194003306901948e-01
6.638826128706195817e+00 2.607152983885894670e+00 8.640996164955411230e-02
7.563514225758552811e+00 2.164711144460458314e+00 6.888799578405563340e-02
8.616997392941321721e+00 1.679553452051587792e+00 5.397219735833307802e-02
9.817214836071872952e+00 1.307239095595158940e+00 4.300569197842794150e-02
1.118460442108735009e+01 1.068771369851899466e+00 3.555029162198886095e-02
1.274245069961824761e+01 8.451574861305521935e-01 2.954219210862266132e-02
1.451728140926205768e+01 6.628444563785755861e-01 2.500535134994044673e-02
1.653931920034971981e+01 4.969084712962970052e-01 2.135340107626160222e-02
1.884299628142029093e+01 3.983198364688065318e-01 1.899417582047396511e-02
2.146754074702852577e+01 2.961146194149892885e-01 1.695663491357421448e-02
2.445764457215044274e+01 2.153486479164929968e-01 1.542532469238603113e-02
2.786422464810916466e+01 1.612945162858443471e-01 1.438624843905076355e-02
3.174528981929791982e+01 1.125076031015408429e-01 1.353591476814415377e-02
3.616692868500850011e+01 7.964717468795012856e-02 1.295982751258429461e-02
4.120443498711833286e+01 5.655728811403970546e-02 1.255852759695709822e-02
4.694358974726586098e+01 4.080360754641465526e-02 1.228494028485399049e-02
