1.069642439726958605e+00 -2.272041035798346265e+00 nan
1.218627458003121777e+00 5.521130220356440521e-02 2.210133300805884105e+01
1.388363836590320144e+00 -5.877759727519225041e-01 1.172338281075020916e+01
1.581741926207981042e+00 -8.048481880509303910e-01 6.568349619540263085e+00
1.802054659727066133e+00 -1.134943943432468849e+00 nan
2.053053625776520175e+00 -1.663352883273594873e+00 nan
2.339012952555230562e+00 -1.197676028531724057e+00 nan
2.664802089693036891e+00 -7.362438681329672718e-01 3.498417838009198810e+00
3.035968727524477995e+00 -1.212699330036937972e+00 nan
3.458833265763586962e+00 1.314956267279469948e+01 1.743063375446135055e+01
3.940596440236666886e+00 -1.032258842646870622e+00 nan
4.489461940391565875e+00 2.283504826099042706e+00 5.656991785180680132e+00
5.114776105571953835e+00 3.350418898881988738e+00 5.356292465136458958e+00
5.827187078870319503e+00 1.538734247213795925e+01 8.626762121611708523e+00
6.638826128706195817e+00 1.401154276230333373e+01 6.809122624954611069e+00
7.563514225758552811e+00 8.551311766498791656e+00 4.466284262196245969e+00
8.616997392941321721e+00 3.994513437471412409e+00 2.648244546693436785e+00
9.817214836071872952e+00 9.535890986966728988e+00 3.231016091387993505e+00
1.118460442108735009e+01 3.592516213358765143e+00 1.735042461131061975e+00
1.274245069961824761e+01 3.121155885902891391e+00 1.359601132903855536e+00
1.451728140926205768e+01 3.031813085856761791e+00 1.119557912867046312e+00
1.653931920034971981e+01 2.695268491842978786e+00 8.934126343476698207e-01
1.884299628142029093e+01 1.429278938957794676e+00 5.944642717466770421e-01
2.146754074702852577e+01 1.000785384106981812e+00 4.485266325584850167e-01
2.445764457215044274e+01 6.456227800129634709e-01 3.387679262510276956e-01
2.786422464810916466e+01 9.026748966932285345e-01 3.139291306314435648e-01
3.174528981929791982e+01 4.759790921332209823e-01 2.309431989170363797e-01
3.616692868500850011e+01 1.742494529132339043e-01 1.729571977926298854e-01
4.120443498711833286e+01 3.418944673024419956e-01 1.656234808709453887e-01
4.694358974726586098e+01 7.079951200840461922e-02 1.258251788260024429e-01
