1.069642439726958605e+00 -1.824922964273728354e+00 nan
1.218627458003121777e+00 -5.226122832518464989e-01 5.132908156471831518e+00
1.388363836590320144e+00 -1.114963167879599037e+00 nan
1.581741926207981042e+00 -8.698630136986300609e-01 1.852036785037390665e+00
1.802054659727066133e+00 -1.141632138080220127e+00 nan
2.053053625776520175e+00 -1.028198305070715524e+00 nan
2.339012952555230562e+00 -1.039670443950369449e+00 nan
2.664802089693036891e+00 6.309487468326557824e-01 3.004632789532176496e+00
3.035968727524477995e+00 3.334032070445913654e-01 2.241283084369245948e+00
3.458833265763586962e+00 3.994541523940763561e+00 3.575910029607123786e+00
3.940596440236666886e+00 5.881458966996079951e+00 3.454756750151473099e+00
4.489461940391565875e+00 9.640999084620544224e+00 3.545376210362780611e+00
5.114776105571953835e+00 8.737800605352989081e+00 2.796245027525335658e+00
5.827187078870319503e+00 9.586532492580106535e+00 2.416150442383877994e+00
6.638826128706195817e+00 8.523499317002325881e+00 1.894912279732955174e+00
7.563514225758552811e+00 8.075749879353924854e+00 1.538252882516116804e+00
8.616997392941321721e+00 6.149883572135113496e+00 1.129461519645805545e+00
9.817214836071872952e+00 4.186839410656814309e+00 7.931183604929477049e-01
1.118460442108735009e+01 3.015599449704211565e+00 5.775992412404911125e-01
1.274245069961824761e+01 2.751692750110010799e+00 4.672882586714769415e-01
1.451728140926205768e+01 1.863248691274529190e+00 3.386330108386993998e-01
1.653931920034971981e+01 1.624229893379457224e+00 2.734254640216067234e-01
1.884299628142029093e+01 1.038457840054433312e+00 2.007907744772128023e-01
2.146754074702852577e+01 8.613575672048532361e-01 1.635091618951385051e-01
2.445764457215044274e+01 6.454828990085601514e-01 1.314493579125510236e-01
2.786422464810916466e+01 5.183030843037992330e-01 1.096825538723759097e-01
3.174528981929791982e+01 3.496698568496585668e-01 9.008691674125821058e-02
3.616692868500850011e+01 2.176293724587992084e-01 7.553349748426901877e-02
4.120443498711833286e+01 1.974998548358180006e-01 6.857737578162299841e-02
4.694358974726586098e+01 1.185479935187629952e-01 6.059408929614259337e-02
