1.069642439726958605e+00 -1.247950316851411667e+00 nan
1.218627458003121777e+00 -5.979804135578108415e-01 3.123637591966288984e-01
1.388363836590320144e+00 -8.499461403307320140e-01 1.619482179941959810e-01
1.581741926207981042e+00 5.454374908208476924e-01 4.235714854385287942e-01
1.802054659727066133e+00 1.848442582920258426e+00 4.735101805457616608e-01
2.053053625776520175e+00 5.076774801298324036e+00 5.698355698138303227e-01
2.339012952555230562e+00 6.703604964665490940e+00 5.289076120511634338e-01
2.664802089693036891e+00 7.385931840001148885e+00 4.619875945565652953e-01
3.035968727524477995e+00 7.846009613731769861e+00 3.961686351449120180e-01
3.458833265763586962e+00 7.352140312051421489e+00 3.209863667066908399e-01
3.940596440236666886e+00 6.104646662787054368e+00 2.460387626907959424e-01
4.489461940391565875e+00 5.096760243672509461e+00 1.899678334073628683e-01
5.114776105571953835e+00 4.114309700858467700e+00 1.453650419369471036e-01
5.827187078870319503e+00 3.267457923974421696e+00 1.113291664202597786e-01
6.638826128706195817e+00 2.702018700284979591e+00 8.755967167195663481e-02
7.563514225758552811e+00 2.130822235261486064e+00 6.822381548801767503e-02
8.616997392941321721e+00 1.662196465339979667e+00 5.359427200275643233e-02
9.817214836071872952e+00 1.328232497411270474e+00 4.316473332345124869e-02
1.118460442108735009e+01 1.070200980110232347e+00 3.547957223889072753e-02
1.274245069961824761e+01 8.294454468010006298e-01 2.928015989203095609e-02
1.451728140926205768e+01 6.418975622595843866e-01 2.469752221434164813e-02
1.653931920034971981e+01 4.941057647507951511e-01 2.127410279092089435e-02
1.884299628142029093e+01 3.706988070603125518e-01 1.863087325773183159e-02
2.146754074702852577e+01 2.888688490633553041e-01 1.683880694238533773e-02
2.445764457215044274e+01 2.171534556338421407e-01 1.541738551459039853e-02
2.786422464810916466e+01 1.617743883962028395e-01 1.436578593136734333e-02
3.174528981929791982e+01 1.144366234398073168e-01 1.353451908189119007e-02
3.616692868500850011e+01 7.980015380989935458e-02 1.293934062774918653e-02
4.120443498711833286e+01 5.612759181947213349e-02 1.253234534952861294e-02
4.694358974726586098e+01 3.432503087769922523e-02 1.218930726045617391e-02
