1.069642439726958605e+00 -1.194440748723868850e+00 nan
1.218627458003121777e+00 -1.353504942636880148e+00 nan
1.388363836590320144e+00 -7.994036613832904425e-01 4.700214250008215022e-01
1.581741926207981042e+00 -1.066406030065874866e+00 nan
1.802054659727066133e+00 -1.144823570669149415e+00 nan
2.053053625776520175e+00 4.974284223709648511e-01 7.051529692924198844e-01
2.339012952555230562e+00 2.259933709835223237e+00 8.533671895672103602e-01
2.664802089693036891e+00 4.561555970638047519e+00 9.288917201312130167e-01
3.035968727524477995e+00 7.453790682741497697e+00 9.517686271897922712e-01
3.458833265763586962e+00 7.996273311818683283e+00 8.142055679574996541e-01
3.940596440236666886e+00 7.879814853161786203e+00 6.707437318403980386e-01
4.489461940391565875e+00 7.148939662080384672e+00 5.331465147096055013e-01
5.114776105571953835e+00 6.250896955112938969e+00 4.184417628321014937e-01
5.827187078870319503e+00 4.912121174400038370e+00 3.140247164847138062e-01
6.638826128706195817e+00 4.010630848295900996e+00 2.411191014023919832e-01
7.563514225758552811e+00 3.232015288957672539e+00 1.856331796034073334e-01
8.616997392941321721e+00 2.511462124354181924e+00 1.418149487298684674e-01
9.817214836071872952e+00 2.040456009439127971e+00 1.115885743152117276e-01
1.118460442108735009e+01 1.552914416352632054e+00 8.661135520713977853e-02
1.274245069961824761e+01 1.299690966499925882e+00 7.077962747410958266e-02
1.451728140926205768e+01 9.836266400695765633e-01 5.666478036556922560e-02
1.653931920034971981e+01 7.620713134739296457e-01 4.668708091008137717e-02
1.884299628142029093e+01 5.761764373377560311e-01 3.901638619367704675e-02
2.146754074702852577e+01 4.662010151192128582e-01 3.400343330333448905e-02
2.445764457215044274e+01 3.453928967262827054e-01 2.963810206152037510e-02
2.786422464810916466e+01 2.545377552298300206e-01 2.645717780530647614e-02
3.174528981929791982e+01 1.925146051080224296e-01 2.426063154821180012e-02
3.616692868500850011e+01 1.379396367004630530e-01 2.252242678754103056e-02
4.120443498711833286e+01 9.705293122732983058e-02 2.126200659548330846e-02
4.694358974726586098e+01 6.324508309607068668e-02 2.029103960831775411e-02
