1.069642439726958605e+00 -1.186184153859404233e-01 2.726110326204290502e+01
1.218627458003121777e+00 -2.919862855518644551e-01 1.856760050534561657e+01
1.388363836590320144e+00 -6.284472809439605179e-01 1.141520011486552555e+01
1.581741926207981042e+00 -1.313849824208940031e+00 nan
1.802054659727066133e+00 -9.810948103918328833e-01 1.723854452637437973e+00
2.053053625776520175e+00 -1.241292621986500144e+00 nan
2.339012952555230562e+00 -1.113096959879668280e+00 nan
2.664802089693036891e+00 -1.298745340300934803e+00 nan
3.035968727524477995e+00 9.978642073695278114e+00 1.911504784324854356e+01
3.458833265763586962e+00 -8.357334926015314025e-01 1.922518005556324017e+00
3.940596440236666886e+00 -1.215214752547526977e+00 nan
4.489461940391565875e+00 2.218354935503534797e+00 5.743833341907690127e+00
5.114776105571953835e+00 1.518468366655449309e+01 1.064972882787453656e+01
5.827187078870319503e+00 6.814132111407821490e+00 6.074956723930211133e+00
6.638826128706195817e+00 1.688088075153591205e+01 7.639391258730470646e+00
7.563514225758552811e+00 7.574486252025485200e+00 4.332884563188231120e+00
8.616997392941321721e+00 9.630143158838631479e+00 4.006769474539995990e+00
9.817214836071872952e+00 3.260606877986501395e+00 2.067035648091499755e+00
1.118460442108735009e+01 5.126882533560094046e+00 2.068065131555131053e+00
1.274245069961824761e+01 4.625897968062663068e+00 1.643735138206815050e+00
1.451728140926205768e+01 2.233064407914350458e+00 1.019647652852555542e+00
1.653931920034971981e+01 2.281853370744201470e+00 8.576876460113358469e-01
1.884299628142029093e+01 1.481757179998755891e+00 6.161270142044577014e-01
2.146754074702852577e+01 1.346044296331319279e+00 5.022858295926284633e-01
2.445764457215044274e+01 1.039428474158266891e+00 3.923404413018960479e-01
2.786422464810916466e+01 8.819276894632046560e-01 3.189788281525866021e-01
3.174528981929791982e+01 3.025057518484894903e-01 2.187469425764300146e-01
3.616692868500850011e+01 2.267885607503925538e-01 1.817707427517721297e-01
4.120443498711833286e+01 2.295788108204488420e-01 1.592245922602174291e-01
4.694358974726586098e+01 9.535380662563364140e-02 1.304471802861862928e-01
