1.069642439726958605e+00 -4.975083308343639654e-01 6.887816076014856570e+00
1.218627458003121777e+00 -5.133982906149214820e-01 5.150844907709832832e+00
1.388363836590320144e+00 -1.024306652867109868e+00 nan
1.581741926207981042e+00 -4.455370650529502097e-01 3.799761466817592304e+00
1.802054659727066133e+00 -7.797095322698825992e-01 1.969100839609069453e+00
2.053053625776520175e+00 -8.752788747584141493e-01 1.214332771016590318e+00
2.339012952555230562e+00 -6.501502958392411102e-01 1.665337784823724077e+00
2.664802089693036891e+00 -8.745883229262696457e-01 8.279118301592890417e-01
3.035968727524477995e+00 7.180167049134644763e-02 1.997133187683850286e+00
3.458833265763586962e+00 3.250821304182498483e+00 3.278047836593355857e+00
3.940596440236666886e+00 2.141537149858273814e+00 2.315072257352950746e+00
4.489461940391565875e+00 1.088050506789877936e+01 3.727701417108277404e+00
5.114776105571953835e+00 1.035081575968028211e+01 3.007068076896495690e+00
5.827187078870319503e+00 8.178594602111752820e+00 2.230569137024980275e+00
6.638826128706195817e+00 9.425408806636660586e+00 1.975725077515827266e+00
7.563514225758552811e+00 6.833894642058599977e+00 1.413875459406843005e+00
8.616997392941321721e+00 5.409914558154908626e+00 1.058701582019074161e+00
9.817214836071872952e+00 5.163283868165912338e+00 8.665826532500412460e-01
1.118460442108735009e+01 3.265065095067536394e+00 5.936548732085740188e-01
1.274245069961824761e+01 2.631917721429765322e+00 4.562073012874906519e-01
1.451728140926205768e+01 1.984085345077632345e+00 3.448206482139664075e-01
1.653931920034971981e+01 1.590362433475220882e+00 2.698372512245204025e-01
1.884299628142029093e+01 1.114846782455661156e+00 2.042095109174286161e-01
2.146754074702852577e+01 9.283829127061535846e-01 1.663377650284765807e-01
2.445764457215044274e+01 7.447932295065375907e-01 1.359604910052158722e-01
2.786422464810916466e+01 4.889734774805141182e-01 1.076801338585310353e-01
3.174528981929791982e+01 3.187622944957582138e-01 8.816815858689490415e-02
3.616692868500850011e+01 2.512600096317736398e-01 7.678296132839339261e-02
4.120443498711833286e+01 1.579230828021283006e-01 6.646084288323744760e-02
4.694358974726586098e+01 1.070962630388139214e-01 5.983096987773916381e-02
