1.069642439726958605e+00 -1.396056276821120434e-01 9.145176722287340354e+00
1.218627458003121777e+00 -3.162261783389537229e-01 6.195466428841280404e+00
1.388363836590320144e+00 -7.379997514657870017e-01 3.254655055647991180e+00
1.581741926207981042e+00 -1.409645232815964544e+00 nan
1.802054659727066133e+00 -1.443161161941700410e+00 nan
2.053053625776520175e+00 -1.378482437731921806e+00 nan
2.339012952555230562e+00 -1.041118631081598966e+00 nan
2.664802089693036891e+00 -1.034021819622566785e+00 nan
3.035968727524477995e+00 1.963540501022225104e-01 2.141001197441358972e+00
3.458833265763586962e+00 2.304363294458844358e+00 2.931399598380986404e+00
3.940596440236666886e+00 6.558757810235888996e+00 3.652973448273156620e+00
4.489461940391565875e+00 1.002675065948135469e+01 3.640762008881493816e+00
5.114776105571953835e+00 1.314167329215006141e+01 3.416820646198910350e+00
5.827187078870319503e+00 1.059076396549401977e+01 2.553961996112475319e+00
6.638826128706195817e+00 9.749847193684868074e+00 2.036588787513443410e+00
7.563514225758552811e+00 6.252409938275699908e+00 1.376596778384317599e+00
8.616997392941321721e+00 4.731130536076822324e+00 1.011290413894330609e+00
9.817214836071872952e+00 4.539774407847974480e+00 8.287629540575561782e-01
1.118460442108735009e+01 3.249299265233341227e+00 6.006822975916639162e-01
1.274245069961824761e+01 2.488191540761461429e+00 4.520951044384411421e-01
1.451728140926205768e+01 1.744340340681181267e+00 3.331482932874042513e-01
1.653931920034971981e+01 1.608736276086427885e+00 2.745741682974632836e-01
1.884299628142029093e+01 1.236993787034108117e+00 2.140815553981544050e-01
2.146754074702852577e+01 9.664905698870565054e-01 1.705532211185273872e-01
2.445764457215044274e+01 7.598594814092329841e-01 1.384123424455734330e-01
2.786422464810916466e+01 5.528589848573475241e-01 1.121762321705916526e-01
3.174528981929791982e+01 3.752880030036531700e-01 9.192967525278661345e-02
3.616692868500850011e+01 2.506519264305877570e-01 7.757814194986900613e-02
4.120443498711833286e+01 1.595065824961936496e-01 6.721047395608224784e-02
4.694358974726586098e+01 1.316145144844651504e-01 6.153317829189194205e-02
