1.069642439726958605e+00 -1.188894874653747546e+00 nan
1.218627458003121777e+00 -8.599875290420186946e-01 4.615247979365013631e-01
1.388363836590320144e+00 -1.028967810497546154e+00 nan
1.581741926207981042e+00 -7.162157418847578949e-01 4.540991346174296228e-01
1.802054659727066133e+00 -2.047996424126630188e-01 6.250842452347471490e-01
2.053053625776520175e+00 3.811996249605971165e-01 6.754833585050820099e-01
2.339012952555230562e+00 2.559171035134867545e+00 8.896275351862313885e-01
2.664802089693036891e+00 5.473227925433510777e+00 1.000614500490772718e+00
3.035968727524477995e+00 7.468219373547074547e+00 9.502268208954276485e-01
3.458833265763586962e+00 7.777523343486434371e+00 8.018517171060521864e-01
3.940596440236666886e+00 8.078896336037189485e+00 6.770075897027378886e-01
4.489461940391565875e+00 7.654126466145517504e+00 5.494325565005961920e-01
5.114776105571953835e+00 5.534526117976869664e+00 3.942855504016783419e-01
5.827187078870319503e+00 5.108092597977210048e+00 3.190611767045827274e-01
6.638826128706195817e+00 4.115256552787470490e+00 2.434233783081508062e-01
7.563514225758552811e+00 3.177972402362459370e+00 1.838120364049716238e-01
8.616997392941321721e+00 2.537610944866285578e+00 1.421292073562070990e-01
9.817214836071872952e+00 1.960511324128854760e+00 1.095048305759031837e-01
1.118460442108735009e+01 1.548582600416084087e+00 8.632968377654944014e-02
1.274245069961824761e+01 1.237768781355336412e+00 6.933932872698199412e-02
1.451728140926205768e+01 9.767114333471287324e-01 5.641173814935783459e-02
1.653931920034971981e+01 7.790627505712661716e-01 4.693024805019609808e-02
1.884299628142029093e+01 6.068716064168204749e-01 3.953310835110995097e-02
2.146754074702852577e+01 4.387153019666842901e-01 3.342607510714491748e-02
2.445764457215044274e+01 3.498328913885422331e-01 2.967209247014293561e-02
2.786422464810916466e+01 2.526405404402931598e-01 2.638054019980060408e-02
3.174528981929791982e+01 1.938239135963906179e-01 2.424848603738197217e-02
3.616692868500850011e+01 1.319922290666197817e-01 2.238056286465275532e-02
4.120443498711833286e+01 9.550790109603379818e-02 2.120402034467715191e-02
4.694358974726586098e+01 6.364586865871935117e-02 2.027089032125792625e-02
