1.069642439726958605e+00 -1.353608183341784788e+00 nan
1.218627458003121777e+00 -8.716712085376370212e-01 2.725976690480280129e-01
1.388363836590320144e+00 -8.750435704031627182e-01 2.282873180244253120e-01
1.581741926207981042e+00 -8.357732663908952198e-01 2.131188258527178803e-01
1.802054659727066133e+00 -9.380180092396250835e-02 4.117724596350288979e-01
2.053053625776520175e+00 2.672313818254697715e+00 6.811011622679582489e-01
2.339012952555230562e+00 5.023974415057502974e+00 7.173858046869222571e-01
2.664802089693036891e+00 7.348903256525652239e+00 7.064483830571377521e-01
3.035968727524477995e+00 8.030048580047868256e+00 6.112429171087477853e-01
3.458833265763586962e+00 7.477307812306504431e+00 4.916820494992217294e-01
3.940596440236666886e+00 7.033103175776640015e+00 3.980186510001848532e-01
4.489461940391565875e+00 5.973541556022023080e+00 3.081498908843408602e-01
5.114776105571953835e+00 4.760190836914215851e+00 2.328730288205598797e-01
5.827187078870319503e+00 4.072814895264751378e+00 1.831812355733696551e-01
6.638826128706195817e+00 3.082030955598517252e+00 1.370546716435045442e-01
7.563514225758552811e+00 2.536609331264302547e+00 1.076610459041957152e-01
8.616997392941321721e+00 2.138158695333330250e+00 8.627893096544585194e-02
9.817214836071872952e+00 1.626119657365196813e+00 6.697139070928684323e-02
1.118460442108735009e+01 1.258659806191775754e+00 5.325650993639492042e-02
1.274245069961824761e+01 1.008089562714608700e+00 4.363636703831781649e-02
1.451728140926205768e+01 7.984925223447041365e-01 3.631124609433965950e-02
1.653931920034971981e+01 6.161635235942188871e-01 3.059039756265008458e-02
1.884299628142029093e+01 4.810418818765460625e-01 2.643954774227329912e-02
2.146754074702852577e+01 3.774082364593691619e-01 2.339659028947485911e-02
2.445764457215044274e+01 2.776067417866807663e-01 2.086453309699685607e-02
2.786422464810916466e+01 2.037969616030064213e-01 1.903721418568715684e-02
3.174528981929791982e+01 1.483689738487898868e-01 1.770879339325100166e-02
3.616692868500850011e+01 1.055559043637215311e-01 1.672663476450509876e-02
4.120443498711833286e+01 7.491284160568900674e-02 1.603390275315100255e-02
4.694358974726586098e+01 4.583618073772899315e-02 1.544324354249528714e-02
