1.069642439726958605e+00 -1.195380160312088602e+00 nan
1.218627458003121777e+00 -6.571016973886396606e-01 2.897809900785099924e-01
1.388363836590320144e+00 -7.007088796531295571e-01 2.297638625364889775e-01
1.581741926207981042e+00 1.494544103781318967e-01 3.668625333034795655e-01
1.802054659727066133e+00 2.140970887734123806e+00 4.995953301998666829e-01
2.053053625776520175e+00 5.318523823777261406e+00 5.838414578246492459e-01
2.339012952555230562e+00 6.752390886326275599e+00 5.329903475473043439e-01
2.664802089693036891e+00 7.910994130118558232e+00 4.789954330866244003e-01
3.035968727524477995e+00 7.352854698173250547e+00 3.859272492531310994e-01
3.458833265763586962e+00 7.178161280781425013e+00 3.186934825043884478e-01
3.940596440236666886e+00 6.025012093070479580e+00 2.455452332973935003e-01
4.489461940391565875e+00 4.831027929001092680e+00 1.860006101554416702e-01
5.114776105571953835e+00 4.064027210961455694e+00 1.451291475790847108e-01
5.827187078870319503e+00 3.379636790663548496e+00 1.135349141038996534e-01
6.638826128706195817e+00 2.604590019494831488e+00 8.646906107269801411e-02
7.563514225758552811e+00 2.153796632137730871e+00 6.881036703225935913e-02
8.616997392941321721e+00 1.704968578834650472e+00 5.437062882630590288e-02
9.817214836071872952e+00 1.349641260512374874e+00 4.359831647410871563e-02
1.118460442108735009e+01 1.061560483239397890e+00 3.549483080650569361e-02
1.274245069961824761e+01 8.149401503050288653e-01 2.920009221554381237e-02
1.451728140926205768e+01 6.677939514735782289e-01 2.508714946770025656e-02
1.653931920034971981e+01 5.060000758808187449e-01 2.147949685306682621e-02
1.884299628142029093e+01 3.840450269902002667e-01 1.884148414257491230e-02
2.146754074702852577e+01 2.803304520692528889e-01 1.678487406944220023e-02
2.445764457215044274e+01 2.118312826193800014e-01 1.539567354591724752e-02
2.786422464810916466e+01 1.552252706372356794e-01 1.432579146082775014e-02
3.174528981929791982e+01 1.112188747432281133e-01 1.353028612248488409e-02
3.616692868500850011e+01 7.758670003379508628e-02 1.294462402961460250e-02
4.120443498711833286e+01 5.580166252839680041e-02 1.255808562215843770e-02
4.694358974726586098e+01 3.784763550918723851e-02 1.225862578690029361e-02
