1.069642439726958605e+00 -4.046456038595334093e+00 nan
1.218627458003121777e+00 -1.914287795921935764e+00 nan
1.388363836590320144e+00 -1.798652167768170607e+00 nan
1.581741926207981042e+00 -1.783610271903323330e+00 nan
1.802054659727066133e+00 -1.195143772653122216e+00 nan
2.053053625776520175e+00 -1.246935352656154183e+00 nan
2.339012952555230562e+00 -7.418094857721324598e-01 4.286025376607489612e+00
2.664802089693036891e+00 -8.825760209301114489e-01 2.400071464752481010e+00
3.035968727524477995e+00 -1.098385509409876892e+00 nan
3.458833265763586962e+00 -8.852418897934963837e-01 1.610931197638850065e+00
3.940596440236666886e+00 3.864602787394812111e+00 8.623123653780872644e+00
4.489461940391565875e+00 2.291271701616385492e+00 5.823274639967932487e+00
5.114776105571953835e+00 8.403463482399128992e+00 8.114243282069249830e+00
5.827187078870319503e+00 5.222920760548976915e+00 5.429333292936748379e+00
6.638826128706195817e+00 1.172975718684874913e+01 6.430996235164891495e+00
7.563514225758552811e+00 1.040778057937890289e+01 5.029629092868610485e+00
8.616997392941321721e+00 6.289130192958091392e+00 3.303878648657459394e+00
9.817214836071872952e+00 8.159408343419904952e+00 3.082549891698361133e+00
1.118460442108735009e+01 4.747251300165696186e+00 2.004595353956819537e+00
1.274245069961824761e+01 5.580040136073242785e+00 1.792597133878490290e+00
1.451728140926205768e+01 3.354346636536212678e+00 1.198586223770750081e+00
1.653931920034971981e+01 1.953449762620392827e+00 8.120016797738752734e-01
1.884299628142029093e+01 2.151465024241185908e+00 7.050647570081436388e-01
2.146754074702852577e+01 1.195802840652909760e+00 4.850291549907829181e-01
2.445764457215044274e+01 6.864679346015931660e-01 3.525383317431004526e-01
2.786422464810916466e+01 7.996261314698667189e-01 3.111944538918354208e-01
3.174528981929791982e+01 4.655757593588922827e-01 2.356426368766447177e-01
3.616692868500850011e+01 2.450138590605601685e-01 1.838869482167436731e-01
4.120443498711833286e+01 2.964566721948702632e-01 1.654262591027695906e-01
4.694358974726586098e+01 1.935116986292122476e-01 1.390066098670801609e-01
