1.069642439726958605e+00 -1.477173207172681302e+00 nan
1.218627458003121777e+00 -5.405897383415754209e-01 5.094788245388977010e+00
1.388363836590320144e+00 -1.298448165503650387e+00 nan
1.581741926207981042e+00 -7.868326488706365307e-01 2.398330509001946442e+00
1.802054659727066133e+00 -9.893020910285654779e-01 4.417217162417644838e-01
2.053053625776520175e+00 -1.123731665615299136e+00 nan
2.339012952555230562e+00 -1.255729799391509083e+00 nan
2.664802089693036891e+00 -1.095787119526565156e+00 nan
3.035968727524477995e+00 1.467571982920119478e+00 3.085874426306128182e+00
3.458833265763586962e+00 2.360563955241608003e+00 2.965888106460961460e+00
3.940596440236666886e+00 4.984323334161405050e+00 3.257894462834275195e+00
4.489461940391565875e+00 5.253017539985764373e+00 2.739324046053631889e+00
5.114776105571953835e+00 1.350057167133770974e+01 3.472497973844322239e+00
5.827187078870319503e+00 8.242941024523343430e+00 2.278175819973080163e+00
6.638826128706195817e+00 8.402893200412014707e+00 1.903926976041802055e+00
7.563514225758552811e+00 6.593375473701055256e+00 1.414914669483005483e+00
8.616997392941321721e+00 6.277531441451677630e+00 1.153234353618288299e+00
9.817214836071872952e+00 4.851541649168138903e+00 8.565965274400815233e-01
1.118460442108735009e+01 3.569083171175865044e+00 6.271926304098582872e-01
1.274245069961824761e+01 2.897830660174313344e+00 4.827714023536390786e-01
1.451728140926205768e+01 2.029737644089272042e+00 3.536213378219130177e-01
1.653931920034971981e+01 1.351919539864939512e+00 2.590957303311603455e-01
1.884299628142029093e+01 1.172405193763593978e+00 2.108956517974975020e-01
2.146754074702852577e+01 8.916428095776047780e-01 1.668770186277445666e-01
2.445764457215044274e+01 5.437784722176275398e-01 1.273265595656935811e-01
2.786422464810916466e+01 5.197161721642979959e-01 1.107969675633967283e-01
3.174528981929791982e+01 3.426514712512385152e-01 9.056460459488850645e-02
3.616692868500850011e+01 3.010813741136899591e-01 8.016039522152780539e-02
4.120443498711833286e+01 1.400151583829785107e-01 6.645139187836532346e-02
4.694358974726586098e+01 1.359159984253526243e-01 6.186219312237073442e-02
