1.069642439726958605e+00 -1.161426904504490931e+00 nan
1.218627458003121777e+00 -8.021826632135575785e-01 2.191920804739566353e-01
1.388363836590320144e+00 -6.237411098022249689e-01 2.565748074826288416e-01
1.581741926207981042e+00 4.222942712034809531e-01 4.064852801375559155e-01
1.802054659727066133e+00 2.259792671004182907e+00 5.069358258397432815e-01
2.053053625776520175e+00 4.531077517298218282e+00 5.434983188314883584e-01
2.339012952555230562e+00 6.301465373117768110e+00 5.147445686412381871e-01
2.664802089693036891e+00 7.755447127152741871e+00 4.727088814561437036e-01
3.035968727524477995e+00 7.735354762076667612e+00 3.936756907546075102e-01
3.458833265763586962e+00 7.035069223495948876e+00 3.144143865740507415e-01
3.940596440236666886e+00 6.129446722819404059e+00 2.466126514226306687e-01
4.489461940391565875e+00 5.115988419530279607e+00 1.903822570070848874e-01
5.114776105571953835e+00 4.138825725895162400e+00 1.458266559741120960e-01
5.827187078870319503e+00 3.289013269900236569e+00 1.117074567047995071e-01
6.638826128706195817e+00 2.698382447473254508e+00 8.753827793054082262e-02
7.563514225758552811e+00 2.104944368818985723e+00 6.788585605596396400e-02
8.616997392941321721e+00 1.640233594878846013e+00 5.331805639302064637e-02
9.817214836071872952e+00 1.359109365895382560e+00 4.357718988591576664e-02
1.118460442108735009e+01 1.064922726678275922e+00 3.542494770268146687e-02
1.274245069961824761e+01 8.314581656987756197e-01 2.931369518686948936e-02
1.451728140926205768e+01 6.642668445558450596e-01 2.497299989908477458e-02
1.653931920034971981e+01 5.190626652702456933e-01 2.157560279236985304e-02
1.884299628142029093e+01 3.872077530231357034e-01 1.882973223745599764e-02
2.146754074702852577e+01 3.055819626381821585e-01 1.703832272677903090e-02
2.445764457215044274e+01 2.343128857093585982e-01 1.562096546898090153e-02
2.786422464810916466e+01 1.693643724068982781e-01 1.445737112178951088e-02
3.174528981929791982e+01 1.206627128387207648e-01 1.360989190301674194e-02
3.616692868500850011e+01 8.980493523171140247e-02 1.305834232668021989e-02
4.120443498711833286e+01 6.308789903027989254e-02 1.261584356176889167e-02
4.694358974726586098e+01 3.873064201301668064e-02 1.224304074499599562e-02
