1.069642439726958605e+00 -6.288414907606587612e-01 1.717286617263438586e+01
1.218627458003121777e+00 -2.541904897775533190e-01 1.849913732606282935e+01
1.388363836590320144e+00 -1.709957681710183586e+00 nan
1.581741926207981042e+00 -1.395904436860068376e+00 nan
1.802054659727066133e+00 -1.226793473909596255e+00 nan
2.053053625776520175e+00 -9.717515038529762617e-01 1.676520295156323392e+00
2.339012952555230562e+00 -8.233603324645621946e-01 3.432712534453629782e+00
2.664802089693036891e+00 -1.137209153437093168e+00 nan
3.035968727524477995e+00 -9.463307735564647771e-01 1.296093019640456090e+00
3.458833265763586962e+00 -9.558875773820529886e-01 9.671010500528950393e-01
3.940596440236666886e+00 1.315387395997312581e+01 1.427000868813038714e+01
4.489461940391565875e+00 8.539941600478604400e+00 9.618388216249860179e+00
5.114776105571953835e+00 1.419592989183005116e+01 1.001505580449301824e+01
5.827187078870319503e+00 9.191447315214201552e+00 6.746302657430565120e+00
6.638826128706195817e+00 7.802539988709006558e+00 5.160689400751266476e+00
7.563514225758552811e+00 1.307545946857305807e+01 5.432754232175895481e+00
8.616997392941321721e+00 6.697951637473058994e+00 3.292018140787714042e+00
9.817214836071872952e+00 6.334647715622365283e+00 2.658659677674672039e+00
1.118460442108735009e+01 3.572488303547479482e+00 1.723657340963679063e+00
1.274245069961824761e+01 5.256109936354382839e+00 1.691260816919766929e+00
1.451728140926205768e+01 3.478608040954787040e+00 1.179951507165992064e+00
1.653931920034971981e+01 2.464765038103121420e+00 8.587769168670842390e-01
1.884299628142029093e+01 1.215855541022853537e+00 5.629288946591510800e-01
2.146754074702852577e+01 1.072973095817896683e+00 4.556214293104042246e-01
2.445764457215044274e+01 9.652403873500809972e-01 3.736456801886603452e-01
2.786422464810916466e+01 6.752275936750080643e-01 2.895912756600253490e-01
3.174528981929791982e+01 3.537828438998509295e-01 2.181149576508923660e-01
3.616692868500850011e+01 3.885678901259677076e-01 1.919562493385716662e-01
4.120443498711833286e+01 1.128046910267084257e-01 1.452432722800919840e-01
4.694358974726586098e+01 2.340624192148617055e-01 1.389200320106840914e-01
