1.069642439726958605e+00 -1.105111428101295701e+00 nan
1.218627458003121777e+00 -7.398793459385486493e-01 3.885366727832562095e-01
1.388363836590320144e+00 -7.564467298448793731e-01 3.190704116996567752e-01
1.581741926207981042e+00 -4.699492606961026553e-01 3.833473619845253477e-01
1.802054659727066133e+00 8.318636693917751401e-01 5.863936636656248425e-01
2.053053625776520175e+00 2.192546161794819870e+00 6.354945326156464791e-01
2.339012952555230562e+00 5.021410984904775887e+00 7.180088344321755578e-01
2.664802089693036891e+00 7.244144675363660468e+00 7.026302755769656683e-01
3.035968727524477995e+00 7.782497954725653422e+00 6.030750377292815045e-01
3.458833265763586962e+00 8.335852346273725288e+00 5.181379701125390369e-01
3.940596440236666886e+00 7.154051125794426369e+00 4.016789414253649770e-01
4.489461940391565875e+00 5.981127161423373195e+00 3.086542377778985768e-01
5.114776105571953835e+00 4.881824875555653698e+00 2.358754860518300911e-01
5.827187078870319503e+00 4.051968736494902856e+00 1.829283823196006797e-01
6.638826128706195817e+00 3.273655935262559602e+00 1.409795569502020063e-01
7.563514225758552811e+00 2.562158275314381672e+00 1.082415665927239645e-01
8.616997392941321721e+00 2.055458596995503928e+00 8.490558674944499729e-02
9.817214836071872952e+00 1.599428822474295631e+00 6.658300816243831188e-02
1.118460442108735009e+01 1.301136118285361576e+00 5.399141186167509543e-02
1.274245069961824761e+01 1.024215568006794141e+00 4.392595513288485853e-02
1.451728140926205768e+01 7.848981412502560318e-01 3.613338519672214949e-02
1.653931920034971981e+01 6.252331616862762953e-01 3.074982472606397135e-02
1.884299628142029093e+01 4.631381786305002191e-01 2.619474413506139160e-02
2.146754074702852577e+01 3.617600521467603247e-01 2.318412397702542330e-02
2.445764457215044274e+01 2.665477768245052559e-01 2.071765259565522960e-02
2.786422464810916466e+01 2.003522444002390213e-01 1.899945975283452021e-02
3.174528981929791982e+01 1.433267562764111158e-01 1.764677706816213457e-02
3.616692868500850011e+01 9.458854360427593200e-02 1.657820610810404466e-02
4.120443498711833286e+01 6.786114805148635298e-02 1.594144668660102404e-02
4.694358974726586098e+01 4.004311770209167953e-02 1.536847510389112957e-02
