1.069642439726958605e+00 -1.310741066954944856e+00 nan
1.218627458003121777e+00 -6.680429888468972788e-01 4.376461264635177706e+00
1.388363836590320144e+00 -7.620426323437505811e-01 3.144637632185435461e+00
1.581741926207981042e+00 -1.124329932560954592e+00 nan
1.802054659727066133e+00 -1.405163086194920918e+00 nan
2.053053625776520175e+00 -1.049677702327324713e+00 nan
2.339012952555230562e+00 -9.238532465169166930e-01 7.992154292826859630e-01
2.664802089693036891e+00 2.971882561603287343e+00 4.796277469095423740e+00
3.035968727524477995e+00 -1.093614932307748422e+00 nan
3.458833265763586962e+00 3.459992633881417312e+00 3.454239401290597034e+00
3.940596440236666886e+00 7.937680765270240357e+00 4.030112253413069112e+00
4.489461940391565875e+00 8.633457729899999933e+00 3.445580097490622329e+00
5.114776105571953835e+00 1.093229156703142735e+01 3.172634529178439244e+00
5.827187078870319503e+00 8.582064706826223244e+00 2.345086543679597568e+00
6.638826128706195817e+00 7.465758349980140984e+00 1.820625011734767318e+00
7.563514225758552811e+00 7.360679687737734511e+00 1.504312412205049521e+00
8.616997392941321721e+00 5.260708346180482664e+00 1.074330857995594357e+00
9.817214836071872952e+00 4.117806426485881133e+00 8.043096174832630174e-01
1.118460442108735009e+01 3.787178565939210095e+00 6.500587238964323777e-01
1.274245069961824761e+01 2.289959397073534575e+00 4.432411758598338025e-01
1.451728140926205768e+01 2.473607348594609512e+00 3.864943277815984790e-01
1.653931920034971981e+01 1.249155249864113637e+00 2.548795437038792189e-01
1.884299628142029093e+01 9.516895682204691287e-01 1.995468281157284918e-01
2.146754074702852577e+01 8.936595127472626299e-01 1.685182553772274217e-01
2.445764457215044274e+01 6.416055626144900881e-01 1.337265304861606774e-01
2.786422464810916466e+01 5.518436854244666012e-01 1.133718881679340457e-01
3.174528981929791982e+01 3.526895368461731017e-01 9.179838369252352193e-02
3.616692868500850011e+01 3.189157520919272404e-01 8.162820717250332536e-02
4.120443498711833286e+01 1.521855466323087658e-01 6.751242449073492635e-02
4.694358974726586098e+01 1.328821331056673216e-01 6.214785972355468813e-02
