1.069642439726958605e+00 -1.158109752939348702e+00 nan
1.218627458003121777e+00 -1.804154826890002283e+00 nan
1.388363836590320144e+00 -3.464445749000939490e-01 1.460405194462228984e+01
1.581741926207981042e+00 -1.232013081395348930e+00 nan
1.802054659727066133e+00 -4.081251719926040078e-01 9.304384955994311923e+00
2.053053625776520175e+00 -7.566429546655946137e-01 4.889800914983727154e+00
2.339012952555230562e+00 -1.264844986606599608e+00 nan
2.664802089693036891e+00 -3.741899142354725427e-01 5.331467031423476222e+00
3.035968727524477995e+00 -1.252874968884790441e+00 nan
3.458833265763586962e+00 -1.015552537214623463e+00 nan
3.940596440236666886e+00 3.697609230300324512e+00 8.153541630793766259e+00
4.489461940391565875e+00 -9.706388592354366907e-01 5.287150133882505543e-01
5.114776105571953835e+00 7.565723506753259997e+00 7.450023022561736319e+00
5.827187078870319503e+00 1.069927082587235212e+01 7.190054715629911719e+00
6.638826128706195817e+00 7.812877288256822261e+00 5.131515991492151763e+00
7.563514225758552811e+00 7.613291154234101299e+00 4.191092979075216718e+00
8.616997392941321721e+00 9.345764611279374634e+00 3.813697441978680214e+00
9.817214836071872952e+00 5.690033433251412198e+00 2.518530559618666675e+00
1.118460442108735009e+01 4.137777614013327110e+00 1.820469817078053554e+00
1.274245069961824761e+01 4.447969876679145784e+00 1.560524900806269599e+00
1.451728140926205768e+01 2.394527701660425389e+00 1.010534498713240747e+00
1.653931920034971981e+01 2.294893575217453296e+00 8.304785752420295042e-01
1.884299628142029093e+01 1.576527710063776899e+00 6.078260292467992931e-01
2.146754074702852577e+01 1.152521842364328863e+00 4.626106107719455407e-01
2.445764457215044274e+01 1.164003588980367931e+00 3.930100502638908533e-01
2.786422464810916466e+01 4.651032609681109431e-01 2.659379277984055268e-01
3.174528981929791982e+01 6.500974150827361075e-01 2.453229304868293215e-01
3.616692868500850011e+01 2.020615773179956776e-01 1.739399603132971150e-01
4.120443498711833286e+01 3.242577634643850626e-01 1.626986309093707284e-01
4.694358974726586098e+01 2.699306553090676797e-01 1.411824956015449994e-01
