1.069642439726958605e+00 -1.153754334669037096e+00 nan
1.218627458003121777e+00 -1.000856746084535676e+00 nan
1.388363836590320144e+00 -1.012345126518471528e+00 nan
1.581741926207981042e+00 -8.680940968718466877e-01 3.090249661390369607e-01
1.802054659727066133e+00 -3.434663817022658439e-01 5.669287455531567543e-01
2.053053625776520175e+00 5.481457590500959931e-01 7.139209743594059354e-01
2.339012952555230562e+00 2.607771301613551973e+00 8.941113555973938531e-01
2.664802089693036891e+00 4.960012160491330313e+00 9.578825541332354199e-01
3.035968727524477995e+00 7.969370132351524028e+00 9.769831837221848447e-01
3.458833265763586962e+00 8.368200283452207344e+00 8.280610353200387186e-01
3.940596440236666886e+00 8.214213595236859788e+00 6.811556487325198805e-01
4.489461940391565875e+00 7.326237313257904837e+00 5.371430481975975058e-01
5.114776105571953835e+00 6.445390407015505474e+00 4.228554408795426878e-01
5.827187078870319503e+00 4.923442636976131936e+00 3.130856520525316378e-01
6.638826128706195817e+00 4.086316379113565489e+00 2.422285674141189393e-01
7.563514225758552811e+00 3.079052584376500867e+00 1.809508898661222331e-01
8.616997392941321721e+00 2.496289358660910729e+00 1.408973230593190962e-01
9.817214836071872952e+00 1.986307863552505770e+00 1.099258023157933389e-01
1.118460442108735009e+01 1.552102265217290222e+00 8.627456281658346660e-02
1.274245069961824761e+01 1.234928773138092906e+00 6.917738422298762291e-02
1.451728140926205768e+01 9.297628709422585125e-01 5.538405378732579737e-02
1.653931920034971981e+01 7.498640856568992152e-01 4.629500923049311573e-02
1.884299628142029093e+01 5.400879739819879344e-01 3.820261918059978529e-02
2.146754074702852577e+01 4.628102206481108372e-01 3.383884906910212403e-02
2.445764457215044274e+01 3.262961467129370519e-01 2.919863593653035383e-02
2.786422464810916466e+01 2.457641122581799564e-01 2.622387804137525300e-02
3.174528981929791982e+01 1.779094526180968749e-01 2.392936134420239197e-02
3.616692868500850011e+01 1.180498840384947012e-01 2.210129722314272196e-02
4.120443498711833286e+01 7.701301151146355828e-02 2.084340080446094381e-02
4.694358974726586098e+01 6.265270300821268457e-02 2.023315991341614536e-02
