1.069642439726958605e+00 -1.316348689582326870e+00 nan
1.218627458003121777e+00 -3.254561050609172668e-03 7.602076083348696223e+00
1.388363836590320144e+00 -6.860314801661078210e-01 3.620909268509912682e+00
1.581741926207981042e+00 -3.309282371294850478e-01 4.304300481070026940e+00
1.802054659727066133e+00 -1.087134197429346028e+00 nan
2.053053625776520175e+00 -1.127168907701783240e+00 nan
2.339012952555230562e+00 -8.636977154478850949e-01 1.071878819376497427e+00
2.664802089693036891e+00 -8.772085170778711749e-01 8.447793396088850715e-01
3.035968727524477995e+00 1.575929517503428023e+00 3.193957791999797013e+00
3.458833265763586962e+00 3.554035654832196744e+00 3.499051241142660196e+00
3.940596440236666886e+00 9.717795444019042606e+00 4.428378350056844326e+00
4.489461940391565875e+00 7.807180737695109229e+00 3.300139683101582566e+00
5.114776105571953835e+00 1.131207747641258798e+01 3.231940763363911007e+00
5.827187078870319503e+00 8.548504507729468571e+00 2.346417258243866488e+00
6.638826128706195817e+00 9.296942469221928462e+00 2.022382239243326829e+00
7.563514225758552811e+00 6.529850655435506468e+00 1.426412319249926064e+00
8.616997392941321721e+00 5.806110625763800215e+00 1.126205123895449134e+00
9.817214836071872952e+00 4.583260140402773075e+00 8.452458827801127006e-01
1.118460442108735009e+01 3.550945513188590308e+00 6.335057306138350830e-01
1.274245069961824761e+01 2.479835186127398838e+00 4.583969919381440383e-01
1.451728140926205768e+01 2.085927731600957014e+00 3.616746058253305085e-01
1.653931920034971981e+01 1.470610025609407234e+00 2.698458764145947320e-01
1.884299628142029093e+01 1.379257940349659872e+00 2.255456345809654095e-01
2.146754074702852577e+01 9.974763510523878551e-01 1.746800799389684744e-01
2.445764457215044274e+01 6.750274600231174205e-01 1.357869951054831714e-01
2.786422464810916466e+01 5.088551315392499941e-01 1.114052158374008450e-01
3.174528981929791982e+01 3.506029229754679122e-01 9.186810482544351120e-02
3.616692868500850011e+01 3.094395435284993390e-01 8.131979760903546017e-02
4.120443498711833286e+01 1.457245555437691742e-01 6.732259938981426106e-02
4.694358974726586098e+01 1.176921812475502094e-01 6.154169342508585688e-02
