1.069642439726958605e+00 4.484474331269422409e-01 3.446252947632623176e+01
1.218627458003121777e+00 -2.740686946675392477e-01 1.854027683134409799e+01
1.388363836590320144e+00 -1.523499886786505275e+00 nan
1.581741926207981042e+00 -1.433878157503714501e+00 nan
1.802054659727066133e+00 -1.981841799150544148e+00 nan
2.053053625776520175e+00 -1.624624151718899068e+00 nan
2.339012952555230562e+00 -9.448725329267249062e-01 1.948076580978653105e+00
2.664802089693036891e+00 -1.107227327624082491e+00 nan
3.035968727524477995e+00 -1.259633151667336914e+00 nan
3.458833265763586962e+00 6.100268105114155404e+00 1.247600598372907932e+01
3.940596440236666886e+00 -9.561147209407421244e-01 8.048730077885918321e-01
4.489461940391565875e+00 5.511547574920277803e+00 8.064772356389109831e+00
5.114776105571953835e+00 1.245512022402101593e+01 9.565082439734959863e+00
5.827187078870319503e+00 1.266194102101294661e+01 7.951696700023314079e+00
6.638826128706195817e+00 2.142583683690618557e+01 8.474466783745093323e+00
7.563514225758552811e+00 6.631376142192259238e+00 4.026315365327495677e+00
8.616997392941321721e+00 4.973211618161204939e+00 2.934693467664654776e+00
9.817214836071872952e+00 8.843255064748973382e+00 3.151056070051660107e+00
1.118460442108735009e+01 3.954785430914483868e+00 1.825212975543230698e+00
1.274245069961824761e+01 4.029168680237903644e+00 1.527493408187369672e+00
1.451728140926205768e+01 2.408138697378734872e+00 1.034524552537616549e+00
1.653931920034971981e+01 2.319075013807944341e+00 8.515320220214462887e-01
1.884299628142029093e+01 1.899396491285958444e+00 6.626211793520789817e-01
2.146754074702852577e+01 1.506804799640001802e+00 5.148127015878410928e-01
2.445764457215044274e+01 9.573394349149793037e-01 3.782051206620277162e-01
2.786422464810916466e+01 8.414826848511003377e-01 3.109034282501635382e-01
3.174528981929791982e+01 4.076180021845146051e-01 2.265339333067619698e-01
3.616692868500850011e+01 1.665395210715270302e-01 1.739328475888183567e-01
4.120443498711833286e+01 1.410670061354406535e-01 1.496485113158431968e-01
4.694358974726586098e+01 2.734921625380399846e-01 1.438825169029275819e-01
