1.069642439726958605e+00 -2.302772019327841146e+00 nan
1.218627458003121777e+00 -5.894369096229374883e-01 1.391546648382765028e+01
1.388363836590320144e+00 -3.737328732544702437e-01 1.458571605105920987e+01
1.581741926207981042e+00 -8.217993079584773319e-01 6.335565821732961567e+00
1.802054659727066133e+00 -6.419011962390983594e-01 7.383937885038830196e+00
2.053053625776520175e+00 -1.205839649221513543e+00 nan
2.339012952555230562e+00 -1.172101655568294820e+00 nan
2.664802089693036891e+00 -1.198654460362187368e+00 nan
3.035968727524477995e+00 -8.214796379623450218e-01 2.396589187937715693e+00
3.458833265763586962e+00 6.310801693239964649e+00 1.263496878684655478e+01
3.940596440236666886e+00 3.879414065099345166e+00 8.478425284049468047e+00
4.489461940391565875e+00 2.312952912250902493e+00 5.735681433078908320e+00
5.114776105571953835e+00 1.249616057856238349e+01 9.560995965749425451e+00
5.827187078870319503e+00 1.420708164162866005e+01 8.381188555545451280e+00
6.638826128706195817e+00 9.226387298492381817e+00 5.646439189104723866e+00
7.563514225758552811e+00 1.069497674238653673e+01 5.002822851933852455e+00
8.616997392941321721e+00 1.122920075382738858e+01 4.244710592937567917e+00
9.817214836071872952e+00 6.874598023421352622e+00 2.796583887844889205e+00
1.118460442108735009e+01 5.222975096934050043e+00 2.052979373448872824e+00
1.274245069961824761e+01 3.325551387022601446e+00 1.407505256056084120e+00
1.451728140926205768e+01 3.755807919051867838e+00 1.235212549890817968e+00
1.653931920034971981e+01 2.255283320572867733e+00 8.409846446413731247e-01
1.884299628142029093e+01 2.480397643164089949e+00 7.328578019616864836e-01
2.146754074702852577e+01 1.220415436679593180e+00 4.797074172626286659e-01
2.445764457215044274e+01 7.039256215499174463e-01 3.485768248558483995e-01
2.786422464810916466e+01 8.848128474410996702e-01 3.147532345123285058e-01
3.174528981929791982e+01 5.637411503440274974e-01 2.413672093750565684e-01
3.616692868500850011e+01 2.126491845351383692e-01 1.779674993981517073e-01
4.120443498711833286e+01 2.134487066786578957e-01 1.557510304931832013e-01
4.694358974726586098e+01 1.223383188523305964e-01 1.310853180396154560e-01
