1.069642439726958605e+00 -1.254297909967028168e+00 nan
1.218627458003121777e+00 -9.583217966552277645e-01 1.551525566220384178e-01
1.388363836590320144e+00 -8.568226431364771578e-01 2.440578333958161039e-01
1.581741926207981042e+00 -9.911232437018562269e-01 4.948263136223796793e-02
1.802054659727066133e+00 2.157277212973984781e-01 4.764200199668503499e-01
2.053053625776520175e+00 2.034852280570000893e+00 6.180663012017897362e-01
2.339012952555230562e+00 4.789510446310414338e+00 7.022038271441789492e-01
2.664802089693036891e+00 6.957394521971929535e+00 6.883574537161520901e-01
3.035968727524477995e+00 7.986955752752965765e+00 6.089639535289678163e-01
3.458833265763586962e+00 8.034100375131949079e+00 5.079799376610533157e-01
3.940596440236666886e+00 7.321328972282467262e+00 4.052210471983746509e-01
4.489461940391565875e+00 6.178084833928858544e+00 3.127503305068473627e-01
5.114776105571953835e+00 5.066669830857527757e+00 2.395125012530428532e-01
5.827187078870319503e+00 4.093043008321368248e+00 1.833910699101857777e-01
6.638826128706195817e+00 3.252092780670707395e+00 1.402563298088571608e-01
7.563514225758552811e+00 2.501010991653928262e+00 1.068767227647890034e-01
8.616997392941321721e+00 2.036736846754011232e+00 8.440282352164840685e-02
9.817214836071872952e+00 1.662938279855894930e+00 6.751858291981173432e-02
1.118460442108735009e+01 1.278014289353121669e+00 5.351487359453040854e-02
1.274245069961824761e+01 1.001425065988424512e+00 4.348915363219964247e-02
1.451728140926205768e+01 7.936173494178573318e-01 3.620280846385415252e-02
1.653931920034971981e+01 6.343951450643821044e-01 3.083535548003265084e-02
1.884299628142029093e+01 4.704022977389257232e-01 2.626020952827625224e-02
2.146754074702852577e+01 3.620681504994824884e-01 2.315364636844099641e-02
2.445764457215044274e+01 2.882187453455495874e-01 2.100253585969639666e-02
2.786422464810916466e+01 2.025980578772095253e-01 1.900581108584952980e-02
3.174528981929791982e+01 1.494260759311509812e-01 1.771146661875427214e-02
3.616692868500850011e+01 1.129562668700112571e-01 1.682185508914376196e-02
4.120443498711833286e+01 7.688602871306460251e-02 1.605155756488468866e-02
4.694358974726586098e+01 4.917074633957718710e-02 1.548109573345521350e-02
