1.069642439726958605e+00 -9.880527786278761049e-01 7.093597165061472920e-02
1.218627458003121777e+00 -6.646754545324640162e-01 2.856131593026869919e-01
1.388363836590320144e+00 -1.719468109378365916e-01 3.809881376848649470e-01
1.581741926207981042e+00 5.900851686600898649e-01 4.301684310268779066e-01
1.802054659727066133e+00 2.999968455754135732e+00 5.623358673000222741e-01
2.053053625776520175e+00 5.354314686057159101e+00 5.835949577289517576e-01
2.339012952555230562e+00 6.626326009773165104e+00 5.267900778214571478e-01
2.664802089693036891e+00 7.807373609421264682e+00 4.745323340755479569e-01
3.035968727524477995e+00 7.025621101508438215e+00 3.766092819142470294e-01
3.458833265763586962e+00 7.353197346250426314e+00 3.213731809394404504e-01
3.940596440236666886e+00 6.035237168829351795e+00 2.449747616248681981e-01
4.489461940391565875e+00 5.001074199758740235e+00 1.884748365004738913e-01
5.114776105571953835e+00 4.028408979489952024e+00 1.440945425778903943e-01
5.827187078870319503e+00 3.309167636893726172e+00 1.120999541709082059e-01
6.638826128706195817e+00 2.693044482229247638e+00 8.751953621798218286e-02
7.563514225758552811e+00 2.118536156847429464e+00 6.812149502793998779e-02
8.616997392941321721e+00 1.648196444573841291e+00 5.345951974111300825e-02
9.817214836071872952e+00 1.335485461243143934e+00 4.329965815164907306e-02
1.118460442108735009e+01 1.065535861641389692e+00 3.545378370194390838e-02
1.274245069961824761e+01 8.351417750962872866e-01 2.937542601427702016e-02
1.451728140926205768e+01 6.479273395792757295e-01 2.479053781158677486e-02
1.653931920034971981e+01 5.057005140464041482e-01 2.142842792041058445e-02
1.884299628142029093e+01 3.959486403386351938e-01 1.894169678786900707e-02
2.146754074702852577e+01 2.961200415814080333e-01 1.693570851462709165e-02
2.445764457215044274e+01 2.253155580445584949e-01 1.552314537431769004e-02
2.786422464810916466e+01 1.699576696634099715e-01 1.447053893127675864e-02
3.174528981929791982e+01 1.199862449871658132e-01 1.360776227669354028e-02
3.616692868500850011e+01 8.929659727559302596e-02 1.305781125088319693e-02
4.120443498711833286e+01 6.084054980956432601e-02 1.259485165589141649e-02
4.694358974726586098e+01 3.709245087055479395e-02 1.222891100741611836e-02
