1.069642439726958605e+00 1.000000000000000000e+00 3.887805471117300726e+01
1.218627458003121777e+00 -5.289733086862586919e-01 1.433782639126945746e+01
1.388363836590320144e+00 -5.417206544742869667e-01 1.200231568555232542e+01
1.581741926207981042e+00 -1.044579172610556217e+00 nan
1.802054659727066133e+00 -6.781569198721717484e-01 6.733812404601393631e+00
2.053053625776520175e+00 -3.262047106440566502e-01 7.985596525406555735e+00
2.339012952555230562e+00 -4.670767639348423206e-01 5.815090205561723735e+00
2.664802089693036891e+00 -7.165344642609350334e-01 3.521556676222350912e+00
3.035968727524477995e+00 -7.939077081120669011e-01 2.477048703937283936e+00
3.458833265763586962e+00 -7.520971882499889460e-01 2.235982925748994266e+00
3.940596440236666886e+00 3.361656360032203583e+00 7.710444671315634935e+00
4.489461940391565875e+00 5.166813490490263838e+00 7.534627449830884949e+00
5.114776105571953835e+00 1.331646158303389704e+01 9.478332564244684733e+00
5.827187078870319503e+00 2.008391579847881303e+01 9.533979164509146287e+00
6.638826128706195817e+00 1.229622777612911122e+01 6.214567216139784023e+00
7.563514225758552811e+00 9.881805849032856415e+00 4.639680055334671316e+00
8.616997392941321721e+00 7.244874673652046404e+00 3.327910686257821826e+00
9.817214836071872952e+00 8.988571496108601622e+00 3.052445462877180216e+00
1.118460442108735009e+01 4.911152543749373933e+00 1.924092148199431085e+00
1.274245069961824761e+01 3.638210686665027893e+00 1.406526835827307087e+00
1.451728140926205768e+01 3.333573657506022858e+00 1.131607866190173395e+00
1.653931920034971981e+01 2.781016244833266260e+00 8.798684691842745265e-01
1.884299628142029093e+01 2.194164332141430584e+00 6.732835406468763439e-01
2.146754074702852577e+01 9.565727568075264031e-01 4.308541851656989552e-01
2.445764457215044274e+01 1.399136899772875919e+00 4.107485774947783885e-01
2.786422464810916466e+01 7.407664724166007630e-01 2.897402507016981765e-01
3.174528981929791982e+01 5.733766565951770033e-01 2.342264673113540752e-01
3.616692868500850011e+01 2.921105427821752976e-01 1.793171208364602032e-01
4.120443498711833286e+01 1.155018684188566791e-01 1.424992906772780399e-01
4.694358974726586098e+01 2.256775639041401771e-01 1.355954239964468622e-01
