1.069642439726958605e+00 -2.987491548845262468e-01 8.064963646842667089e+00
1.218627458003121777e+00 -5.000343936801345812e-01 5.174990079727806780e+00
1.388363836590320144e+00 -4.662382108542173498e-01 4.537890655350868663e+00
1.581741926207981042e+00 -7.909655114961682276e-01 2.312442400048240199e+00
1.802054659727066133e+00 -4.527009438484177473e-01 3.076368593104219951e+00
2.053053625776520175e+00 -8.122514453997604633e-01 1.476746868986552386e+00
2.339012952555230562e+00 -1.087310120012352055e+00 nan
2.664802089693036891e+00 -1.212457834109445187e+00 nan
3.035968727524477995e+00 1.374778096118827619e+00 2.947574476247724284e+00
3.458833265763586962e+00 -1.138767302211577626e+00 nan
3.940596440236666886e+00 6.821728978226925477e+00 3.630852394566102870e+00
4.489461940391565875e+00 8.314763050487339768e+00 3.264566059837144429e+00
5.114776105571953835e+00 1.163139069841222728e+01 3.149688499454965651e+00
5.827187078870319503e+00 1.052404245937055727e+01 2.488553171659805496e+00
6.638826128706195817e+00 8.157534765519411479e+00 1.829467448310943212e+00
7.563514225758552811e+00 8.638844943199794457e+00 1.566044417699292923e+00
8.616997392941321721e+00 5.188679490769303015e+00 1.030095874229924657e+00
9.817214836071872952e+00 4.188142909155056159e+00 7.819739085052628269e-01
1.118460442108735009e+01 3.636903162583262628e+00 6.166120346107004657e-01
1.274245069961824761e+01 2.454256671679994284e+00 4.398388208023259471e-01
1.451728140926205768e+01 1.921579042564480755e+00 3.378646826794508007e-01
1.653931920034971981e+01 1.405667093965727643e+00 2.562288219765448405e-01
1.884299628142029093e+01 1.276111199842526300e+00 2.119223185868668036e-01
2.146754074702852577e+01 8.601138037223163835e-01 1.613346790421759103e-01
2.445764457215044274e+01 6.232248200822287920e-01 1.286482413380162504e-01
2.786422464810916466e+01 4.686394023153095389e-01 1.058983755749516448e-01
3.174528981929791982e+01 3.225295613185130694e-01 8.774682509596010149e-02
3.616692868500850011e+01 3.000562526859991141e-01 7.857088083505084364e-02
4.120443498711833286e+01 1.796768600581053477e-01 6.705463772226134822e-02
4.694358974726586098e+01 1.233552961700130624e-01 6.022394642220486871e-02
