1.069642439726958605e+00 -3.983720384212000809e+00 nan
1.218627458003121777e+00 -2.791370932539842808e-01 1.854895492619336039e+01
1.388363836590320144e+00 -1.533538673009425590e+00 nan
1.581741926207981042e+00 -9.853928393833912835e-01 1.824723786769972156e+00
1.802054659727066133e+00 -1.167854566130831273e+00 nan
2.053053625776520175e+00 -4.562202545045619395e-01 7.502133814091701325e+00
2.339012952555230562e+00 -1.138572276562674901e+00 nan
2.664802089693036891e+00 -1.051500733588546677e+00 nan
3.035968727524477995e+00 -1.115926516285365100e+00 nan
3.458833265763586962e+00 -1.172106145525376508e+00 nan
3.940596440236666886e+00 3.955937580955428245e+00 8.595731603720604852e+00
4.489461940391565875e+00 5.683671711032445728e+00 8.203535304693089003e+00
5.114776105571953835e+00 1.007425400086218659e+01 8.702942604591719089e+00
5.827187078870319503e+00 1.429978876364596907e+01 8.456884022830188030e+00
6.638826128706195817e+00 1.759038871116001346e+01 7.718373131258773334e+00
7.563514225758552811e+00 1.154145782303313794e+01 5.217207285944223116e+00
8.616997392941321721e+00 5.108345416219977508e+00 2.980193942730229306e+00
9.817214836071872952e+00 6.099972649586611340e+00 2.664799760502096326e+00
1.118460442108735009e+01 6.991310136870888314e+00 2.357911136423941123e+00
1.274245069961824761e+01 4.995102186089347640e+00 1.684455371209700569e+00
1.451728140926205768e+01 3.726455878621373952e+00 1.238087132608718388e+00
1.653931920034971981e+01 1.354190619581858712e+00 7.104032920259453210e-01
1.884299628142029093e+01 2.125000678800654352e+00 6.935389410733274751e-01
2.146754074702852577e+01 1.324784128299984154e+00 4.950600176912077766e-01
2.445764457215044274e+01 1.259367186606460187e+00 4.127884748098847867e-01
2.786422464810916466e+01 7.051696258903492609e-01 2.979226610598042502e-01
3.174528981929791982e+01 3.142997262321225449e-01 2.179949337436393464e-01
3.616692868500850011e+01 1.957385258800374839e-01 1.772917339132510650e-01
4.120443498711833286e+01 9.958749998009563953e-02 1.464606334780599040e-01
4.694358974726586098e+01 7.242641630099733163e-02 1.274892001366599581e-01
