1.069642439726958605e+00 -1.352608339474314469e+00 nan
1.218627458003121777e+00 -8.393646809091284133e-01 1.978363240034065329e-01
1.388363836590320144e+00 -4.670720345712513488e-01 3.058639219876914672e-01
1.581741926207981042e+00 4.978480024007136961e-01 4.178300876899256333e-01
1.802054659727066133e+00 2.702504937339797131e+00 5.413337054681662819e-01
2.053053625776520175e+00 4.572378833245379859e+00 5.464226593808461097e-01
2.339012952555230562e+00 6.496527164802384569e+00 5.225905611754720903e-01
2.664802089693036891e+00 7.651828372735235639e+00 4.705125842638718248e-01
3.035968727524477995e+00 8.089663311164112969e+00 4.027435981508357132e-01
3.458833265763586962e+00 7.202194314880140169e+00 3.184457919646925261e-01
3.940596440236666886e+00 6.298667198550669255e+00 2.502336419810901602e-01
4.489461940391565875e+00 4.987980522492881263e+00 1.883869163951051307e-01
5.114776105571953835e+00 4.109204998463598102e+00 1.455498071743843991e-01
5.827187078870319503e+00 3.297406774316287592e+00 1.120002772540602681e-01
6.638826128706195817e+00 2.559483845814083391e+00 8.561165132087901475e-02
7.563514225758552811e+00 2.085852548984141741e+00 6.771162241375781876e-02
8.616997392941321721e+00 1.682473746871528952e+00 5.395675473470520900e-02
9.817214836071872952e+00 1.336684963137551030e+00 4.334409296490658592e-02
1.118460442108735009e+01 1.044703882864635780e+00 3.521571162087513973e-02
1.274245069961824761e+01 8.101536558816071487e-01 2.908796894644072664e-02
1.451728140926205768e+01 6.345877908807686651e-01 2.464483373592328552e-02
1.653931920034971981e+01 5.046118443681608667e-01 2.142741316976703309e-02
1.884299628142029093e+01 3.817807092697604876e-01 1.878512926538944416e-02
2.146754074702852577e+01 2.880259977634604951e-01 1.684957782827923786e-02
2.445764457215044274e+01 2.195086139790782820e-01 1.546294195598240696e-02
2.786422464810916466e+01 1.593562401382699889e-01 1.435391248481264481e-02
3.174528981929791982e+01 1.131739411727294975e-01 1.353472219376982214e-02
3.616692868500850011e+01 8.564775707921756798e-02 1.302118390505556042e-02
4.120443498711833286e+01 5.890319685649281212e-02 1.257781526948113793e-02
4.694358974726586098e+01 3.996902525179923948e-02 1.226756025595722964e-02
