1.069642439726958605e+00 -1.010874569185402638e+00 nan
1.218627458003121777e+00 -9.212663240160274825e-01 1.391006376415376000e-01
1.388363836590320144e+00 -5.786688041165553020e-01 2.731241571282792546e-01
1.581741926207981042e+00 1.963814141769775201e-01 3.749702811720747597e-01
1.802054659727066133e+00 2.245248387262170908e+00 5.087917183823900125e-01
2.053053625776520175e+00 4.874590014324375886e+00 5.636657916714693517e-01
2.339012952555230562e+00 7.125252785102400566e+00 5.470158342783488781e-01
2.664802089693036891e+00 7.871069919122920311e+00 4.787244692934906065e-01
3.035968727524477995e+00 7.638638269365837452e+00 3.935935902821396382e-01
3.458833265763586962e+00 6.911749209809913808e+00 3.135523452541904565e-01
3.940596440236666886e+00 6.455476413442552186e+00 2.542495063448614867e-01
4.489461940391565875e+00 4.890473783332323521e+00 1.873919950771120169e-01
5.114776105571953835e+00 4.137343334341862189e+00 1.465953022231887837e-01
5.827187078870319503e+00 3.342027779530815312e+00 1.131345843411558638e-01
6.638826128706195817e+00 2.613640205111978254e+00 8.674277677958550092e-02
7.563514225758552811e+00 2.183960150953813351e+00 6.934095271686044337e-02
8.616997392941321721e+00 1.743528995189203012e+00 5.497063341386863172e-02
9.817214836071872952e+00 1.343886147861533154e+00 4.358792076707120738e-02
1.118460442108735009e+01 1.069138027519608514e+00 3.563999501180490498e-02
1.274245069961824761e+01 8.680270101035223451e-01 2.988960035495941137e-02
1.451728140926205768e+01 6.562014180191986235e-01 2.497986660691035518e-02
1.653931920034971981e+01 5.099998337866002984e-01 2.155323876850887346e-02
1.884299628142029093e+01 3.926168710745738810e-01 1.896436021690231857e-02
2.146754074702852577e+01 3.014856536548651267e-01 1.705143936601476173e-02
2.445764457215044274e+01 2.330745558583737775e-01 1.566020862203799588e-02
2.786422464810916466e+01 1.746315532984956675e-01 1.456677169208915254e-02
3.174528981929791982e+01 1.294810649126001412e-01 1.375649172489766536e-02
3.616692868500850011e+01 8.857284036405443928e-02 1.308511994361061248e-02
4.120443498711833286e+01 6.232708946071863210e-02 1.264603106887325634e-02
4.694358974726586098e+01 3.834563466025397993e-02 1.227597132204100161e-02
