1.069642439726958605e+00 -1.213541548370396850e+00 nan
1.218627458003121777e+00 -1.289828737312696649e+00 nan
1.388363836590320144e+00 -9.694666869420529576e-01 1.125886804084451076e-01
1.581741926207981042e+00 -5.478563743705548994e-01 3.528586316977831427e-01
1.802054659727066133e+00 2.715341529563641831e-01 4.867590441292846126e-01
2.053053625776520175e+00 2.336630609207914322e+00 6.475808577849953007e-01
2.339012952555230562e+00 3.943071323422492114e+00 6.475289536693692449e-01
2.664802089693036891e+00 6.344523898267400597e+00 6.599573166170431548e-01
3.035968727524477995e+00 7.871455297290506081e+00 6.042694034183848650e-01
3.458833265763586962e+00 7.637841390083958792e+00 4.955168768176032024e-01
3.940596440236666886e+00 6.958353874689984231e+00 3.951473432158419952e-01
4.489461940391565875e+00 6.109692034355978407e+00 3.107996280096960717e-01
5.114776105571953835e+00 4.893815501195265760e+00 2.354063858562735478e-01
5.827187078870319503e+00 4.023944295657747361e+00 1.817768279599940862e-01
6.638826128706195817e+00 3.168838823828562745e+00 1.384908588740182689e-01
7.563514225758552811e+00 2.568968563385462200e+00 1.080459444454346524e-01
8.616997392941321721e+00 2.060361056505528587e+00 8.474548529919977147e-02
9.817214836071872952e+00 1.605738531103141575e+00 6.650131623638506906e-02
1.118460442108735009e+01 1.286590588246894207e+00 5.360982517586974222e-02
1.274245069961824761e+01 1.059356835886549497e+00 4.435936678298986469e-02
1.451728140926205768e+01 8.026356502927927128e-01 3.631305164659474893e-02
1.653931920034971981e+01 6.139966153332934162e-01 3.050885328678886940e-02
1.884299628142029093e+01 4.576317173634967261e-01 2.605425140162602807e-02
2.146754074702852577e+01 3.680382550125909091e-01 2.322592427618347388e-02
2.445764457215044274e+01 2.773362333696935966e-01 2.083176792300756378e-02
2.786422464810916466e+01 2.043674754996021026e-01 1.902026693258244625e-02
3.174528981929791982e+01 1.481434494243716316e-01 1.768295822556483973e-02
3.616692868500850011e+01 1.077376357618973213e-01 1.673740760322854626e-02
4.120443498711833286e+01 7.391652372045487418e-02 1.600019144737004420e-02
4.694358974726586098e+01 5.327855689787264204e-02 1.553215134115370870e-02
