1.069642439726958605e+00 -1.249919851238669999e+00 nan
1.218627458003121777e+00 -7.596956370521117385e-01 2.430513473782998646e-01
1.388363836590320144e+00 -6.863664373643931782e-01 2.356626157166828994e-01
1.581741926207981042e+00 3.880924677356674124e-01 4.039877208868412617e-01
1.802054659727066133e+00 2.417165383388919508e+00 5.222293900734086280e-01
2.053053625776520175e+00 4.457173879168527364e+00 5.430482024969330856e-01
2.339012952555230562e+00 7.115999461630101663e+00 5.467557495705636095e-01
2.664802089693036891e+00 7.364068215866062417e+00 4.642762056946761473e-01
3.035968727524477995e+00 7.981781318099665512e+00 4.018981205434208892e-01
3.458833265763586962e+00 7.259019538153893336e+00 3.210001031085021883e-01
3.940596440236666886e+00 6.178140455298681388e+00 2.489613530263813657e-01
4.489461940391565875e+00 5.129817534430467063e+00 1.917003215872761235e-01
5.114776105571953835e+00 4.120704872174544064e+00 1.463334385578825281e-01
5.827187078870319503e+00 3.266945840225076836e+00 1.119699532882144632e-01
6.638826128706195817e+00 2.731295905750174668e+00 8.848899471775770187e-02
7.563514225758552811e+00 2.081757226556627760e+00 6.791220966988960328e-02
8.616997392941321721e+00 1.727778762092806453e+00 5.476465608165397014e-02
9.817214836071872952e+00 1.319609307692987121e+00 4.327750494424881245e-02
1.118460442108735009e+01 1.054802836331020011e+00 3.546320817933202446e-02
1.274245069961824761e+01 8.421898223192716415e-01 2.957584984806107750e-02
1.451728140926205768e+01 6.502361481522509479e-01 2.491006757023817367e-02
1.653931920034971981e+01 5.131729129719877491e-01 2.159256316274231480e-02
1.884299628142029093e+01 3.975763939811365333e-01 1.902415113868187110e-02
2.146754074702852577e+01 2.959815294104306549e-01 1.698809457841411741e-02
2.445764457215044274e+01 2.163974616115322824e-01 1.546639182960351210e-02
2.786422464810916466e+01 1.613963948115333391e-01 1.441334384854438787e-02
3.174528981929791982e+01 1.214556212353032905e-01 1.366383641899747772e-02
3.616692868500850011e+01 8.647724907682263762e-02 1.306150297355212174e-02
4.120443498711833286e+01 5.991845385373295585e-02 1.261873695080274922e-02
4.694358974726586098e+01 3.963190702359598028e-02 1.229165740291336684e-02
