1.069642439726958605e+00 -7.592718117555929958e-02 2.684796747470570466e+01
1.218627458003121777e+00 6.799105270515870547e-02 2.193393676739865228e+01
1.388363836590320144e+00 -1.187848641681938933e-01 1.690881077658658782e+01
1.581741926207981042e+00 1.097826086956521507e-01 1.545177035790859676e+01
1.802054659727066133e+00 -5.043324818802972231e-01 8.489970666126568588e+00
2.053053625776520175e+00 -2.799797493527673709e-01 8.386616133900121284e+00
2.339012952555230562e+00 -1.122783405417710156e+00 nan
2.664802089693036891e+00 -1.335579696131435234e+00 nan
3.035968727524477995e+00 -1.203961030539301369e+00 nan
3.458833265763586962e+00 -1.038420503889439406e+00 nan
3.940596440236666886e+00 -9.369752184111228566e-01 9.407814393509474904e-01
4.489461940391565875e+00 1.160995951493954692e+01 1.096725023569792334e+01
5.114776105571953835e+00 1.820712149061123242e+01 1.117686670916101299e+01
5.827187078870319503e+00 2.213973266586653210e+01 1.015860818591855441e+01
6.638826128706195817e+00 8.807341482264183341e+00 5.402979556415565376e+00
7.563514225758552811e+00 1.088040928800037577e+01 4.930964594168747439e+00
8.616997392941321721e+00 8.348152343616227711e+00 3.607394495059884409e+00
9.817214836071872952e+00 5.330899731987313928e+00 2.440341901075119058e+00
1.118460442108735009e+01 5.736817364642106121e+00 2.093665784209353564e+00
1.274245069961824761e+01 4.935333253484711413e+00 1.629429352378563234e+00
1.451728140926205768e+01 3.176926092047374084e+00 1.126258279509065430e+00
1.653931920034971981e+01 2.101541296774612988e+00 8.013476154018538411e-01
1.884299628142029093e+01 1.509437206293304801e+00 5.973955987837922255e-01
2.146754074702852577e+01 1.183063945378233672e+00 4.650311294771452553e-01
2.445764457215044274e+01 1.191197397508067635e+00 3.948638503980746450e-01
2.786422464810916466e+01 9.759888845314821371e-01 3.173844162653200462e-01
3.174528981929791982e+01 7.456399797379991146e-01 2.536033593546264675e-01
3.616692868500850011e+01 4.467651951017859169e-01 1.956652150402681534e-01
4.120443498711833286e+01 3.122020982068436368e-01 1.612931923201049444e-01
4.694358974726586098e+01 1.042658607295559037e-01 1.272594820522259251e-01
