1.069642439726958605e+00 -1.106522950590496990e+00 nan
1.218627458003121777e+00 -7.694546480025876711e-01 3.627127617303641305e+00
1.388363836590320144e+00 -5.930419046109447478e-01 4.089789906973935629e+00
1.581741926207981042e+00 -4.260318142734307312e-01 3.955115645994513596e+00
1.802054659727066133e+00 -1.142024582969709101e+00 nan
2.053053625776520175e+00 -7.266432714263153514e-01 1.839216942208957262e+00
2.339012952555230562e+00 -8.650326606132361373e-01 1.058178597361954187e+00
2.664802089693036891e+00 -1.061897150139352597e+00 nan
3.035968727524477995e+00 -8.934983012059407592e-01 6.438863827146872332e-01
3.458833265763586962e+00 1.618296253650543637e+00 2.630207747767671300e+00
3.940596440236666886e+00 6.843591038713378261e+00 3.752362467491615838e+00
4.489461940391565875e+00 4.959723405942092711e+00 2.686905004739216896e+00
5.114776105571953835e+00 1.354423389307626380e+01 3.494944169815204837e+00
5.827187078870319503e+00 1.085591675189042604e+01 2.605128491375409361e+00
6.638826128706195817e+00 7.298480012670591321e+00 1.792051208187515732e+00
7.563514225758552811e+00 6.942471524176280440e+00 1.456043726737313415e+00
8.616997392941321721e+00 4.972952222509380960e+00 1.042079087864760112e+00
9.817214836071872952e+00 4.072108214440628871e+00 7.961887051079211686e-01
1.118460442108735009e+01 3.790579551970984618e+00 6.469380809967210100e-01
1.274245069961824761e+01 2.583329547755181643e+00 4.625322221529669653e-01
1.451728140926205768e+01 1.992155821803365923e+00 3.527130658135724794e-01
1.653931920034971981e+01 1.382172906242988608e+00 2.622310169102026745e-01
1.884299628142029093e+01 1.021391211578400071e+00 2.027902444041905783e-01
2.146754074702852577e+01 8.322141515373349119e-01 1.642632329111269329e-01
2.445764457215044274e+01 7.284574757697042102e-01 1.377107283831481566e-01
2.786422464810916466e+01 5.493906313043781520e-01 1.127451621517545771e-01
3.174528981929791982e+01 3.353232398528931402e-01 9.055442617669749727e-02
3.616692868500850011e+01 2.546576673528875290e-01 7.823923490421384741e-02
4.120443498711833286e+01 1.930535170056184580e-01 6.916662688458656560e-02
4.694358974726586098e+01 9.354798102449191077e-02 6.010521295753520205e-02
