1.069642439726958605e+00 -7.957792779127847993e-02 2.688582021197374061e+01
1.218627458003121777e+00 -1.182066512571053440e+00 nan
1.388363836590320144e+00 -5.716134446725280593e-01 1.182931828358904447e+01
1.581741926207981042e+00 -7.864760058167714618e-01 6.800625431719437231e+00
1.802054659727066133e+00 -2.320761087000907441e+00 nan
2.053053625776520175e+00 -1.027878216057526384e+00 nan
2.339012952555230562e+00 -7.221165486139486944e-01 4.280479624271271710e+00
2.664802089693036891e+00 -8.748036727065713336e-01 2.385711051399418636e+00
3.035968727524477995e+00 -1.168911648402569448e+00 nan
3.458833265763586962e+00 5.464683574154703294e+00 1.164977425426799762e+01
3.940596440236666886e+00 -1.108749147741376895e+00 nan
4.489461940391565875e+00 8.564752092728655342e+00 9.575086470595975285e+00
5.114776105571953835e+00 9.563595259706675122e+00 8.284759379474635921e+00
5.827187078870319503e+00 1.208344595318043879e+01 7.614084391553268993e+00
6.638826128706195817e+00 1.378646013237142931e+01 6.688610200839347542e+00
7.563514225758552811e+00 1.095161760162901565e+01 4.962721774074182690e+00
8.616997392941321721e+00 7.114485005951948438e+00 3.363483399765065052e+00
9.817214836071872952e+00 9.606208997735429023e+00 3.210480117253328380e+00
1.118460442108735009e+01 5.117285862299236321e+00 1.996129251255474246e+00
1.274245069961824761e+01 4.257679271213212324e+00 1.531847685635536527e+00
1.451728140926205768e+01 2.885126799021904276e+00 1.086715660663734706e+00
1.653931920034971981e+01 2.883348473400372036e+00 9.093492559416859189e-01
1.884299628142029093e+01 1.616569715888973580e+00 6.133094682471930126e-01
2.146754074702852577e+01 1.427405124299505168e+00 4.954176965807008393e-01
2.445764457215044274e+01 7.684599649581196346e-01 3.496677690039715070e-01
2.786422464810916466e+01 5.939789413259959350e-01 2.796551080029100467e-01
3.174528981929791982e+01 7.757256067277809031e-01 2.571332173633189555e-01
3.616692868500850011e+01 3.747024660124627093e-01 1.897623803148139610e-01
4.120443498711833286e+01 3.389705799348441406e-01 1.640136904499522597e-01
4.694358974726586098e+01 5.695831161386299968e-02 1.236635420119566869e-01
