1.069642439726958605e+00 -1.154233087637674959e+00 nan
1.218627458003121777e+00 -1.032692582819532134e+00 nan
1.388363836590320144e+00 -8.880364164828176143e-01 2.154466921979497074e-01
1.581741926207981042e+00 -9.294901677037079590e-01 1.392226155821386646e-01
1.802054659727066133e+00 4.041142559453216876e-01 5.111735321015035138e-01
2.053053625776520175e+00 2.657125348068582582e+00 6.776578345642406687e-01
2.339012952555230562e+00 4.796757320866946728e+00 7.014443033340991285e-01
2.664802089693036891e+00 7.517055277766542254e+00 7.116344961773842792e-01
3.035968727524477995e+00 8.156284748237478510e+00 6.138982183958731076e-01
3.458833265763586962e+00 8.186968887671035588e+00 5.116885108936990445e-01
3.940596440236666886e+00 7.149070931776355664e+00 3.999790595223393641e-01
4.489461940391565875e+00 6.331554256128121949e+00 3.159292090772879424e-01
5.114776105571953835e+00 4.977714665543533812e+00 2.371344602928980860e-01
5.827187078870319503e+00 3.957002185616164347e+00 1.802504182656296527e-01
6.638826128706195817e+00 3.286972441923825095e+00 1.407205341128397180e-01
7.563514225758552811e+00 2.671506846581841454e+00 1.098722285439571456e-01
8.616997392941321721e+00 2.070965555100393374e+00 8.487870031931603332e-02
9.817214836071872952e+00 1.635543308624140435e+00 6.696144977661802611e-02
1.118460442108735009e+01 1.276428603936665240e+00 5.341421968445520668e-02
1.274245069961824761e+01 9.775085276527277767e-01 4.305659202374232525e-02
1.451728140926205768e+01 7.912657278598091981e-01 3.612041392389567229e-02
1.653931920034971981e+01 6.018121189064540300e-01 3.031116916098489794e-02
1.884299628142029093e+01 4.649617707516684462e-01 2.614947289541053391e-02
2.146754074702852577e+01 3.509612313492942448e-01 2.296591552170762496e-02
2.445764457215044274e+01 2.640303100884842102e-01 2.062949010335215355e-02
2.786422464810916466e+01 1.899005667369284556e-01 1.880303393369335899e-02
3.174528981929791982e+01 1.396534302240832748e-01 1.755323213695582016e-02
3.616692868500850011e+01 9.643630801762670401e-02 1.656788866230055751e-02
4.120443498711833286e+01 7.277518213730083119e-02 1.597756516873956312e-02
4.694358974726586098e+01 4.832938219051041706e-02 1.545498417871462617e-02
