1.069642439726958605e+00 -3.330907661708133460e+00 nan
1.218627458003121777e+00 -1.188431315232903795e+00 nan
1.388363836590320144e+00 -1.476881998746696567e+00 nan
1.581741926207981042e+00 -6.423796791443849852e-01 8.826787773300759810e+00
1.802054659727066133e+00 -5.138396876481357012e-01 8.461304399529259612e+00
2.053053625776520175e+00 -6.270346172976866139e-01 6.074085294678856606e+00
2.339012952555230562e+00 -7.271397373799592945e-01 4.253989076261134983e+00
2.664802089693036891e+00 -1.036961582333395526e+00 nan
3.035968727524477995e+00 -1.196563943575803091e+00 nan
3.458833265763586962e+00 -9.790741018234065951e-01 6.641453372195577076e-01
3.940596440236666886e+00 -1.095407926479995631e+00 nan
4.489461940391565875e+00 5.465532390068007729e+00 7.887910511070177932e+00
5.114776105571953835e+00 1.204406437279160613e+01 9.243150631290315999e+00
5.827187078870319503e+00 1.798562470818693271e+01 9.234100906925377217e+00
6.638826128706195817e+00 8.837555109555433219e+00 5.445335191868787561e+00
7.563514225758552811e+00 1.095384514591491865e+01 4.977435990261669829e+00
8.616997392941321721e+00 9.437265878752665316e+00 3.844009337015564576e+00
9.817214836071872952e+00 5.114720651296625675e+00 2.411581858322790595e+00
1.118460442108735009e+01 4.617510647378011868e+00 1.914006032158595216e+00
1.274245069961824761e+01 3.298582983989690742e+00 1.380318031969244297e+00
1.451728140926205768e+01 3.311113111974310019e+00 1.152615677899281987e+00
1.653931920034971981e+01 1.717096314989730255e+00 7.505270746988003117e-01
1.884299628142029093e+01 1.670176661662166939e+00 6.219437751323930730e-01
2.146754074702852577e+01 1.683806677274948038e+00 5.261683066671853926e-01
2.445764457215044274e+01 8.599112162761690659e-01 3.609404426525054665e-01
2.786422464810916466e+01 6.410552274442455900e-01 2.852952763609334919e-01
3.174528981929791982e+01 2.353240767513717913e-01 2.057502118309993411e-01
3.616692868500850011e+01 4.321491503791348165e-01 1.953975761960891344e-01
4.120443498711833286e+01 2.023438301272755258e-01 1.526794963828411733e-01
4.694358974726586098e+01 1.891099108760525560e-01 1.349095521197787029e-01
