1.069642439726958605e+00 -1.361100924382967037e+00 nan
1.218627458003121777e+00 -6.091073902791417360e-01 3.084871000056691459e-01
1.388363836590320144e+00 -1.872711102177535558e-01 3.775797114065584936e-01
1.581741926207981042e+00 5.294461344186378593e-01 4.220230016416308128e-01
1.802054659727066133e+00 2.252955706039798223e+00 5.069738699745128807e-01
2.053053625776520175e+00 5.036909345521006109e+00 5.688084686460948003e-01
2.339012952555230562e+00 6.902870935071574898e+00 5.367207432950639179e-01
2.664802089693036891e+00 7.966058651429815285e+00 4.791563969198756601e-01
3.035968727524477995e+00 7.555733588626798891e+00 3.897688930231278381e-01
3.458833265763586962e+00 6.899712818648916723e+00 3.118620114806407995e-01
3.940596440236666886e+00 5.876008319708219574e+00 2.419640921224822383e-01
4.489461940391565875e+00 4.936505114376776859e+00 1.873831050922044050e-01
5.114776105571953835e+00 4.104535474292625885e+00 1.454093027608460986e-01
5.827187078870319503e+00 3.299339655834764962e+00 1.119828608073929893e-01
6.638826128706195817e+00 2.620266078130383924e+00 8.647519264243017090e-02
7.563514225758552811e+00 2.147178544935245625e+00 6.854342449951529581e-02
8.616997392941321721e+00 1.680893493654909587e+00 5.391435769689911089e-02
9.817214836071872952e+00 1.337443471008259888e+00 4.333744081865927716e-02
1.118460442108735009e+01 1.051800584301787467e+00 3.529172884794814363e-02
1.274245069961824761e+01 8.498344423783843471e-01 2.956262312825649885e-02
1.451728140926205768e+01 6.539791799208494183e-01 2.486942529766855356e-02
1.653931920034971981e+01 5.019610631757143171e-01 2.138924679188242486e-02
1.884299628142029093e+01 3.941323802039482516e-01 1.892466945852026156e-02
2.146754074702852577e+01 2.925132995974750738e-01 1.689722559946813321e-02
2.445764457215044274e+01 2.190376360540793321e-01 1.545321713849062868e-02
2.786422464810916466e+01 1.578876318427542280e-01 1.433303400366003205e-02
3.174528981929791982e+01 1.164272747276708930e-01 1.356905908663339627e-02
3.616692868500850011e+01 8.076318170548857367e-02 1.296118158209226719e-02
4.120443498711833286e+01 5.511369905889451637e-02 1.253071055392656306e-02
4.694358974726586098e+01 3.836562934364473598e-02 1.224595964131653704e-02
