1.069642439726958605e+00 -1.670009394628164223e+00 nan
1.218627458003121777e+00 -4.317726078497563513e-01 5.670997997072721120e+00
1.388363836590320144e+00 -8.244681412244463381e-01 2.674931738047793939e+00
1.581741926207981042e+00 -7.357638294228461273e-01 2.672498223460781031e+00
1.802054659727066133e+00 -1.204327575778013859e+00 nan
2.053053625776520175e+00 -1.340493523167291201e+00 nan
2.339012952555230562e+00 -1.161590707546027890e+00 nan
2.664802089693036891e+00 -9.871827248468865168e-01 2.696560031184935258e-01
3.035968727524477995e+00 2.133451549014995230e-01 2.165021403127587618e+00
3.458833265763586962e+00 4.204829647232529055e+00 3.696892988125706658e+00
3.940596440236666886e+00 3.833705961073804236e+00 2.928538003621123931e+00
4.489461940391565875e+00 1.017178164597372536e+01 3.680001635521370940e+00
5.114776105571953835e+00 1.418771199311585463e+01 3.559824226294389327e+00
5.827187078870319503e+00 1.361982395848102101e+01 2.895632548793895644e+00
6.638826128706195817e+00 8.258605084671350127e+00 1.890113829209692842e+00
7.563514225758552811e+00 6.341214360557747121e+00 1.391012407701412767e+00
8.616997392941321721e+00 5.204965281156239243e+00 1.059304918626561065e+00
9.817214836071872952e+00 4.071314281265610902e+00 7.929856161911813528e-01
1.118460442108735009e+01 2.940185216457487094e+00 5.785181404139266848e-01
1.274245069961824761e+01 2.403449372006677631e+00 4.476319792177581025e-01
1.451728140926205768e+01 2.101114936116311060e+00 3.586805414466641140e-01
1.653931920034971981e+01 1.520902058469386864e+00 2.700780884359537670e-01
1.884299628142029093e+01 1.146936001567868901e+00 2.095477542112907099e-01
2.146754074702852577e+01 7.560449779066249487e-01 1.593763294215242710e-01
2.445764457215044274e+01 5.279836504756290072e-01 1.265698488754298801e-01
2.786422464810916466e+01 4.723768723128713987e-01 1.084747218672144214e-01
3.174528981929791982e+01 3.988216310356968997e-01 9.336964922065206507e-02
3.616692868500850011e+01 2.699149740972526246e-01 7.872906087089168170e-02
4.120443498711833286e+01 1.963870011621680067e-01 6.912514036791454763e-02
4.694358974726586098e+01 8.556457593697519570e-02 5.957397308165945232e-02
