1.069642439726958605e+00 -1.377048423527398313e+00 nan
1.218627458003121777e+00 -8.423432679084073005e-01 4.898536647808858779e-01
1.388363836590320144e+00 -8.863233174928850655e-01 3.530081081691367473e-01
1.581741926207981042e+00 -7.417248118342012475e-01 4.333041676476339088e-01
1.802054659727066133e+00 -5.377860250201909054e-01 4.766172665669545783e-01
2.053053625776520175e+00 6.056378111996458813e-01 7.285467445272169051e-01
2.339012952555230562e+00 3.495501431059359287e+00 1.000755503842220007e+00
2.664802089693036891e+00 5.050583054991738763e+00 9.671678531642187160e-01
3.035968727524477995e+00 7.847110815246274740e+00 9.720487246971707407e-01
3.458833265763586962e+00 8.620683972609992196e+00 8.412926032860836845e-01
3.940596440236666886e+00 8.333738510491265572e+00 6.871766837431952935e-01
4.489461940391565875e+00 6.946279818135117523e+00 5.247936665475293472e-01
5.114776105571953835e+00 5.910080592211516048e+00 4.066213631959606500e-01
5.827187078870319503e+00 5.017058149225817054e+00 3.164498175087547271e-01
6.638826128706195817e+00 3.783436225320999213e+00 2.343058533116538777e-01
7.563514225758552811e+00 3.350024411358510701e+00 1.882682096888059209e-01
8.616997392941321721e+00 2.634858992846648817e+00 1.445113045932854556e-01
9.817214836071872952e+00 1.999052335272601066e+00 1.104135845890480139e-01
1.118460442108735009e+01 1.673153237715638841e+00 8.906361041409192880e-02
1.274245069961824761e+01 1.276539435822283242e+00 7.016269423463845911e-02
1.451728140926205768e+01 9.592277305322867154e-01 5.606885518988291572e-02
1.653931920034971981e+01 7.973618703974842958e-01 4.729635695477425739e-02
1.884299628142029093e+01 6.229786431713439931e-01 3.984790158549375572e-02
2.146754074702852577e+01 4.692209560679603264e-01 3.400664422410762389e-02
2.445764457215044274e+01 3.189891785326592899e-01 2.910077857173101398e-02
2.786422464810916466e+01 2.515721331958060691e-01 2.636441580076706939e-02
3.174528981929791982e+01 1.766397096048393234e-01 2.393459124424174300e-02
3.616692868500850011e+01 1.304650715609796396e-01 2.235531005405235611e-02
4.120443498711833286e+01 8.564666325291625526e-02 2.102534628624229754e-02
4.694358974726586098e+01 6.448197125406207597e-02 2.028869263554481522e-02
