1.069642439726958605e+00 -1.384137822992355993e+00 nan
1.218627458003121777e+00 -1.165161156437046763e+00 nan
1.388363836590320144e+00 -7.311181891341520522e-01 3.337599298267928116e-01
1.581741926207981042e+00 -8.305204507480592468e-01 2.157718639960538587e-01
1.802054659727066133e+00 8.314736975182868139e-01 5.837218912042270169e-01
2.053053625776520175e+00 1.962188522248660139e+00 6.093026451587346681e-01
2.339012952555230562e+00 4.699937728706898632e+00 6.952171766223120830e-01
2.664802089693036891e+00 6.867928849947844583e+00 6.829483078921395611e-01
3.035968727524477995e+00 7.760441257702195728e+00 5.996600080405118938e-01
3.458833265763586962e+00 8.234728355781001596e+00 5.129175479308447638e-01
3.940596440236666886e+00 7.225015703014679325e+00 4.018535164730241416e-01
4.489461940391565875e+00 6.047463474110593040e+00 3.089660933635520190e-01
5.114776105571953835e+00 4.901600776161753714e+00 2.353386581488561002e-01
5.827187078870319503e+00 4.122747991932318001e+00 1.836545486875167943e-01
6.638826128706195817e+00 3.204489729638487994e+00 1.390542374145905813e-01
7.563514225758552811e+00 2.533797597073250696e+00 1.072869452743116098e-01
8.616997392941321721e+00 2.073452078145219701e+00 8.489450339902708531e-02
9.817214836071872952e+00 1.605140133993681495e+00 6.642947067714959075e-02
1.118460442108735009e+01 1.300265587433747205e+00 5.378231039976065497e-02
1.274245069961824761e+01 1.027180349211797683e+00 4.381975617614432272e-02
1.451728140926205768e+01 7.802459216885004878e-01 3.594244535789298950e-02
1.653931920034971981e+01 6.086769942002350220e-01 3.040550197715549685e-02
1.884299628142029093e+01 4.640935009532372035e-01 2.612998273534823321e-02
2.146754074702852577e+01 3.488115256015726917e-01 2.292894846422482286e-02
2.445764457215044274e+01 2.563841772027117827e-01 2.051377294385785949e-02
2.786422464810916466e+01 1.955849159272724513e-01 1.888102993786329106e-02
3.174528981929791982e+01 1.359776695765735344e-01 1.749644700097547148e-02
3.616692868500850011e+01 9.196230477897704425e-02 1.649997667541174690e-02
4.120443498711833286e+01 7.147362269797508105e-02 1.595558576814556234e-02
4.694358974726586098e+01 4.978699984202372697e-02 1.547289957442729222e-02
