1.069642439726958605e+00 -1.270324841507882052e+00 nan
1.218627458003121777e+00 -7.593317289407219839e-01 3.754965751587056588e-01
1.388363836590320144e+00 -1.090381714736508467e+00 nan
1.581741926207981042e+00 -7.699416163039201066e-01 2.537215017333351863e-01
1.802054659727066133e+00 4.049701883161977989e-01 5.158523547744354731e-01
2.053053625776520175e+00 3.157082968623599051e+00 7.291694298205123603e-01
2.339012952555230562e+00 4.656893852831805347e+00 6.989025808026905207e-01
2.664802089693036891e+00 6.366160657149160684e+00 6.662516785410742548e-01
3.035968727524477995e+00 8.792873624913603692e+00 6.413876800476223661e-01
3.458833265763586962e+00 7.781762900806970862e+00 5.038194791845200804e-01
3.940596440236666886e+00 7.275427916094793446e+00 4.067514557272897124e-01
4.489461940391565875e+00 6.016876559994392082e+00 3.109164665759144297e-01
5.114776105571953835e+00 4.862145166735338364e+00 2.364734326657286223e-01
5.827187078870319503e+00 4.121688485191293161e+00 1.851917034794894057e-01
6.638826128706195817e+00 3.151465957673289076e+00 1.391645477534780850e-01
7.563514225758552811e+00 2.593466642403614575e+00 1.092810873936858329e-01
8.616997392941321721e+00 2.105866601325898202e+00 8.614435836658092260e-02
9.817214836071872952e+00 1.603900345109629866e+00 6.692418485027092079e-02
1.118460442108735009e+01 1.318335551620304802e+00 5.447767367778853093e-02
1.274245069961824761e+01 9.805409282404382587e-01 4.340203099601840780e-02
1.451728140926205768e+01 7.973117497531763131e-01 3.645106132004302668e-02
1.653931920034971981e+01 6.266873094000506850e-01 3.087498519325210244e-02
1.884299628142029093e+01 4.628939043537030340e-01 2.627494530008947504e-02
2.146754074702852577e+01 3.514057474455345442e-01 2.310271066276268354e-02
2.445764457215044274e+01 2.721237471824646814e-01 2.085889528852837363e-02
2.786422464810916466e+01 2.072152141052754359e-01 1.915174162433102428e-02
3.174528981929791982e+01 1.438135177108148532e-01 1.770090004150039545e-02
3.616692868500850011e+01 1.084696518310117597e-01 1.682206219970739172e-02
4.120443498711833286e+01 7.291529946042629717e-02 1.605481311719151802e-02
4.694358974726586098e+01 4.696660153053722198e-02 1.550670936770834341e-02
