1.069642439726958605e+00 -1.259352486000661742e+00 nan
1.218627458003121777e+00 -6.395341988186933335e-01 2.972768847294647854e-01
1.388363836590320144e+00 -4.267446680832092110e-01 3.181956195842620128e-01
1.581741926207981042e+00 5.120801002431825122e-01 4.210904289714896831e-01
1.802054659727066133e+00 1.700912928408643499e+00 4.633597788088043012e-01
2.053053625776520175e+00 4.761371760527575603e+00 5.574228337144949696e-01
2.339012952555230562e+00 6.719979473266083581e+00 5.321327722538355953e-01
2.664802089693036891e+00 7.663807170223532417e+00 4.722533205808397971e-01
3.035968727524477995e+00 8.126499196328325070e+00 4.048009970302186011e-01
3.458833265763586962e+00 7.192654315636699991e+00 3.191692396689321254e-01
3.940596440236666886e+00 6.184268066531817709e+00 2.487536891454524279e-01
4.489461940391565875e+00 5.056620541459725615e+00 1.901488189336566770e-01
5.114776105571953835e+00 4.243912710147787593e+00 1.481902898579893491e-01
5.827187078870319503e+00 3.236376685874887915e+00 1.113500498824805951e-01
6.638826128706195817e+00 2.620517129509709608e+00 8.674709443616164528e-02
7.563514225758552811e+00 2.139078450490127903e+00 6.863664005426733938e-02
8.616997392941321721e+00 1.672348594573549008e+00 5.395750284675227687e-02
9.817214836071872952e+00 1.331044143025688076e+00 4.337717553410340432e-02
1.118460442108735009e+01 1.027885230189601984e+00 3.508736545627248737e-02
1.274245069961824761e+01 8.459058570414326184e-01 2.959108289896157651e-02
1.451728140926205768e+01 6.580089150497285821e-01 2.497924903181657219e-02
1.653931920034971981e+01 4.860024638623339222e-01 2.124991323313196387e-02
1.884299628142029093e+01 3.775238674105581005e-01 1.877130258698089804e-02
2.146754074702852577e+01 2.909310269870859500e-01 1.691466796949880891e-02
2.445764457215044274e+01 2.195826039504862326e-01 1.549111688411166157e-02
2.786422464810916466e+01 1.730647238935276722e-01 1.453812608291103585e-02
3.174528981929791982e+01 1.260138398901462509e-01 1.370660019712663900e-02
3.616692868500850011e+01 8.964541324394570410e-02 1.308874261291780722e-02
4.120443498711833286e+01 6.401534687999466122e-02 1.265725817222222889e-02
4.694358974726586098e+01 4.006608223053409468e-02 1.228791969877727347e-02
