1.069642439726958605e+00 -1.209493318485523439e+00 nan
1.218627458003121777e+00 -5.949557877813502760e-01 1.386962573993991121e+01
1.388363836590320144e+00 -1.487523158869845652e-01 1.706406466417388046e+01
1.581741926207981042e+00 -2.046874999999999556e+00 nan
1.802054659727066133e+00 -9.565276624455054666e-01 2.581642851353707524e+00
2.053053625776520175e+00 -1.974389032213080153e+00 nan
2.339012952555230562e+00 -7.158897017576664190e-01 4.429102494976861593e+00
2.664802089693036891e+00 -1.270239073680138997e+00 nan
3.035968727524477995e+00 -1.023640386471310837e+00 nan
3.458833265763586962e+00 -9.161460345288681140e-01 1.356539580422517766e+00
3.940596440236666886e+00 3.886608474944560854e+00 8.514124768722568959e+00
4.489461940391565875e+00 5.682317232780014216e+00 8.182391981862938479e+00
5.114776105571953835e+00 8.030727076019518407e+00 7.832641957531630617e+00
5.827187078870319503e+00 2.011360563890632847e+01 9.946956222344352838e+00
6.638826128706195817e+00 1.653510338628935017e+01 7.470463003615241959e+00
7.563514225758552811e+00 7.287341028755198735e+00 4.205819340927654970e+00
8.616997392941321721e+00 8.390292551348046857e+00 3.710815339926091028e+00
9.817214836071872952e+00 6.023848500233084380e+00 2.643437741059900592e+00
1.118460442108735009e+01 4.322787946554376148e+00 1.897609140012094020e+00
1.274245069961824761e+01 4.681919410274494098e+00 1.632712592102289140e+00
1.451728140926205768e+01 2.475704669168554695e+00 1.046901594270427172e+00
1.653931920034971981e+01 2.335080898964832841e+00 8.549817514977253730e-01
1.884299628142029093e+01 1.107680355160394203e+00 5.569005778177469335e-01
2.146754074702852577e+01 1.455135681156010552e+00 5.094438747074040430e-01
2.445764457215044274e+01 7.565912657350950532e-01 3.558394678067104411e-01
2.786422464810916466e+01 3.487989605916295144e-01 2.589071930929046639e-01
3.174528981929791982e+01 6.253705361820647290e-01 2.480306763085973476e-01
3.616692868500850011e+01 1.725315533297544501e-01 1.747235518928322295e-01
4.120443498711833286e+01 1.928992478155071577e-01 1.543945111004090820e-01
4.694358974726586098e+01 1.023426288927093974e-01 1.297608168926167316e-01
