1.069642439726958605e+00 -3.162938918637159258e-01 8.071019513219868102e+00
1.218627458003121777e+00 2.266538961483210990e-02 7.501332892717295309e+00
1.388363836590320144e+00 -8.771101672366046209e-01 2.206793510153064464e+00
1.581741926207981042e+00 -1.230053191489361541e+00 nan
1.802054659727066133e+00 -8.228790763210085402e-01 1.773698002878316693e+00
2.053053625776520175e+00 -9.309244979037909484e-01 9.078276155516955548e-01
2.339012952555230562e+00 -1.304955919094829664e+00 nan
2.664802089693036891e+00 -8.069388611610577300e-01 1.031914264823096561e+00
3.035968727524477995e+00 3.028816938028724426e-01 2.212098893822906032e+00
3.458833265763586962e+00 3.310424037693591615e+00 3.316053511042357904e+00
3.940596440236666886e+00 4.720109525866127420e+00 3.142865107815452141e+00
4.489461940391565875e+00 8.357438198076890146e+00 3.316003435212435235e+00
5.114776105571953835e+00 1.210260029146191485e+01 3.252465532999262887e+00
5.827187078870319503e+00 1.303795655095391481e+01 2.795736284135068139e+00
6.638826128706195817e+00 1.134985424624709438e+01 2.171008003419680588e+00
7.563514225758552811e+00 7.045437266065714965e+00 1.440366696440588568e+00
8.616997392941321721e+00 5.428235341327579455e+00 1.064980988220235902e+00
9.817214836071872952e+00 4.422815398738578985e+00 8.113796272183596558e-01
1.118460442108735009e+01 3.292275183315786169e+00 5.983174469019955088e-01
1.274245069961824761e+01 2.620579354630588220e+00 4.573478095067651239e-01
1.451728140926205768e+01 2.209788048559922835e+00 3.611687920273584096e-01
1.653931920034971981e+01 1.820802645925059249e+00 2.850682861806197455e-01
1.884299628142029093e+01 1.381254096265701392e+00 2.205057408452641143e-01
2.146754074702852577e+01 1.048516011161731543e+00 1.735589966650784022e-01
2.445764457215044274e+01 7.760507179879767570e-01 1.381023371350682261e-01
2.786422464810916466e+01 5.122497708515951764e-01 1.092447989552807197e-01
3.174528981929791982e+01 3.951680310660006246e-01 9.218558046057985511e-02
3.616692868500850011e+01 2.400611096431242153e-01 7.651001974741442058e-02
4.120443498711833286e+01 2.105521737200375387e-01 6.910975117231693554e-02
4.694358974726586098e+01 1.230130894511840545e-01 6.073823511794848584e-02
