1.069642439726958605e+00 -8.975348735632915353e-01 3.184564177320946543e-01
1.218627458003121777e+00 -9.149022881389561324e-01 2.205443379900914325e-01
1.388363836590320144e+00 -7.265827807036615571e-01 3.355149583185373929e-01
1.581741926207981042e+00 -5.474197609230593287e-01 3.515405567111436480e-01
1.802054659727066133e+00 3.913830029062930205e-01 5.070706468476861017e-01
2.053053625776520175e+00 2.781219856018835923e+00 6.867293683724243758e-01
2.339012952555230562e+00 5.068846039619209876e+00 7.154661423692211253e-01
2.664802089693036891e+00 7.229399514698340745e+00 6.967552282573655775e-01
3.035968727524477995e+00 7.997405022434930899e+00 6.062279734039436319e-01
3.458833265763586962e+00 8.387468336437201799e+00 5.158720287645888192e-01
3.940596440236666886e+00 6.860145090909758991e+00 3.909114149450771958e-01
4.489461940391565875e+00 6.025760103767959563e+00 3.075295068414385380e-01
5.114776105571953835e+00 4.966012997796014794e+00 2.360984638413841652e-01
5.827187078870319503e+00 4.141611299128665102e+00 1.835199423770777216e-01
6.638826128706195817e+00 3.210974588293534104e+00 1.387892649503718046e-01
7.563514225758552811e+00 2.576806765273901956e+00 1.077868652957317958e-01
8.616997392941321721e+00 2.044318212542220792e+00 8.415491813226982920e-02
9.817214836071872952e+00 1.617384587201648793e+00 6.646082066347645811e-02
1.118460442108735009e+01 1.285924909913767955e+00 5.341567105217594202e-02
1.274245069961824761e+01 1.028200227624812557e+00 4.372937682521891439e-02
1.451728140926205768e+01 8.002162187682309025e-01 3.616229823764950668e-02
1.653931920034971981e+01 6.247794227951901647e-01 3.057818211997743313e-02
1.884299628142029093e+01 4.819312857894402224e-01 2.633725936602233225e-02
2.146754074702852577e+01 3.720797933035302485e-01 2.322205888501700094e-02
2.445764457215044274e+01 2.912897471915796288e-01 2.098020677150254712e-02
2.786422464810916466e+01 2.176233154174447293e-01 1.916468566311054986e-02
3.174528981929791982e+01 1.554141825642292307e-01 1.774568701706453339e-02
3.616692868500850011e+01 1.115477797228168200e-01 1.675367916563857626e-02
4.120443498711833286e+01 8.097347237708985013e-02 1.606568912377272923e-02
4.694358974726586098e+01 5.081195185230513722e-02 1.546239974493448383e-02
