1.069642439726958605e+00 -9.843817346991101669e-01 2.043180123391186154e-01
1.218627458003121777e+00 -4.915728414873032914e-01 8.859341538454892362e-01
1.388363836590320144e+00 -9.782688521414963922e-01 1.554334360407106097e-01
1.581741926207981042e+00 -7.200528935905412542e-01 4.543094559167987767e-01
1.802054659727066133e+00 -1.049320048433525443e+00 nan
2.053053625776520175e+00 3.311622146725896609e-01 6.679539937895093704e-01
2.339012952555230562e+00 2.402002115400552196e+00 8.759898867543933765e-01
2.664802089693036891e+00 5.244024706790333390e+00 9.896158257690899074e-01
3.035968727524477995e+00 7.056120543493088704e+00 9.328868502111112848e-01
3.458833265763586962e+00 8.445403147966429103e+00 8.390235182233188871e-01
3.940596440236666886e+00 7.664253574747098341e+00 6.651312800163013961e-01
4.489461940391565875e+00 7.420961358940749264e+00 5.451594006544905335e-01
5.114776105571953835e+00 6.145875759170053243e+00 4.169688918767717190e-01
5.827187078870319503e+00 5.151543465282562906e+00 3.225270567899156116e-01
6.638826128706195817e+00 3.921566262972858041e+00 2.397091178069440665e-01
7.563514225758552811e+00 3.068928618174413980e+00 1.821931525882345138e-01
8.616997392941321721e+00 2.468552124659944447e+00 1.413676290009342196e-01
9.817214836071872952e+00 1.938858772475755332e+00 1.097033629648929420e-01
1.118460442108735009e+01 1.552389530730529765e+00 8.695095699808394474e-02
1.274245069961824761e+01 1.253151023519928131e+00 7.007981656012991778e-02
1.451728140926205768e+01 9.544959927041527514e-01 5.628769325150876496e-02
1.653931920034971981e+01 7.315865696544285868e-01 4.625517222365702757e-02
1.884299628142029093e+01 5.791582213163475323e-01 3.920805136177660244e-02
2.146754074702852577e+01 4.052618589221888001e-01 3.295973967198191634e-02
2.445764457215044274e+01 3.158345387427237139e-01 2.917611519956833654e-02
2.786422464810916466e+01 2.177346017703616354e-01 2.585042485437974435e-02
3.174528981929791982e+01 1.565939783945689001e-01 2.366349969332098152e-02
3.616692868500850011e+01 1.071048815725366143e-01 2.201356237826570389e-02
4.120443498711833286e+01 7.928469774219726318e-02 2.098973620085473404e-02
4.694358974726586098e+01 4.387075355783132125e-02 1.998549232637773093e-02
