1.069642439726958605e+00 -1.824922964273728354e+00 nan
1.218627458003121777e+00 -3.050962427872967453e-01 1.858159402237850699e+01
1.388363836590320144e+00 -1.114963167879599037e+00 nan
1.581741926207981042e+00 -2.428082191780821741e+00 nan
1.802054659727066133e+00 -1.001197243779877954e+00 nan
2.053053625776520175e+00 -6.272753843009228891e-01 6.337131731593034445e+00
2.339012952555230562e+00 -7.076310693537977148e-01 4.595621456280887251e+00
2.664802089693036891e+00 -8.969030834942677277e-01 2.266009172763837842e+00
3.035968727524477995e+00 -1.047585853802758038e+00 nan
3.458833265763586962e+00 -1.125730816809265011e+00 nan
3.940596440236666886e+00 -8.511822521162009103e-01 1.518296094101533988e+00
4.489461940391565875e+00 1.291180688099701257e+01 1.210056395629861470e+01
5.114776105571953835e+00 8.382683213393315569e+00 8.166649214529551060e+00
5.827187078870319503e+00 2.283813749294478157e+01 1.082568367143471022e+01
6.638826128706195817e+00 1.832429954509029812e+01 8.031603635014608500e+00
7.563514225758552811e+00 1.208605140238411479e+01 5.439583216054533210e+00
8.616997392941321721e+00 1.028057935473791318e+01 4.173891565347897625e+00
9.817214836071872952e+00 8.643421835947000531e+00 3.190838375704340368e+00
1.118460442108735009e+01 2.859011479800672717e+00 1.641344886110251311e+00
1.274245069961824761e+01 2.946710042190113565e+00 1.375637008637746295e+00
1.451728140926205768e+01 3.111161468463628843e+00 1.170550328301894538e+00
1.653931920034971981e+01 2.483443118867251442e+00 8.946025529119339126e-01
1.884299628142029093e+01 1.761244117001456111e+00 6.597388390783847090e-01
2.146754074702852577e+01 1.700070316339216792e+00 5.492858598033792950e-01
2.445764457215044274e+01 1.058738249080547922e+00 3.981724412075326458e-01
2.786422464810916466e+01 8.951630902044291904e-01 3.232426848520727480e-01
3.174528981929791982e+01 6.679568887479414574e-01 2.571047797926361289e-01
3.616692868500850011e+01 3.677807211320804903e-01 1.966211015729263101e-01
4.120443498711833286e+01 2.073681964645239795e-01 1.585793075046567080e-01
4.694358974726586098e+01 1.744583816784202046e-01 1.382162559849617889e-01
