1.069642439726958605e+00 -1.330907165664430014e+00 nan
1.218627458003121777e+00 -7.060939375636734461e-01 2.679945762285027566e-01
1.388363836590320144e+00 -9.037631011829116989e-01 1.301404135290380737e-01
1.581741926207981042e+00 5.028069865748876488e-01 4.191200148744055887e-01
1.802054659727066133e+00 2.110132100953589607e+00 4.965991827889031929e-01
2.053053625776520175e+00 4.553911698590974666e+00 5.462779838672150445e-01
2.339012952555230562e+00 6.358482803272186956e+00 5.183540098535690532e-01
2.664802089693036891e+00 7.834929637246818679e+00 4.763587166307944876e-01
3.035968727524477995e+00 7.917384082479950180e+00 3.991994549702445605e-01
3.458833265763586962e+00 6.808628673236811757e+00 3.104684487657635716e-01
3.940596440236666886e+00 6.163447990261284204e+00 2.479751938591318317e-01
4.489461940391565875e+00 5.063332963132899600e+00 1.899834614004686784e-01
5.114776105571953835e+00 3.920920049015300890e+00 1.425918467069328122e-01
5.827187078870319503e+00 3.305927868547620108e+00 1.122776530502628961e-01
6.638826128706195817e+00 2.560173297535819792e+00 8.572998014029364899e-02
7.563514225758552811e+00 2.072107880661749668e+00 6.760153044653047227e-02
8.616997392941321721e+00 1.726195031221997356e+00 5.460705899594385515e-02
9.817214836071872952e+00 1.341890301441355460e+00 4.346114933119157170e-02
1.118460442108735009e+01 1.062095932572592716e+00 3.547255072418965816e-02
1.274245069961824761e+01 8.348875330675420425e-01 2.942128788966502997e-02
1.451728140926205768e+01 6.743140755030176958e-01 2.514682135920795827e-02
1.653931920034971981e+01 5.143858974798534156e-01 2.156380172411991383e-02
1.884299628142029093e+01 3.949188378920545084e-01 1.895674479090547412e-02
2.146754074702852577e+01 3.075911011989727051e-01 1.709312813747285859e-02
2.445764457215044274e+01 2.232970547053960697e-01 1.551996555709598581e-02
2.786422464810916466e+01 1.701385498556902132e-01 1.449095529150531969e-02
3.174528981929791982e+01 1.203863007317673706e-01 1.362914212399653560e-02
3.616692868500850011e+01 8.652665815823690210e-02 1.304128722844188903e-02
4.120443498711833286e+01 6.067286983084296814e-02 1.260776824861202863e-02
4.694358974726586098e+01 3.747771655270337732e-02 1.224763996566598408e-02
