1.069642439726958605e+00 -2.375635464011564224e+00 nan
1.218627458003121777e+00 -1.057702475418553334e+00 nan
1.388363836590320144e+00 -7.940500971050086232e-01 2.849138469410921637e+00
1.581741926207981042e+00 -1.379210171775008487e+00 nan
1.802054659727066133e+00 -7.480454909016589493e-01 2.109773301019032488e+00
2.053053625776520175e+00 -1.066628061389623738e+00 nan
2.339012952555230562e+00 -1.094062401358541159e+00 nan
2.664802089693036891e+00 -7.260791408728850538e-01 1.225867009196269120e+00
3.035968727524477995e+00 4.639238234780309611e-01 2.338614980532104592e+00
3.458833265763586962e+00 5.706369550551304570e+00 4.129042647807907862e+00
3.940596440236666886e+00 4.579929144002363728e+00 3.095523763827900954e+00
4.489461940391565875e+00 8.570896383026873622e+00 3.345264806702652027e+00
5.114776105571953835e+00 1.252009783697044476e+01 3.296850796650636184e+00
5.827187078870319503e+00 8.948202846857585158e+00 2.329753217192607195e+00
6.638826128706195817e+00 9.149296549861453798e+00 1.951445993705644755e+00
7.563514225758552811e+00 6.795501985132981204e+00 1.412724617255055604e+00
8.616997392941321721e+00 5.806072896823867069e+00 1.095363552252628825e+00
9.817214836071872952e+00 4.217201808968303212e+00 7.924344818143554958e-01
1.118460442108735009e+01 3.081380516714179674e+00 5.804469252779973498e-01
1.274245069961824761e+01 2.336275761085430780e+00 4.357222575407733722e-01
1.451728140926205768e+01 1.762891801509677725e+00 3.304998868744784546e-01
1.653931920034971981e+01 1.340666687532847234e+00 2.546245680497066233e-01
1.884299628142029093e+01 1.117373932327875297e+00 2.046954957311416523e-01
2.146754074702852577e+01 8.806697815316510969e-01 1.639781223365549545e-01
2.445764457215044274e+01 5.409224508163588130e-01 1.254629893315091782e-01
2.786422464810916466e+01 4.990339164279764539e-01 1.083455898337468970e-01
3.174528981929791982e+01 3.519125868134236335e-01 8.990261855807310520e-02
3.616692868500850011e+01 2.270388597167543043e-01 7.574385146249827672e-02
4.120443498711833286e+01 1.604471148899115907e-01 6.666316094789197233e-02
4.694358974726586098e+01 1.078382863102709255e-01 5.993745327975877335e-02
