1.069642439726958605e+00 -1.264146149103855254e+00 nan
1.218627458003121777e+00 -4.758437341104393425e-01 3.572676640396302838e-01
1.388363836590320144e+00 -3.718457431503647825e-01 3.319534399424788895e-01
1.581741926207981042e+00 6.277422114997710523e-01 4.354372074188468944e-01
1.802054659727066133e+00 3.075844030916166538e+00 5.679351902502588478e-01
2.053053625776520175e+00 4.372129499863945945e+00 5.361760087854764434e-01
2.339012952555230562e+00 6.809559255088418972e+00 5.334979112169080384e-01
2.664802089693036891e+00 7.689648616525779801e+00 4.714108526014041400e-01
3.035968727524477995e+00 7.898122053360947525e+00 3.980421604882224962e-01
3.458833265763586962e+00 7.043774543553137590e+00 3.149678957081925579e-01
3.940596440236666886e+00 6.315300599151857597e+00 2.504611698844496082e-01
4.489461940391565875e+00 5.302279365858129978e+00 1.938887426509636192e-01
5.114776105571953835e+00 3.982263691931733796e+00 1.433829770634482692e-01
5.827187078870319503e+00 3.278910921124716715e+00 1.116727927424684408e-01
6.638826128706195817e+00 2.614584938555152061e+00 8.639814502858050860e-02
7.563514225758552811e+00 2.055944113103287840e+00 6.726904450337595209e-02
8.616997392941321721e+00 1.694528885276297636e+00 5.410113084160605990e-02
9.817214836071872952e+00 1.292321229440378971e+00 4.275747238676264050e-02
1.118460442108735009e+01 1.058206163762301699e+00 3.537435649122194770e-02
1.274245069961824761e+01 8.051681949671909422e-01 2.901879229056110454e-02
1.451728140926205768e+01 6.343911020223396147e-01 2.463585100111967754e-02
1.653931920034971981e+01 4.968426898496987043e-01 2.132985670843799350e-02
1.884299628142029093e+01 3.795605733161468986e-01 1.875447446043516236e-02
2.146754074702852577e+01 3.047634686628464262e-01 1.704136812749190363e-02
2.445764457215044274e+01 2.203371250494323697e-01 1.546916913277179839e-02
2.786422464810916466e+01 1.624297287619222985e-01 1.438659854319027098e-02
3.174528981929791982e+01 1.197995799088731328e-01 1.360891647935605700e-02
3.616692868500850011e+01 8.446106101555872492e-02 1.300475641748627918e-02
4.120443498711833286e+01 5.868923420727800710e-02 1.257282210675916487e-02
4.694358974726586098e+01 3.775002706290253585e-02 1.223937870280354667e-02
