1.069642439726958605e+00 -6.714912762925839829e-01 5.525503084322203051e+00
1.218627458003121777e+00 -9.305455512678333374e-01 1.930724930367210934e+00
1.388363836590320144e+00 -6.222007353366039162e-01 3.821584657243543681e+00
1.581741926207981042e+00 -1.458639092728486020e+00 nan
1.802054659727066133e+00 -9.042500896383347531e-01 1.288007141339712724e+00
2.053053625776520175e+00 -8.605793905833563073e-01 1.273836936185513968e+00
2.339012952555230562e+00 -1.245324107869469898e+00 nan
2.664802089693036891e+00 -1.171668432600396326e+00 nan
3.035968727524477995e+00 1.718596203630691210e-01 2.071965568468434604e+00
3.458833265763586962e+00 2.071557334286724394e+00 2.763376192644388496e+00
3.940596440236666886e+00 4.507532934627106691e+00 3.045592652455022975e+00
4.489461940391565875e+00 7.813575103002881050e+00 3.177286699603939280e+00
5.114776105571953835e+00 1.070462855990109929e+01 3.031348392253807145e+00
5.827187078870319503e+00 1.003691149567095664e+01 2.435565690269537953e+00
6.638826128706195817e+00 9.741647064787457566e+00 1.991893916274964260e+00
7.563514225758552811e+00 5.849115620942376026e+00 1.306827330004318055e+00
8.616997392941321721e+00 6.303122735246269315e+00 1.127334543330912098e+00
9.817214836071872952e+00 5.123947050004523440e+00 8.571053809713754523e-01
1.118460442108735009e+01 3.800380080471176036e+00 6.292290016469226366e-01
1.274245069961824761e+01 3.029017276375457701e+00 4.803192627879216414e-01
1.451728140926205768e+01 1.887257515983689959e+00 3.358901798733364696e-01
1.653931920034971981e+01 1.702310838527804737e+00 2.747506322189768313e-01
1.884299628142029093e+01 1.318573363665304754e+00 2.145390113469815840e-01
2.146754074702852577e+01 7.771838980835930055e-01 1.568969230027971173e-01
2.445764457215044274e+01 6.835715553878711770e-01 1.319010852332097583e-01
2.786422464810916466e+01 4.158125370177438995e-01 1.033386713673550839e-01
3.174528981929791982e+01 3.312805899495985251e-01 8.823696198706756921e-02
3.616692868500850011e+01 1.859419180818391304e-01 7.327242297290938178e-02
4.120443498711833286e+01 1.405586250215631328e-01 6.529887631535448433e-02
4.694358974726586098e+01 8.522615937060251667e-02 5.852845348861280411e-02
