1.069642439726958605e+00 -1.829229249280243330e+00 nan
1.218627458003121777e+00 1.968571092463344829e-02 2.254324143493771260e+01
1.388363836590320144e+00 -4.121247980659519250e-01 1.452660411038345600e+01
1.581741926207981042e+00 -1.340891768292682862e+00 nan
1.802054659727066133e+00 -2.059115138457799254e+00 nan
2.053053625776520175e+00 -1.125768678722904870e+00 nan
2.339012952555230562e+00 -1.280312220661473877e+00 nan
2.664802089693036891e+00 -6.705091363183985909e-01 4.057216733761095817e+00
3.035968727524477995e+00 -1.273610127365091937e+00 nan
3.458833265763586962e+00 -1.098773086225052875e+00 nan
3.940596440236666886e+00 -1.088301407349491878e+00 nan
4.489461940391565875e+00 2.485795843064810384e+00 6.048006860828256670e+00
5.114776105571953835e+00 3.734958179661922895e+00 5.798726794976366783e+00
5.827187078870319503e+00 1.031223272303471283e+01 7.410637389715851953e+00
6.638826128706195817e+00 1.513722819302706313e+01 7.329103397878024673e+00
7.563514225758552811e+00 8.532060864202664519e+00 4.627216862822873367e+00
8.616997392941321721e+00 4.396089600387391272e+00 2.857411440130406710e+00
9.817214836071872952e+00 9.648935415910262492e+00 3.367745676977510261e+00
1.118460442108735009e+01 4.420857003874626656e+00 1.961461831982969306e+00
1.274245069961824761e+01 2.828287402160134967e+00 1.355836558698733096e+00
1.451728140926205768e+01 3.330640155278527637e+00 1.205558772199928352e+00
1.653931920034971981e+01 2.348545436877101267e+00 8.768160200527920223e-01
1.884299628142029093e+01 1.429460377385476821e+00 6.157496179556477545e-01
2.146754074702852577e+01 9.617710634111971135e-01 4.593507563485975109e-01
2.445764457215044274e+01 7.910905919933415298e-01 3.679587245261402018e-01
2.786422464810916466e+01 9.022292815534551647e-01 3.244131849070064355e-01
3.174528981929791982e+01 4.611133504711264486e-01 2.371005758695908794e-01
3.616692868500850011e+01 1.566654797613826755e-01 1.768865648973950155e-01
4.120443498711833286e+01 2.541601085251627978e-01 1.629277856787174628e-01
4.694358974726586098e+01 2.259673708396747749e-02 1.254042960392393324e-01
