1.069642439726958605e+00 -1.003534263335981169e+00 nan
1.218627458003121777e+00 -6.256932581774099500e-01 3.060358901916699348e-01
1.388363836590320144e+00 -3.878052245203584825e-01 3.321992313024190735e-01
1.581741926207981042e+00 4.738540344497750301e-01 4.199814560847808242e-01
1.802054659727066133e+00 2.550136924290526075e+00 5.370492076203372545e-01
2.053053625776520175e+00 4.983867265496795262e+00 5.740227444338540375e-01
2.339012952555230562e+00 6.873076394967017499e+00 5.429639826137164782e-01
2.664802089693036891e+00 7.693697564776591946e+00 4.778422941455056638e-01
3.035968727524477995e+00 7.525203999478653927e+00 3.942230790985121192e-01
3.458833265763586962e+00 7.068554303543049144e+00 3.196301714088776724e-01
3.940596440236666886e+00 6.246068776374017695e+00 2.523584137260085902e-01
4.489461940391565875e+00 5.089725062028835012e+00 1.925592557255040305e-01
5.114776105571953835e+00 4.137023508226998381e+00 1.477943983527282845e-01
5.827187078870319503e+00 3.355720526158518346e+00 1.142626484709246826e-01
6.638826128706195817e+00 2.662077190173489427e+00 8.815032398715016981e-02
7.563514225758552811e+00 2.128657840910622046e+00 6.909323254439571349e-02
8.616997392941321721e+00 1.702633658981658193e+00 5.482825289812454095e-02
9.817214836071872952e+00 1.333043210560774128e+00 4.376084825884051649e-02
1.118460442108735009e+01 1.095119576277670426e+00 3.621386760750289202e-02
1.274245069961824761e+01 8.209722199816489319e-01 2.950744296072322151e-02
1.451728140926205768e+01 6.486470014358267644e-01 2.504565706316688387e-02
1.653931920034971981e+01 4.999537759743608589e-01 2.156215887096559619e-02
1.884299628142029093e+01 3.919740398253528380e-01 1.906454420751240580e-02
2.146754074702852577e+01 2.818970640959157503e-01 1.691322001478413536e-02
2.445764457215044274e+01 2.199392505795283448e-01 1.558737222965468454e-02
2.786422464810916466e+01 1.593225312990491638e-01 1.446039303836583849e-02
3.174528981929791982e+01 1.088524153681662554e-01 1.358198269649677110e-02
3.616692868500850011e+01 7.860148814272682749e-02 1.303068984687675951e-02
4.120443498711833286e+01 5.466602527101360742e-02 1.261551168872971328e-02
4.694358974726586098e+01 3.826347511481098529e-02 1.233161125012632864e-02
