1.069642439726958605e+00 -1.312340472434754712e+00 nan
1.218627458003121777e+00 -1.114316888568155584e+00 nan
1.388363836590320144e+00 -1.083855386382841068e+00 nan
1.581741926207981042e+00 -5.943502336044299561e-01 3.345687238528384455e+00
1.802054659727066133e+00 -6.883717732264420519e-01 2.410920550252741990e+00
2.053053625776520175e+00 -1.051096409856189684e+00 nan
2.339012952555230562e+00 -9.251848632302008824e-01 7.927447056172174378e-01
2.664802089693036891e+00 -1.186286887730163553e+00 nan
3.035968727524477995e+00 3.401327550652997189e-01 2.299022105200465127e+00
3.458833265763586962e+00 1.690097651566974113e+00 2.682694956396470598e+00
3.940596440236666886e+00 7.403826972223011893e+00 3.909398518636806763e+00
4.489461940391565875e+00 9.108605286986755090e+00 3.533364964971018818e+00
5.114776105571953835e+00 9.952149858865752208e+00 3.037946318469001650e+00
5.827187078870319503e+00 7.527081057807361475e+00 2.209507837945079878e+00
6.638826128706195817e+00 8.763355078661668074e+00 1.963216092525989387e+00
7.563514225758552811e+00 6.423167198651109189e+00 1.413309977055953404e+00
8.616997392941321721e+00 6.048296319472372673e+00 1.145707115767375051e+00
9.817214836071872952e+00 4.871238705634791444e+00 8.673645954576791883e-01
1.118460442108735009e+01 3.261589530097525280e+00 6.099360017455819349e-01
1.274245069961824761e+01 2.852558816798525854e+00 4.846234706857608376e-01
1.451728140926205768e+01 2.034116531616417589e+00 3.575958297751982706e-01
1.653931920034971981e+01 1.626175798168897568e+00 2.792951938845441573e-01
1.884299628142029093e+01 1.173996392712211900e+00 2.131041664951092984e-01
2.146754074702852577e+01 9.583812315264235160e-01 1.722426863739589808e-01
2.445764457215044274e+01 6.501239415445434489e-01 1.342600770622511819e-01
2.786422464810916466e+01 5.469484053457460693e-01 1.131866098147901456e-01
3.174528981929791982e+01 3.201759561024242196e-01 9.024457845670015577e-02
3.616692868500850011e+01 2.291322258439689730e-01 7.737373597874407094e-02
4.120443498711833286e+01 2.139816627025863394e-01 7.044716632608791218e-02
4.694358974726586098e+01 1.284788475798550600e-01 6.197190245246724655e-02
