1.069642439726958605e+00 -2.038948340485632116e+00 nan
1.218627458003121777e+00 -1.303395812093169237e+00 nan
1.388363836590320144e+00 -9.749997175747580069e-01 1.005365475029172284e+00
1.581741926207981042e+00 -1.252494456762749397e+00 nan
1.802054659727066133e+00 -9.474473029970074123e-01 9.758611447269627259e-01
2.053053625776520175e+00 -1.354697613354602481e+00 nan
2.339012952555230562e+00 -7.540863235857488966e-01 1.416679444198911453e+00
2.664802089693036891e+00 -1.001037682007065666e+00 nan
3.035968727524477995e+00 -8.256219533593827098e-01 8.171736894877293933e-01
3.458833265763586962e+00 -2.944741171400360180e-01 1.353140824662900421e+00
3.940596440236666886e+00 7.183099139659106847e+00 3.802220763198720821e+00
4.489461940391565875e+00 7.242267318562285894e+00 3.140218881451922073e+00
5.114776105571953835e+00 1.093644878020073996e+01 3.130537367831548234e+00
5.827187078870319503e+00 1.246608857486766198e+01 2.762200337575365428e+00
6.638826128706195817e+00 8.626640260573857688e+00 1.921506655382171580e+00
7.563514225758552811e+00 6.744349367161112774e+00 1.425257017125424186e+00
8.616997392941321721e+00 4.699798145123031290e+00 1.008341003159114013e+00
9.817214836071872952e+00 4.588678788871408010e+00 8.327489600037266682e-01
1.118460442108735009e+01 3.613696948348963822e+00 6.286510979528907583e-01
1.274245069961824761e+01 2.339556257514089133e+00 4.412083128265510412e-01
1.451728140926205768e+01 2.078728878709036998e+00 3.558347437227808996e-01
1.653931920034971981e+01 1.608855521275383893e+00 2.745816030598911550e-01
1.884299628142029093e+01 1.231498592409257187e+00 2.137597488223402231e-01
2.146754074702852577e+01 7.455586979981114748e-01 1.582120313438900028e-01
2.445764457215044274e+01 7.287737545158370356e-01 1.367829772926625331e-01
2.786422464810916466e+01 5.107167045339291445e-01 1.100531872385017151e-01
3.174528981929791982e+01 3.797391106579632858e-01 9.214655031427079757e-02
3.616692868500850011e+01 1.971460689917123865e-01 7.503189911674523760e-02
4.120443498711833286e+01 1.595468714187751047e-01 6.721235292333942180e-02
4.694358974726586098e+01 1.208770466771866836e-01 6.103909991287809894e-02
