1.069642439726958605e+00 -1.565863208563833098e+00 nan
1.218627458003121777e+00 -1.020589150503059539e+00 nan
1.388363836590320144e+00 -7.713402167266956155e-01 3.111671025912646216e-01
1.581741926207981042e+00 -4.591553928291398634e-01 3.897464794775410968e-01
1.802054659727066133e+00 8.703529783839167866e-01 5.963783166964429228e-01
2.053053625776520175e+00 1.716097477340934763e+00 5.897261139301125388e-01
2.339012952555230562e+00 4.767666911318210410e+00 7.070304347886728902e-01
2.664802089693036891e+00 6.637606450195462138e+00 6.799049667062032620e-01
3.035968727524477995e+00 8.596847957062193402e+00 6.357073027816084743e-01
3.458833265763586962e+00 7.917338058557731095e+00 5.088006226363968043e-01
3.940596440236666886e+00 7.092708693189674563e+00 4.025230948176380386e-01
4.489461940391565875e+00 6.170699483016688802e+00 3.151920835425990886e-01
5.114776105571953835e+00 5.024357743312339863e+00 2.405402991768449961e-01
5.827187078870319503e+00 4.102565365585788548e+00 1.850873017653070773e-01
6.638826128706195817e+00 3.234113841776249387e+00 1.410256013044252632e-01
7.563514225758552811e+00 2.570980855956536359e+00 1.090301990247369568e-01
8.616997392941321721e+00 2.094809307022255318e+00 8.607895394145434476e-02
9.817214836071872952e+00 1.581860696568287317e+00 6.664890918685253962e-02
1.118460442108735009e+01 1.270722127923941791e+00 5.378150164737566935e-02
1.274245069961824761e+01 1.008219616095379356e+00 4.389675624082563926e-02
1.451728140926205768e+01 7.863005503378990291e-01 3.632987706156966257e-02
1.653931920034971981e+01 6.077591701746225539e-01 3.062897123651931244e-02
1.884299628142029093e+01 4.757990935987077563e-01 2.649710543191456658e-02
2.146754074702852577e+01 3.533423565113908982e-01 2.315702945045269856e-02
2.445764457215044274e+01 2.617770108526216166e-01 2.073019720857436146e-02
2.786422464810916466e+01 1.920171346063521689e-01 1.895035865703930539e-02
3.174528981929791982e+01 1.465590264356868566e-01 1.775813129679491148e-02
3.616692868500850011e+01 1.025994763170396951e-01 1.675303178658290801e-02
4.120443498711833286e+01 7.024963300453057613e-02 1.603114406401247999e-02
4.694358974726586098e+01 4.968317954875400844e-02 1.556019968169564636e-02
