1.069642439726958605e+00 -2.452975604702957391e+00 nan
1.218627458003121777e+00 -6.617213788977791555e-01 1.320579810817381627e+01
1.388363836590320144e+00 -6.755754709867831664e-01 1.097547658381014912e+01
1.581741926207981042e+00 -9.046511627906974606e-01 4.845155442238781696e+00
1.802054659727066133e+00 -1.682143184747816544e+00 nan
2.053053625776520175e+00 -1.522359114391622636e+00 nan
2.339012952555230562e+00 -9.326677219042982525e-01 2.246435003419166687e+00
2.664802089693036891e+00 -1.098762778105085047e+00 nan
3.035968727524477995e+00 -1.335055313661719811e+00 nan
3.458833265763586962e+00 6.744333663928587796e+00 1.359593841165950856e+01
3.940596440236666886e+00 -9.063439823990397937e-01 1.226873556430941203e+00
4.489461940391565875e+00 2.732333105937602369e+00 6.365326909849146730e+00
5.114776105571953835e+00 1.366993300423617796e+01 1.042398210687359317e+01
5.827187078870319503e+00 1.059143257549477291e+01 7.629903944760937584e+00
6.638826128706195817e+00 1.562846398668980363e+01 7.568204693094868318e+00
7.563514225758552811e+00 9.560556555587794492e+00 4.959262619530556471e+00
8.616997392941321721e+00 1.081087840407903755e+01 4.353046391501587564e+00
9.817214836071872952e+00 7.977857068897788118e+00 3.128541563514418478e+00
1.118460442108735009e+01 4.348847397184411712e+00 1.980250052716116871e+00
1.274245069961824761e+01 5.287434716435656767e+00 1.793422984965505007e+00
1.451728140926205768e+01 2.388877819896996435e+00 1.074756857981773450e+00
1.653931920034971981e+01 1.767662384989443058e+00 8.039605503175297763e-01
1.884299628142029093e+01 1.627071013662026999e+00 6.531755244623451695e-01
2.146754074702852577e+01 1.398589096507953933e+00 5.223626764643910514e-01
2.445764457215044274e+01 1.363324170436661209e+00 4.390174729521469366e-01
2.786422464810916466e+01 9.790710048917850017e-01 3.373538140775290683e-01
3.174528981929791982e+01 3.406425311952701040e-01 2.283582590328410156e-01
3.616692868500850011e+01 3.354992016722377901e-01 1.966906090180876032e-01
4.120443498711833286e+01 4.241595378216176382e-01 1.802589351229813008e-01
4.694358974726586098e+01 2.042600994153074279e-01 1.427712593716285450e-01
