1.069642439726958605e+00 -1.519860787244064149e+00 nan
1.218627458003121777e+00 -1.193841142444569403e-01 7.175349687353623551e+00
1.388363836590320144e+00 -8.543201873993979678e-01 2.476755369405228002e+00
1.581741926207981042e+00 -1.298759791122715335e+00 nan
1.802054659727066133e+00 -1.059717894250725045e+00 nan
2.053053625776520175e+00 -1.305968739042844717e+00 nan
2.339012952555230562e+00 -1.099316159282599514e+00 nan
2.664802089693036891e+00 -8.738301018988705593e-01 8.598999485478315830e-01
3.035968727524477995e+00 -1.099827302394217998e+00 nan
3.458833265763586962e+00 3.604128414411377435e+00 3.532983944668543597e+00
3.940596440236666886e+00 8.828948220765218124e+00 4.256244180271621325e+00
4.489461940391565875e+00 3.862855907116993226e+00 2.454241353416510396e+00
5.114776105571953835e+00 1.526601951585607964e+01 3.748075128553264967e+00
5.827187078870319503e+00 9.047863152432942258e+00 2.419040918835656306e+00
6.638826128706195817e+00 8.346064919684771155e+00 1.929770765989978099e+00
7.563514225758552811e+00 6.180426021276590909e+00 1.396698615361247509e+00
8.616997392941321721e+00 6.132397266683655701e+00 1.159615898906518172e+00
9.817214836071872952e+00 4.734939555318677051e+00 8.611224767033199834e-01
1.118460442108735009e+01 3.668344684846026382e+00 6.450495746596452973e-01
1.274245069961824761e+01 2.700806847667464261e+00 4.763800785870470622e-01
1.451728140926205768e+01 2.181553428383234294e+00 3.695145536869300362e-01
1.653931920034971981e+01 1.694770979454181647e+00 2.851179019793622094e-01
1.884299628142029093e+01 1.160650718597671327e+00 2.134295067339429253e-01
2.146754074702852577e+01 9.023495565968340237e-01 1.699769360406918339e-01
2.445764457215044274e+01 7.051545889015136126e-01 1.378741343623636761e-01
2.786422464810916466e+01 4.727441177490043778e-01 1.099320027884126277e-01
3.174528981929791982e+01 3.459369728226426854e-01 9.193494041196856315e-02
3.616692868500850011e+01 2.359760719134507134e-01 7.804093260008183874e-02
4.120443498711833286e+01 1.736919252094233368e-01 6.883801601405283022e-02
4.694358974726586098e+01 1.229379678652622321e-01 6.195456280990264963e-02
