1.069642439726958605e+00 -1.514623783838456195e+00 nan
1.218627458003121777e+00 -8.159166320368478331e-01 2.149370901243144727e-01
1.388363836590320144e+00 -6.374168191176488030e-01 2.560263137971993674e-01
1.581741926207981042e+00 8.998533607217524821e-01 4.776787663442150222e-01
1.802054659727066133e+00 2.027898305797716461e+00 4.965211957785973240e-01
2.053053625776520175e+00 4.545747769524071558e+00 5.531533089371780676e-01
2.339012952555230562e+00 6.639706290064625982e+00 5.354401645694816247e-01
2.664802089693036891e+00 7.586497519291593328e+00 4.754692408023415418e-01
3.035968727524477995e+00 8.021377692591222797e+00 4.068907936103521306e-01
3.458833265763586962e+00 7.351128624306767279e+00 3.261533371329713438e-01
3.940596440236666886e+00 5.998087337031119404e+00 2.478843381981273575e-01
4.489461940391565875e+00 5.007166898364166840e+00 1.913466031859170080e-01
5.114776105571953835e+00 4.104395060649585147e+00 1.474551179445227622e-01
5.827187078870319503e+00 3.364700565109565389e+00 1.145624066529381119e-01
6.638826128706195817e+00 2.658987301297827344e+00 8.822402352188646324e-02
7.563514225758552811e+00 2.124810114978857190e+00 6.913025091716396009e-02
8.616997392941321721e+00 1.698943545976188130e+00 5.484873799450004639e-02
9.817214836071872952e+00 1.322738371178410421e+00 4.368078729007908445e-02
1.118460442108735009e+01 1.075517702942794918e+00 3.600963538682710324e-02
1.274245069961824761e+01 8.729512954856306628e-01 3.018124290735980930e-02
1.451728140926205768e+01 6.884505431992653524e-01 2.555426395041990317e-02
1.653931920034971981e+01 5.159660963877312767e-01 2.177569447096910221e-02
1.884299628142029093e+01 3.915621632778143457e-01 1.907832352376396742e-02
2.146754074702852577e+01 3.096004551514461856e-01 1.725546619418744099e-02
2.445764457215044274e+01 2.248203824459886757e-01 1.565865251497810043e-02
2.786422464810916466e+01 1.717074305450183580e-01 1.461806486132533230e-02
3.174528981929791982e+01 1.231701993455638355e-01 1.376104657158288766e-02
3.616692868500850011e+01 8.795800371286777164e-02 1.315087435627563736e-02
4.120443498711833286e+01 6.166697978138357961e-02 1.270757943924178887e-02
4.694358974726586098e+01 4.295162838275889960e-02 1.239625005245981876e-02
