1.069642439726958605e+00 -1.732244103616167763e+00 nan
1.218627458003121777e+00 -6.905525069228193313e-01 4.282500026029753215e+00
1.388363836590320144e+00 -1.841078282824593515e+00 nan
1.581741926207981042e+00 -9.376971608832809224e-01 1.327942982202754862e+00
1.802054659727066133e+00 -1.073795881961166820e+00 nan
2.053053625776520175e+00 -8.329446020533988193e-01 1.465254398337247466e+00
2.339012952555230562e+00 -1.048124803871372634e+00 nan
2.664802089693036891e+00 1.172676342852763565e+00 3.594043065545799109e+00
3.035968727524477995e+00 -1.229498312560231454e+00 nan
3.458833265763586962e+00 1.707486381886151872e+00 2.725768597733019938e+00
3.940596440236666886e+00 5.683884706040468693e+00 3.527438424400533012e+00
4.489461940391565875e+00 1.312680767497840506e+01 4.244080696461385749e+00
5.114776105571953835e+00 1.026273830832310985e+01 3.120784956282629974e+00
5.827187078870319503e+00 1.265304992568525755e+01 2.856920809639454273e+00
6.638826128706195817e+00 9.562400149846682851e+00 2.071715924453610747e+00
7.563514225758552811e+00 7.422033874238384676e+00 1.529900119035340733e+00
8.616997392941321721e+00 6.274113758227686688e+00 1.179687483397585890e+00
9.817214836071872952e+00 4.554257185021681309e+00 8.517351396795540541e-01
1.118460442108735009e+01 2.642505115388000814e+00 5.665746003403113740e-01
1.274245069961824761e+01 2.603653985289875017e+00 4.723174551141712252e-01
1.451728140926205768e+01 2.112523485713547089e+00 3.671738787534793991e-01
1.653931920034971981e+01 1.812144614487090077e+00 2.942480485443740301e-01
1.884299628142029093e+01 1.255606176601029356e+00 2.204240624979039997e-01
2.146754074702852577e+01 8.523342602531733814e-01 1.681456605118484826e-01
2.445764457215044274e+01 6.307033082766315690e-01 1.346601677287421195e-01
2.786422464810916466e+01 4.321922291948647743e-01 1.084483018699746865e-01
3.174528981929791982e+01 3.949290964069473997e-01 9.485031392661673333e-02
3.616692868500850011e+01 2.306980216755931679e-01 7.817953296342776415e-02
4.120443498711833286e+01 1.251607691828031665e-01 6.686721887622770755e-02
4.694358974726586098e+01 5.215131090578761786e-02 5.892474584221957246e-02
