1.069642439726958605e+00 -1.108182661948046377e+00 nan
1.218627458003121777e+00 -8.541111717234808332e-01 2.913934987851581337e-01
1.388363836590320144e+00 -1.220314605379229089e+00 nan
1.581741926207981042e+00 -7.597386148103755232e-01 2.584411116096952399e-01
1.802054659727066133e+00 -7.484476691453667563e-02 4.171232748375319210e-01
2.053053625776520175e+00 2.725169587234135715e+00 6.877611884764425199e-01
2.339012952555230562e+00 5.386010267461672996e+00 7.408257510633683429e-01
2.664802089693036891e+00 6.614945132286541352e+00 6.755178916391498811e-01
3.035968727524477995e+00 7.794724034020179104e+00 6.043742411743636689e-01
3.458833265763586962e+00 8.155012681589990819e+00 5.134825514103554811e-01
3.940596440236666886e+00 7.303379502075710406e+00 4.062245284872942896e-01
4.489461940391565875e+00 6.440389473368290041e+00 3.201993270494065680e-01
5.114776105571953835e+00 4.896204879968031776e+00 2.365232627122587916e-01
5.827187078870319503e+00 4.187948154881597773e+00 1.860185086581715996e-01
6.638826128706195817e+00 3.197704985354486773e+00 1.396678791437195588e-01
7.563514225758552811e+00 2.551892427041857481e+00 1.081902849753569873e-01
8.616997392941321721e+00 1.997981531143931289e+00 8.399585721280269923e-02
9.817214836071872952e+00 1.655888733050575157e+00 6.761633575806286212e-02
1.118460442108735009e+01 1.259642390494473130e+00 5.338299579465940331e-02
1.274245069961824761e+01 1.018876565437418558e+00 4.389226039137845981e-02
1.451728140926205768e+01 8.058945678185758243e-01 3.649328626163975131e-02
1.653931920034971981e+01 6.150489658398976545e-01 3.062913828307664912e-02
1.884299628142029093e+01 4.666304249208412802e-01 2.627214792963637399e-02
2.146754074702852577e+01 3.551286002245237494e-01 2.310874033305995029e-02
2.445764457215044274e+01 2.882089678895343177e-01 2.105127878139498657e-02
2.786422464810916466e+01 2.042824471378634765e-01 1.907264588998988999e-02
3.174528981929791982e+01 1.483316136223888915e-01 1.773369203423875648e-02
3.616692868500850011e+01 1.108851383046851602e-01 1.682696288365745710e-02
4.120443498711833286e+01 7.570779370695790433e-02 1.606718718774829621e-02
4.694358974726586098e+01 4.979077530341613489e-02 1.552097275348233302e-02
