1.069642439726958605e+00 -1.210301177102885539e+00 nan
1.218627458003121777e+00 -9.370402722831931985e-01 1.918927971480516859e-01
1.388363836590320144e+00 -8.642996262394382345e-01 2.390927358287698035e-01
1.581741926207981042e+00 -7.954587473713568002e-01 2.390391546978399007e-01
1.802054659727066133e+00 5.151926999909981486e-01 5.352996735882757928e-01
2.053053625776520175e+00 2.058653271796113238e+00 6.243876055921097068e-01
2.339012952555230562e+00 4.578617144821355289e+00 6.934203879385909541e-01
2.664802089693036891e+00 6.837706486631013547e+00 6.872528136313000857e-01
3.035968727524477995e+00 7.982750945604580650e+00 6.125552063706074524e-01
3.458833265763586962e+00 8.301536333979505855e+00 5.190782166466273440e-01
3.940596440236666886e+00 7.461508403282685720e+00 4.113771421679212614e-01
4.489461940391565875e+00 6.125688502640999289e+00 3.133337813742766431e-01
5.114776105571953835e+00 4.797592000878248442e+00 2.348213059815829895e-01
5.827187078870319503e+00 4.046569712167428889e+00 1.834744812503289468e-01
6.638826128706195817e+00 3.183053152506135852e+00 1.396881448598104036e-01
7.563514225758552811e+00 2.599167313420957637e+00 1.093079644144516888e-01
8.616997392941321721e+00 2.014043260891928977e+00 8.445976623508658077e-02
9.817214836071872952e+00 1.561639504425740288e+00 6.616244682324717852e-02
1.118460442108735009e+01 1.330625251184696323e+00 5.464043140932836606e-02
1.274245069961824761e+01 9.741236719871917416e-01 4.327334718383524237e-02
1.451728140926205768e+01 7.650828974687269302e-01 3.593572949450060672e-02
1.653931920034971981e+01 5.983867076037572286e-01 3.043256762805775575e-02
1.884299628142029093e+01 4.694740872832980916e-01 2.635775718154187430e-02
2.146754074702852577e+01 3.611634151662004300e-01 2.323357533312383691e-02
2.445764457215044274e+01 2.602414252093876446e-01 2.067534244709559599e-02
2.786422464810916466e+01 1.921342008676387714e-01 1.892364470313383229e-02
3.174528981929791982e+01 1.417260159575679523e-01 1.766249438795433613e-02
3.616692868500850011e+01 9.791956792586931080e-02 1.666186922846658522e-02
4.120443498711833286e+01 6.910156012200707742e-02 1.599265056052464815e-02
4.694358974726586098e+01 4.086282297952781306e-02 1.541181424109314309e-02
