1.069642439726958605e+00 -1.018558960186446871e+00 nan
1.218627458003121777e+00 -7.821783666419812597e-01 3.573150040027691654e-01
1.388363836590320144e+00 -8.775255592825514928e-01 2.273833465254178621e-01
1.581741926207981042e+00 -5.752952363178716055e-01 3.448413486062257283e-01
1.802054659727066133e+00 5.669414072472709343e-01 5.449578813356200646e-01
2.053053625776520175e+00 2.805126700024072051e+00 6.975885019991732161e-01
2.339012952555230562e+00 5.243737738753909916e+00 7.349596359826104930e-01
2.664802089693036891e+00 6.846981775050392294e+00 6.883915957083595050e-01
3.035968727524477995e+00 8.562967300030894791e+00 6.336021817266648259e-01
3.458833265763586962e+00 8.380244963847728101e+00 5.219533559986113680e-01
3.940596440236666886e+00 7.551400718560056902e+00 4.141709421746747055e-01
4.489461940391565875e+00 6.074021909896526239e+00 3.123874272076328507e-01
5.114776105571953835e+00 4.991460346448102214e+00 2.394606229882486337e-01
5.827187078870319503e+00 4.095700214457989929e+00 1.846877592753253250e-01
6.638826128706195817e+00 3.377337015205579274e+00 1.436534118444739994e-01
7.563514225758552811e+00 2.562230462181510848e+00 1.087216607875834823e-01
8.616997392941321721e+00 2.193479909346516710e+00 8.770360609997804313e-02
9.817214836071872952e+00 1.578460084460113766e+00 6.650706854886888342e-02
1.118460442108735009e+01 1.302532691085305672e+00 5.423230352265794724e-02
1.274245069961824761e+01 1.025754572518946084e+00 4.412065758670673243e-02
1.451728140926205768e+01 8.260175999141008418e-01 3.689655299249186560e-02
1.653931920034971981e+01 6.272777205586124172e-01 3.088918899786843517e-02
1.884299628142029093e+01 4.781192114028054441e-01 2.650462226510287914e-02
2.146754074702852577e+01 3.628359368052884726e-01 2.327394206909899621e-02
2.445764457215044274e+01 2.722451797045144506e-01 2.086377581954723323e-02
2.786422464810916466e+01 2.006423697257335714e-01 1.905900532190602306e-02
3.174528981929791982e+01 1.465293369535873858e-01 1.774270040162321746e-02
3.616692868500850011e+01 1.142368543167364692e-01 1.690780652584353977e-02
4.120443498711833286e+01 7.990066835988929306e-02 1.615798366371247463e-02
4.694358974726586098e+01 6.021591152040728367e-02 1.570035767927328157e-02
