1.069642439726958605e+00 -1.918198722528049682e+00 nan
1.218627458003121777e+00 -5.728872171328034391e-01 5.015429316903247781e+00
1.388363836590320144e+00 -1.751225672262665345e+00 nan
1.581741926207981042e+00 -1.146226415094339313e+00 nan
1.802054659727066133e+00 -1.176078432908605809e+00 nan
2.053053625776520175e+00 -1.265703975393553282e+00 nan
2.339012952555230562e+00 -1.090684579670058607e+00 nan
2.664802089693036891e+00 9.519522886931233163e-01 3.395751479354021107e+00
3.035968727524477995e+00 -1.023229828470403557e+00 nan
3.458833265763586962e+00 1.634379985111608313e+00 2.680194379012893258e+00
3.940596440236666886e+00 1.137293239259104816e+01 4.799698244915533429e+00
4.489461940391565875e+00 1.229968217994883162e+01 4.102351527256798747e+00
5.114776105571953835e+00 1.104537981005468694e+01 3.220453807369305199e+00
5.827187078870319503e+00 1.103529970941838023e+01 2.666451455101288559e+00
6.638826128706195817e+00 8.365932678913631904e+00 1.938835781474931297e+00
7.563514225758552811e+00 7.579769455720256843e+00 1.540380037945697778e+00
8.616997392941321721e+00 4.761085180571694053e+00 1.037918531075194384e+00
9.817214836071872952e+00 3.534433099889110697e+00 7.609228678468483720e-01
1.118460442108735009e+01 3.914564323092586839e+00 6.660443463623655358e-01
1.274245069961824761e+01 2.500248457660664947e+00 4.632991355241746767e-01
1.451728140926205768e+01 2.261098937154854216e+00 3.760953685420670434e-01
1.653931920034971981e+01 1.658977239982892371e+00 2.838088874117967175e-01
1.884299628142029093e+01 1.300876818000843427e+00 2.224932805568493877e-01
2.146754074702852577e+01 9.008265173847602725e-01 1.704329064697968910e-01
2.445764457215044274e+01 8.456261696746874001e-01 1.457595345534370701e-01
2.786422464810916466e+01 4.995262153130166638e-01 1.116354756661937925e-01
3.174528981929791982e+01 3.860872680334463958e-01 9.418318631305845623e-02
3.616692868500850011e+01 2.416702647888391287e-01 7.852670295947894452e-02
4.120443498711833286e+01 1.734061247247604687e-01 6.900035866539139251e-02
4.694358974726586098e+01 1.003145859506091586e-01 6.104913068332783882e-02
