1.069642439726958605e+00 -1.260183176601747501e+00 nan
1.218627458003121777e+00 -6.366412804844538975e-01 3.019318482098555800e-01
1.388363836590320144e+00 -4.934624842500499042e-01 3.025701421407967495e-01
1.581741926207981042e+00 5.205500340304405338e-01 4.271675543131022712e-01
1.802054659727066133e+00 3.280520683063125276e+00 5.908650174935187183e-01
2.053053625776520175e+00 4.891991109051800457e+00 5.702947023093684065e-01
2.339012952555230562e+00 6.650147283782727570e+00 5.357137109670824238e-01
2.664802089693036891e+00 7.770761045463846273e+00 4.806828758086394426e-01
3.035968727524477995e+00 7.826341161690383963e+00 4.021002172032864808e-01
3.458833265763586962e+00 7.347258551289872486e+00 3.260106038603476919e-01
3.940596440236666886e+00 6.344174227796205656e+00 2.545773116705394301e-01
4.489461940391565875e+00 5.264765920997279025e+00 1.959351784520852735e-01
5.114776105571953835e+00 4.157762748316971901e+00 1.483245944820791584e-01
5.827187078870319503e+00 3.402741995780218076e+00 1.151400429091182509e-01
6.638826128706195817e+00 2.658114377820224750e+00 8.819593509445254609e-02
7.563514225758552811e+00 2.098673315479841150e+00 6.874850328421060197e-02
8.616997392941321721e+00 1.697431386860145164e+00 5.481941223487208498e-02
9.817214836071872952e+00 1.366357637022137306e+00 4.424203741314869376e-02
1.118460442108735009e+01 1.093746038096820694e+00 3.623413434079393591e-02
1.274245069961824761e+01 8.499895212899886143e-01 2.989432558376142746e-02
1.451728140926205768e+01 6.585721399244899299e-01 2.518947498468636706e-02
1.653931920034971981e+01 5.285759255174717897e-01 2.192347240737803349e-02
1.884299628142029093e+01 3.875108497430606036e-01 1.902798259021347416e-02
2.146754074702852577e+01 2.954669136969634291e-01 1.708693165751605514e-02
2.445764457215044274e+01 2.177804703388490637e-01 1.557421277030585950e-02
2.786422464810916466e+01 1.622158224186671660e-01 1.450521795850792835e-02
3.174528981929791982e+01 1.191784340367967321e-01 1.371285154421481890e-02
3.616692868500850011e+01 7.934635503197950968e-02 1.304873040132752474e-02
4.120443498711833286e+01 5.239183710914008252e-02 1.259776854558566743e-02
4.694358974726586098e+01 3.437266042519726561e-02 1.229464629328112790e-02
