1.069642439726958605e+00 -1.415526730053344728e-01 2.745582092125163243e+01
1.218627458003121777e+00 -9.777124765764442227e-01 3.361864755064852162e+00
1.388363836590320144e+00 -8.992390928370361802e-01 6.066449009407167914e+00
1.581741926207981042e+00 -7.316119938493079733e-01 8.062232232185543523e+00
1.802054659727066133e+00 -7.024941670895417101e-01 6.978728717460521480e+00
2.053053625776520175e+00 -1.430197058443652747e+00 nan
2.339012952555230562e+00 -3.417726444486783866e-01 6.966323861147005303e+00
2.664802089693036891e+00 -9.493890195696714773e-01 1.603947978929362916e+00
3.035968727524477995e+00 -1.248452141513402225e+00 nan
3.458833265763586962e+00 -9.038315684314739418e-01 1.501150810730144336e+00
3.940596440236666886e+00 4.163040131874702787e+00 9.043476435898726962e+00
4.489461940391565875e+00 2.626406130223723601e+00 6.222746297194443166e+00
5.114776105571953835e+00 3.814286192412252863e+00 5.898157225172930396e+00
5.827187078870319503e+00 5.533435471162846397e+00 5.663673386300905221e+00
6.638826128706195817e+00 1.329667711796960461e+01 6.946084078907284187e+00
7.563514225758552811e+00 1.013929672278288940e+01 5.056068637690401602e+00
8.616997392941321721e+00 1.004083436514220828e+01 4.168746585277008698e+00
9.817214836071872952e+00 6.843926344494294156e+00 2.891482662721893249e+00
1.118460442108735009e+01 3.145395492932083314e+00 1.720431687406840160e+00
1.274245069961824761e+01 4.928872560748303044e+00 1.724004958600235948e+00
1.451728140926205768e+01 2.294956756360885031e+00 1.050428212481837376e+00
1.653931920034971981e+01 2.194182414283765148e+00 8.617416078413852043e-01
1.884299628142029093e+01 1.541782469876840533e+00 6.364326549792281851e-01
2.146754074702852577e+01 1.079316442529558495e+00 4.783785576693412867e-01
2.445764457215044274e+01 1.117614395694530138e+00 4.085688852425562456e-01
2.786422464810916466e+01 4.341330391362663299e-01 2.765132040836393301e-01
3.174528981929791982e+01 6.963959714406355861e-01 2.621716336167264072e-01
3.616692868500850011e+01 1.837429321971246754e-01 1.808470762123446374e-01
4.120443498711833286e+01 3.624280266062565037e-01 1.736593348142062287e-01
4.694358974726586098e+01 2.016938888687715981e-01 1.416401382120788532e-01
