1.069642439726958605e+00 -1.018163235007901957e+00 nan
1.218627458003121777e+00 -7.299990512311504975e-01 6.463235382210020807e-01
1.388363836590320144e+00 -9.673936700697978175e-01 1.906103347579045371e-01
1.581741926207981042e+00 -8.785467519963754413e-01 2.995671202119012944e-01
1.802054659727066133e+00 -3.582303427284536657e-01 5.662597774122528627e-01
2.053053625776520175e+00 -3.943103690844536047e-01 4.509081000491655944e-01
2.339012952555230562e+00 2.016749453727490149e+00 8.255930663388628687e-01
2.664802089693036891e+00 4.861872338099360036e+00 9.595362330634733539e-01
3.035968727524477995e+00 8.082726476056169673e+00 9.932488783556363554e-01
3.458833265763586962e+00 9.337441912262303134e+00 8.805032062800324244e-01
3.940596440236666886e+00 8.215779740983725432e+00 6.879853008807877979e-01
4.489461940391565875e+00 7.281675625320505496e+00 5.408573727341050574e-01
5.114776105571953835e+00 5.928921825499790188e+00 4.104104077495977498e-01
5.827187078870319503e+00 4.801183809492611587e+00 3.124372293598705053e-01
6.638826128706195817e+00 4.154124785124198027e+00 2.463931427093448145e-01
7.563514225758552811e+00 3.108476334152409315e+00 1.834168102440464909e-01
8.616997392941321721e+00 2.608461276353183145e+00 1.449302834484306191e-01
9.817214836071872952e+00 1.908703956093527720e+00 1.091111630310664798e-01
1.118460442108735009e+01 1.581033250940642398e+00 8.766544949625683369e-02
1.274245069961824761e+01 1.235233278370796439e+00 6.976833933651969966e-02
1.451728140926205768e+01 9.521265848598055026e-01 5.629028412227692069e-02
1.653931920034971981e+01 7.388340337240044686e-01 4.643801537606112584e-02
1.884299628142029093e+01 5.833022263935550011e-01 3.932004874900751207e-02
2.146754074702852577e+01 4.102516140938365918e-01 3.308022556444237261e-02
2.445764457215044274e+01 3.144588812730433336e-01 2.917195665911978195e-02
2.786422464810916466e+01 2.256151846804457239e-01 2.601540170545955585e-02
3.174528981929791982e+01 1.614694512855325836e-01 2.376980120283807979e-02
3.616692868500850011e+01 1.134591912670444014e-01 2.214526589560232225e-02
4.120443498711833286e+01 7.210317945650079885e-02 2.087026143867063907e-02
4.694358974726586098e+01 4.745275240365098846e-02 2.006372498524416556e-02
