1.069642439726958605e+00 -1.261085548257266709e+00 nan
1.218627458003121777e+00 -6.321984102371587255e-01 1.352530357344370948e+01
1.388363836590320144e+00 -6.458063636342263880e-01 1.126418573173277160e+01
1.581741926207981042e+00 -4.031091370558375075e-01 1.190729272198084665e+01
1.802054659727066133e+00 -2.645556294384632245e-01 1.086668526477681773e+01
2.053053625776520175e+00 -7.696754482769363470e-01 4.984108865417261391e+00
2.339012952555230562e+00 -6.610396125122919297e-01 4.950788986454015550e+00
2.664802089693036891e+00 -6.688131879566541205e-01 4.063514808477272311e+00
3.035968727524477995e+00 -9.818222406103842559e-01 7.853188083193379798e-01
3.458833265763586962e+00 -9.910560466245459388e-01 4.533752670192594536e-01
3.940596440236666886e+00 -9.742398685521287405e-01 6.319942081804844625e-01
4.489461940391565875e+00 5.991863100897588446e+00 8.565630841137039653e+00
5.114776105571953835e+00 1.313377240065425866e+01 1.004871214814040847e+01
5.827187078870319503e+00 2.447529152043965084e+01 1.120819149859186048e+01
6.638826128706195817e+00 1.081452690605162559e+01 6.239960081790663970e+00
7.563514225758552811e+00 9.956233494366374615e+00 4.965468918418423527e+00
8.616997392941321721e+00 7.366718372400656634e+00 3.575699134722115424e+00
9.817214836071872952e+00 4.594318651737946624e+00 2.402975021893152263e+00
1.118460442108735009e+01 4.407015574892170662e+00 1.956896631078831605e+00
1.274245069961824761e+01 1.882608054369425687e+00 1.168265101791448490e+00
1.451728140926205768e+01 3.527163387758710300e+00 1.233605356367439176e+00
1.653931920034971981e+01 2.541159957928758928e+00 9.031097683876373461e-01
1.884299628142029093e+01 1.729743118093548082e+00 6.558809189351822999e-01
2.146754074702852577e+01 1.334155391046862649e+00 5.058351223101784644e-01
2.445764457215044274e+01 7.828366018794925552e-01 3.666418218813808361e-01
2.786422464810916466e+01 8.628564510478868854e-01 3.200491834010599779e-01
3.174528981929791982e+01 4.277501705898423268e-01 2.335471370154615922e-01
3.616692868500850011e+01 3.575306450360680177e-01 1.957514047785336442e-01
4.120443498711833286e+01 1.746506113081625067e-01 1.557315241827841590e-01
4.694358974726586098e+01 1.324961379667826122e-01 1.347081944559228583e-01
