1.069642439726958605e+00 -1.477809195159118349e+00 nan
1.218627458003121777e+00 -1.128027275466526813e+00 nan
1.388363836590320144e+00 -7.440979962077720611e-01 5.379525578431175736e-01
1.581741926207981042e+00 -1.146501925545571066e+00 nan
1.802054659727066133e+00 -8.358392119480562155e-01 2.884609966839176143e-01
2.053053625776520175e+00 2.437106518040565994e-02 5.908523522592795674e-01
2.339012952555230562e+00 1.964316511631475581e+00 8.243876235938718544e-01
2.664802089693036891e+00 5.706533738369016007e+00 1.034814789599275864e+00
3.035968727524477995e+00 8.041497574770851031e+00 9.981459900925075956e-01
3.458833265763586962e+00 8.393807615357006924e+00 8.436138883913358866e-01
3.940596440236666886e+00 8.327175413883157518e+00 6.973437683754936112e-01
4.489461940391565875e+00 7.237785364851267111e+00 5.431350818523564827e-01
5.114776105571953835e+00 6.245588207162359851e+00 4.235627706084643118e-01
5.827187078870319503e+00 4.897219928845311543e+00 3.175093006857397926e-01
6.638826128706195817e+00 3.857633414891759926e+00 2.398114504049038420e-01
7.563514225758552811e+00 3.315490533187244182e+00 1.900576472860203703e-01
8.616997392941321721e+00 2.661995284368754433e+00 1.471945996889363062e-01
9.817214836071872952e+00 1.993187551812761971e+00 1.117912372368630725e-01
1.118460442108735009e+01 1.513313274617230419e+00 8.671742890509910595e-02
1.274245069961824761e+01 1.257694082491958909e+00 7.066858283407036201e-02
1.451728140926205768e+01 9.391273943023195070e-01 5.635579470708945715e-02
1.653931920034971981e+01 7.584441884359680586e-01 4.708742125170548021e-02
1.884299628142029093e+01 5.416590430307797188e-01 3.872440385044396971e-02
2.146754074702852577e+01 4.222191410026610026e-01 3.347699415596775557e-02
2.445764457215044274e+01 3.095121263981834847e-01 2.921991717771022651e-02
2.786422464810916466e+01 2.453716424865355350e-01 2.650420129708480968e-02
3.174528981929791982e+01 1.777973467399169838e-01 2.417782256004693750e-02
3.616692868500850011e+01 1.214932231888667946e-01 2.238757131567389869e-02
4.120443498711833286e+01 9.288324568626138422e-02 2.134024906412338579e-02
4.694358974726586098e+01 5.268441255016087510e-02 2.024006879087716926e-02
