1.069642439726958605e+00 -2.371093741221101059e+00 nan
1.218627458003121777e+00 3.510734877563668199e-01 2.576583679608607014e+01
1.388363836590320144e+00 -2.505375381677337643e+00 nan
1.581741926207981042e+00 -1.014442482341069596e+00 nan
1.802054659727066133e+00 -6.758658526698768654e-01 7.170395383886996044e+00
2.053053625776520175e+00 -9.700362810687346293e-01 1.786794936758845154e+00
2.339012952555230562e+00 -1.783085399485420997e+00 nan
2.664802089693036891e+00 -1.309183639020766954e+00 nan
3.035968727524477995e+00 -8.812919318258076729e-01 1.994719338720001955e+00
3.458833265763586962e+00 -1.203887718794919959e+00 nan
3.940596440236666886e+00 -1.194929107866024687e+00 nan
4.489461940391565875e+00 1.289154948496534381e+01 1.202482451808882580e+01
5.114776105571953835e+00 3.493767540108603686e+00 5.608691198842489456e+00
5.827187078870319503e+00 1.773912323674408853e+01 9.515441600736679106e+00
6.638826128706195817e+00 1.393603588317185782e+01 6.994211501557278332e+00
7.563514225758552811e+00 1.049838605763540755e+01 5.060221571779155880e+00
8.616997392941321721e+00 7.710257354797143137e+00 3.629140903636013160e+00
9.817214836071872952e+00 7.869582161027002698e+00 3.036786697423746073e+00
1.118460442108735009e+01 4.775275877391797152e+00 2.013675826729131924e+00
1.274245069961824761e+01 4.537063149796088268e+00 1.636941662682971144e+00
1.451728140926205768e+01 3.267496704596528634e+00 1.187928420480978131e+00
1.653931920034971981e+01 1.477401802909854123e+00 7.403216115641447770e-01
1.884299628142029093e+01 1.853233907428157634e+00 6.683038511616765653e-01
2.146754074702852577e+01 1.510562109491280669e+00 5.241945387467832340e-01
2.445764457215044274e+01 3.686042611544435577e-01 3.140127526006307734e-01
2.786422464810916466e+01 7.827203211708044783e-01 3.099971890999694280e-01
3.174528981929791982e+01 3.883161142749320671e-01 2.283386732977137901e-01
3.616692868500850011e+01 4.079409739745378793e-01 1.994027355507295984e-01
4.120443498711833286e+01 9.937616420585837496e-02 1.482241399856392972e-01
4.694358974726586098e+01 1.804064941377927500e-01 1.381195749995894340e-01
