1.069642439726958605e+00 -1.425835762689512176e+00 nan
1.218627458003121777e+00 -1.110447736483410441e+00 nan
1.388363836590320144e+00 -9.786606217956392850e-01 1.540564788482004788e-01
1.581741926207981042e+00 -8.047471632661737928e-01 3.794809585441046851e-01
1.802054659727066133e+00 -6.034421435952919133e-02 6.846190595575485371e-01
2.053053625776520175e+00 6.058146442482541527e-01 7.338800556293124666e-01
2.339012952555230562e+00 2.744607945654933268e+00 9.194596153240673919e-01
2.664802089693036891e+00 5.494427788542340707e+00 1.009735918282090417e+00
3.035968727524477995e+00 7.562734036354789247e+00 9.627254309691249956e-01
3.458833265763586962e+00 8.113491243448464729e+00 8.236865948950945482e-01
3.940596440236666886e+00 8.216271586225071033e+00 6.873820313036222984e-01
4.489461940391565875e+00 8.054770144033902568e+00 5.671308640511165677e-01
5.114776105571953835e+00 6.052978288675531005e+00 4.140591274590581516e-01
5.827187078870319503e+00 5.350620494055114307e+00 3.284193194905999369e-01
6.638826128706195817e+00 3.841278400103611546e+00 2.375119158363944438e-01
7.563514225758552811e+00 3.306623205234695995e+00 1.883977750479031155e-01
8.616997392941321721e+00 2.594753754731731199e+00 1.444760369702227654e-01
9.817214836071872952e+00 1.921168030467293342e+00 1.093114827494336277e-01
1.118460442108735009e+01 1.475955692653312168e+00 8.527775674096176040e-02
1.274245069961824761e+01 1.223810616795928619e+00 6.947416642335180192e-02
1.451728140926205768e+01 9.762950940574162129e-01 5.673866931977568362e-02
1.653931920034971981e+01 7.801889329497961878e-01 4.721897011524411186e-02
1.884299628142029093e+01 5.748515652904573336e-01 3.913076023064092357e-02
2.146754074702852577e+01 4.468285717633762033e-01 3.375205349907613173e-02
2.445764457215044274e+01 3.134823262832868718e-01 2.913581120705396529e-02
2.786422464810916466e+01 2.397188107180618921e-01 2.626269384405129081e-02
3.174528981929791982e+01 1.733031639232682775e-01 2.397582948874199538e-02
3.616692868500850011e+01 1.209403185080495380e-01 2.227170630683022665e-02
4.120443498711833286e+01 7.751717548100534039e-02 2.095941277848263271e-02
4.694358974726586098e+01 5.412170900927737449e-02 2.017663281750603152e-02
