1.069642439726958605e+00 -1.476935336404298305e+00 nan
1.218627458003121777e+00 -7.880128071471539375e-01 2.295160635540629268e-01
1.388363836590320144e+00 -5.393837586435616949e-01 2.871558355607576329e-01
1.581741926207981042e+00 8.872095620244218050e-01 4.737354721433832960e-01
1.802054659727066133e+00 2.297088603449774169e+00 5.156884614021285396e-01
2.053053625776520175e+00 5.004415502257423043e+00 5.730790347447983768e-01
2.339012952555230562e+00 6.712426320176676064e+00 5.354349981844290784e-01
2.664802089693036891e+00 7.910137879633349911e+00 4.824165219347276712e-01
3.035968727524477995e+00 7.938102062328422193e+00 4.029505824239413281e-01
3.458833265763586962e+00 7.390338938455092155e+00 3.254454920402586882e-01
3.940596440236666886e+00 5.908317429679284416e+00 2.449674572408029605e-01
4.489461940391565875e+00 5.131014536958622863e+00 1.926875717627796192e-01
5.114776105571953835e+00 4.225644851679460245e+00 1.488102255154975517e-01
5.827187078870319503e+00 3.260458712726272967e+00 1.124141416861700049e-01
6.638826128706195817e+00 2.679865413836448162e+00 8.814936063903200392e-02
7.563514225758552811e+00 2.084813252560416608e+00 6.827177014175787872e-02
8.616997392941321721e+00 1.636426848694067182e+00 5.377820310252803826e-02
9.817214836071872952e+00 1.377600457854435856e+00 4.421898038280621529e-02
1.118460442108735009e+01 1.034215888405350281e+00 3.535209147464345170e-02
1.274245069961824761e+01 8.488082399594165661e-01 2.977514248694848251e-02
1.451728140926205768e+01 6.351645476319749406e-01 2.482284427425217321e-02
1.653931920034971981e+01 4.972596982528680876e-01 2.148089621077330438e-02
1.884299628142029093e+01 3.760828567673046852e-01 1.883547867812877460e-02
2.146754074702852577e+01 2.946380213954902239e-01 1.702798046947654603e-02
2.445764457215044274e+01 2.140365566328978897e-01 1.548734294411974015e-02
2.786422464810916466e+01 1.624844154783036121e-01 1.446974100278354373e-02
3.174528981929791982e+01 1.108452624121729624e-01 1.358006472983162675e-02
3.616692868500850011e+01 8.125926232743818645e-02 1.303810919179073519e-02
4.120443498711833286e+01 5.274049116957946204e-02 1.257057812230962489e-02
4.694358974726586098e+01 3.384993274163283772e-02 1.225843395199433146e-02
