1.069642439726958605e+00 -1.466621268140594125e+00 nan
1.218627458003121777e+00 -8.627474785770128385e-01 2.772869046397242521e+00
1.388363836590320144e+00 -1.130819085307900984e+00 nan
1.581741926207981042e+00 -1.407181802692111017e+00 nan
1.802054659727066133e+00 -6.624809128430069194e-01 2.470599988824028426e+00
2.053053625776520175e+00 -8.533196754624912117e-01 1.334856970808047771e+00
2.339012952555230562e+00 -1.150541513266528426e+00 nan
2.664802089693036891e+00 -1.097843231577180667e+00 nan
3.035968727524477995e+00 -9.283972960434541122e-01 5.230907128756494551e-01
3.458833265763586962e+00 5.821670713085060456e+00 4.213410130806182430e+00
3.940596440236666886e+00 5.997371037536365357e+00 3.509982301872396349e+00
4.489461940391565875e+00 9.907273004411699446e+00 3.616948309025488584e+00
5.114776105571953835e+00 8.487166680422859599e+00 2.779589850969728104e+00
5.827187078870319503e+00 1.126961400349452624e+01 2.628300166192663045e+00
6.638826128706195817e+00 9.694781253089029605e+00 2.029051528124599546e+00
7.563514225758552811e+00 6.812090480045055685e+00 1.430435860347711419e+00
8.616997392941321721e+00 6.172784913871498524e+00 1.139553191614101957e+00
9.817214836071872952e+00 4.453374580584725351e+00 8.208859137477985124e-01
1.118460442108735009e+01 2.968900702691196436e+00 5.779973182286703981e-01
1.274245069961824761e+01 2.592986638152931178e+00 4.592343887081246079e-01
1.451728140926205768e+01 2.311550490124261170e+00 3.708274073498780687e-01
1.653931920034971981e+01 1.583724670079724284e+00 2.727590671409820811e-01
1.884299628142029093e+01 1.154740422325910121e+00 2.090531038490174298e-01
2.146754074702852577e+01 9.921820016804872022e-01 1.718168858996854675e-01
2.445764457215044274e+01 7.098261679037343175e-01 1.356710865013332767e-01
2.786422464810916466e+01 5.170934220974339190e-01 1.102839104214443366e-01
3.174528981929791982e+01 2.349973140594432408e-01 8.498691683223259796e-02
3.616692868500850011e+01 2.147037945400687153e-01 7.581112379581891880e-02
4.120443498711833286e+01 1.434248000544793289e-01 6.641284464174035396e-02
4.694358974726586098e+01 7.540451606142917207e-02 5.890543751921540477e-02
