1.069642439726958605e+00 -1.646344422346561753e-01 9.209101627541988577e+00
1.218627458003121777e+00 -5.693230662137296338e-01 5.024899267937224856e+00
1.388363836590320144e+00 -6.147008323710378974e-01 4.033576263702845388e+00
1.581741926207981042e+00 -6.595563883562838292e-01 3.087445734229831373e+00
1.802054659727066133e+00 -1.496819573377059509e+00 nan
2.053053625776520175e+00 -1.163341093577794805e+00 nan
2.339012952555230562e+00 -9.555754097358288845e-01 6.153423413191771996e-01
2.664802089693036891e+00 -1.157347729778578138e+00 nan
3.035968727524477995e+00 1.586286709997963840e+00 3.218221728445414431e+00
3.458833265763586962e+00 1.574993609551973428e+00 2.643753208994883419e+00
3.940596440236666886e+00 7.547650238130740874e+00 3.971761277708819371e+00
4.489461940391565875e+00 1.183830399383147558e+01 4.019992179718263614e+00
5.114776105571953835e+00 8.737133946765897718e+00 2.880878868332271470e+00
5.827187078870319503e+00 1.058520988763705439e+01 2.608225074804614518e+00
6.638826128706195817e+00 9.271273300536952533e+00 2.030687673052595343e+00
7.563514225758552811e+00 5.940291059831233511e+00 1.373738996475990071e+00
8.616997392941321721e+00 6.349222522556096315e+00 1.180099892198610556e+00
9.817214836071872952e+00 4.472312259232253950e+00 8.405065426501150405e-01
1.118460442108735009e+01 3.597027691875808397e+00 6.404121542364336062e-01
1.274245069961824761e+01 2.595415878341504445e+00 4.693178433519621384e-01
1.451728140926205768e+01 2.009358056790266911e+00 3.583289353961627288e-01
1.653931920034971981e+01 1.620806444118902956e+00 2.808123096615743886e-01
1.884299628142029093e+01 1.224556423738115907e+00 2.175171040020590640e-01
2.146754074702852577e+01 8.304146101343286013e-01 1.661073684122885141e-01
2.445764457215044274e+01 7.847559059583322227e-01 1.422691163322341301e-01
2.786422464810916466e+01 4.840396422216775019e-01 1.106363876584211675e-01
3.174528981929791982e+01 3.955540792303293696e-01 9.448506727348765510e-02
3.616692868500850011e+01 2.593175771231663873e-01 7.924435371212898427e-02
4.120443498711833286e+01 1.644754318864229958e-01 6.847005231272329517e-02
4.694358974726586098e+01 9.837141720896580566e-02 6.086736496284060605e-02
