1.069642439726958605e+00 -1.150607252702549488e+00 nan
1.218627458003121777e+00 -8.542011027375160381e-01 1.909716921990117500e-01
1.388363836590320144e+00 -6.206184851765932375e-01 2.614652728967185591e-01
1.581741926207981042e+00 3.088619002564323424e-01 3.957030034634444471e-01
1.802054659727066133e+00 2.545484661995481623e+00 5.366463638599656694e-01
2.053053625776520175e+00 4.437771181453517677e+00 5.467827769943279792e-01
2.339012952555230562e+00 7.128738261454397929e+00 5.519171384401981850e-01
2.664802089693036891e+00 8.035491485457567862e+00 4.875345332704393297e-01
3.035968727524477995e+00 7.701261068471984217e+00 3.985004905378511375e-01
3.458833265763586962e+00 7.198095628083135189e+00 3.223828570732341081e-01
3.940596440236666886e+00 6.172305354314973513e+00 2.509050587394862086e-01
4.489461940391565875e+00 5.149012768902280435e+00 1.936065968593873032e-01
5.114776105571953835e+00 4.111453059908052765e+00 1.473531978993440350e-01
5.827187078870319503e+00 3.355632703527319904e+00 1.142518931259835641e-01
6.638826128706195817e+00 2.660300578110487368e+00 8.811681624255261747e-02
7.563514225758552811e+00 2.152324296926134473e+00 6.942208813704207893e-02
8.616997392941321721e+00 1.699536622583547985e+00 5.478224118785151447e-02
9.817214836071872952e+00 1.327999854603797214e+00 4.369196070379666869e-02
1.118460442108735009e+01 1.066826984012741564e+00 3.585474631506863769e-02
1.274245069961824761e+01 8.556419363153295876e-01 2.993220755915450976e-02
1.451728140926205768e+01 6.713765163023563964e-01 2.531881270426195735e-02
1.653931920034971981e+01 5.102989239900059815e-01 2.168434923286638449e-02
1.884299628142029093e+01 4.083501426443525428e-01 1.925724345826000661e-02
2.146754074702852577e+01 3.187457354378373520e-01 1.734609056549091949e-02
2.445764457215044274e+01 2.417032695273935161e-01 1.584193819454669805e-02
2.786422464810916466e+01 1.699029924173867112e-01 1.458358792059255560e-02
3.174528981929791982e+01 1.225266631334285261e-01 1.374132024909709149e-02
3.616692868500850011e+01 8.657880495857628311e-02 1.312335597598922321e-02
4.120443498711833286e+01 6.269835404085055686e-02 1.270882619055030069e-02
4.694358974726586098e+01 4.414301942384102340e-02 1.239976692278092762e-02
