1.069642439726958605e+00 -1.094277818034491645e+00 nan
1.218627458003121777e+00 -6.492208248421280636e-01 4.448057500728077152e+00
1.388363836590320144e+00 -8.213488590544608670e-01 2.693980530033574183e+00
1.581741926207981042e+00 -7.853051803727133517e-01 2.404850332665526835e+00
1.802054659727066133e+00 -8.101371187337207402e-01 1.859312005525535216e+00
2.053053625776520175e+00 -7.404481191089498093e-01 1.781753417773648263e+00
2.339012952555230562e+00 -6.304095925468087280e-01 1.740947380465134975e+00
2.664802089693036891e+00 -1.149100688079908839e+00 nan
3.035968727524477995e+00 2.649930696668034713e-01 2.206871742964121808e+00
3.458833265763586962e+00 6.847427379555250937e+00 4.536333727007459515e+00
3.940596440236666886e+00 8.417125996997114612e+00 4.091481080147034710e+00
4.489461940391565875e+00 9.340105443041547773e+00 3.531882112867125834e+00
5.114776105571953835e+00 9.470753400038569580e+00 2.933595304872218090e+00
5.827187078870319503e+00 8.902453989912725518e+00 2.358912881597203803e+00
6.638826128706195817e+00 9.719728822476067620e+00 2.038300782893333718e+00
7.563514225758552811e+00 5.808787187380988648e+00 1.334612472190359167e+00
8.616997392941321721e+00 5.018431282343596145e+00 1.040433784308865350e+00
9.817214836071872952e+00 5.204647101040943191e+00 8.838915846894981332e-01
1.118460442108735009e+01 3.326666605191761050e+00 6.080675570711062683e-01
1.274245069961824761e+01 2.735077318863892604e+00 4.708854946632692329e-01
1.451728140926205768e+01 1.635372615271221353e+00 3.262928859582114316e-01
1.653931920034971981e+01 1.502607718672356540e+00 2.685025382200118549e-01
1.884299628142029093e+01 1.032952067761055526e+00 2.024273615295770490e-01
2.146754074702852577e+01 8.298995105379425308e-01 1.633009798277432756e-01
2.445764457215044274e+01 7.026998968461617423e-01 1.356841389059009750e-01
2.786422464810916466e+01 4.970429858308371696e-01 1.095741908635662065e-01
3.174528981929791982e+01 3.521014688831567430e-01 9.096679429410142737e-02
3.616692868500850011e+01 2.368078999248182104e-01 7.705550162719021490e-02
4.120443498711833286e+01 2.096317185730842692e-01 6.966077313330426568e-02
4.694358974726586098e+01 1.110831159992990980e-01 6.068341717637726340e-02
