1.069642439726958605e+00 -1.837881326495167666e+00 nan
1.218627458003121777e+00 1.668780789993806746e-02 2.257893304696515102e+01
1.388363836590320144e+00 -1.803693521040576897e-01 1.720512766321844467e+01
1.581741926207981042e+00 -1.034977064220183429e+00 nan
1.802054659727066133e+00 -1.116186365947818615e+00 nan
2.053053625776520175e+00 -1.416572100419759117e+00 nan
2.339012952555230562e+00 -7.154642393967052261e-01 4.554440437136389797e+00
2.664802089693036891e+00 -1.102735971073683707e+00 nan
3.035968727524477995e+00 -6.545261441328029672e-01 3.437666920859280051e+00
3.458833265763586962e+00 -6.811240297292087131e-01 2.718249978465876460e+00
3.940596440236666886e+00 -1.207085524097811113e+00 nan
4.489461940391565875e+00 9.552911633477773279e+00 1.057693250258290618e+01
5.114776105571953835e+00 1.307361888827950480e+01 1.006769847904360660e+01
5.827187078870319503e+00 1.664082375457073226e+01 9.319056126008804952e+00
6.638826128706195817e+00 9.721878086076676695e+00 5.962388245309223400e+00
7.563514225758552811e+00 7.110766488705483113e+00 4.272969224530686283e+00
8.616997392941321721e+00 1.587098569698226846e+01 5.183259237755429183e+00
9.817214836071872952e+00 6.397366050475755905e+00 2.788959231454819054e+00
1.118460442108735009e+01 5.982218077794151156e+00 2.247622236883519697e+00
1.274245069961824761e+01 3.722784198030382630e+00 1.518951326205168151e+00
1.451728140926205768e+01 2.520055059401240527e+00 1.082053335089165902e+00
1.653931920034971981e+01 3.895430151153112419e+00 1.084830795637290457e+00
1.884299628142029093e+01 1.775837789024523383e+00 6.645395848829425134e-01
2.146754074702852577e+01 1.326165796708645761e+00 5.067824344739982889e-01
2.445764457215044274e+01 1.321291593908539008e+00 4.289497553397512153e-01
2.786422464810916466e+01 5.888675672067995581e-01 2.921361420010342158e-01
3.174528981929791982e+01 4.462698335313346476e-01 2.362534162833466456e-01
3.616692868500850011e+01 3.432428349437954829e-01 1.950957215838567960e-01
4.120443498711833286e+01 2.782991113216961576e-01 1.654717233329908721e-01
4.694358974726586098e+01 2.388095145836286459e-01 1.441615171287603803e-01
