1.069642439726958605e+00 -1.515870036367152895e-01 2.753486905368011506e+01
1.218627458003121777e+00 -6.625805936748720981e-01 1.319583756910061290e+01
1.388363836590320144e+00 -6.764418492034258712e-01 1.096648054141940243e+01
1.581741926207981042e+00 -2.176059979317476856e+00 nan
1.802054659727066133e+00 -9.321416158173001509e-01 3.362251771465372130e+00
2.053053625776520175e+00 -1.018930666534763052e+00 nan
2.339012952555230562e+00 -1.078692060509916395e+00 nan
2.664802089693036891e+00 -1.133178891027180502e+00 nan
3.035968727524477995e+00 -1.086758902712118058e+00 nan
3.458833265763586962e+00 -1.028118103335240452e+00 nan
3.940596440236666886e+00 -1.125014048430092561e+00 nan
4.489461940391565875e+00 6.370672874931566199e+00 8.958989613510196293e+00
5.114776105571953835e+00 1.101637542687758753e+01 9.428590725225465263e+00
5.827187078870319503e+00 1.883921690728699971e+01 1.003771696835807248e+01
6.638826128706195817e+00 1.460298852915514978e+01 7.328090345404281614e+00
7.563514225758552811e+00 5.164537042480496609e+00 3.768683668722584645e+00
8.616997392941321721e+00 9.748867961655603764e+00 4.146294885734189251e+00
9.817214836071872952e+00 7.271012437195730982e+00 2.998329166216167962e+00
1.118460442108735009e+01 6.500998745154092262e+00 2.367471023736914759e+00
1.274245069961824761e+01 3.092348873900896411e+00 1.428217608727593069e+00
1.451728140926205768e+01 2.722254631779258638e+00 1.130356536598885242e+00
1.653931920034971981e+01 3.928613780664727884e+00 1.103741957078819613e+00
1.884299628142029093e+01 1.606201951601367695e+00 6.506362935214036192e-01
2.146754074702852577e+01 1.728849371611319796e+00 5.624279274766256220e-01
2.445764457215044274e+01 8.237432698779243445e-01 3.778439888155213922e-01
2.786422464810916466e+01 8.020004675181220399e-01 3.189686547668548200e-01
3.174528981929791982e+01 2.977912797010047186e-01 2.240140160865922159e-01
3.616692868500850011e+01 2.356812684868860863e-01 1.872486601188974864e-01
4.120443498711833286e+01 1.259957537636404723e-01 1.537164705709792023e-01
4.694358974726586098e+01 1.052844047199781308e-01 1.343303760715116313e-01
