1.069642439726958605e+00 -1.142994005016541692e+00 nan
1.218627458003121777e+00 -8.173204976118377818e-01 3.254864155288447192e-01
1.388363836590320144e+00 -6.996751965236283066e-01 3.541935798948657177e-01
1.581741926207981042e+00 -8.635586908470835876e-01 1.943980569191511021e-01
1.802054659727066133e+00 2.456988328122529097e-01 4.832340673861648117e-01
2.053053625776520175e+00 2.777003117666759557e+00 6.913141528609443309e-01
2.339012952555230562e+00 4.609379431279716499e+00 6.924220352144840884e-01
2.664802089693036891e+00 7.213398755749068414e+00 7.010416843289276612e-01
3.035968727524477995e+00 8.522811747744963640e+00 6.289328664746012265e-01
3.458833265763586962e+00 8.252299116785282607e+00 5.154853764429274676e-01
3.940596440236666886e+00 7.326951562247826288e+00 4.061494462992939480e-01
4.489461940391565875e+00 6.112646971960324471e+00 3.117580987286630023e-01
5.114776105571953835e+00 4.899813843806169800e+00 2.362060418691459274e-01
5.827187078870319503e+00 3.922552739628076601e+00 1.801450215588560333e-01
6.638826128706195817e+00 3.235492909003162332e+00 1.401847811225427065e-01
7.563514225758552811e+00 2.675483079530617481e+00 1.103095156882835937e-01
8.616997392941321721e+00 1.936435775956895977e+00 8.277240557067612470e-02
9.817214836071872952e+00 1.591315587246872720e+00 6.642670880088991092e-02
1.118460442108735009e+01 1.290095484281053473e+00 5.379772054482135496e-02
1.274245069961824761e+01 9.804089339535262404e-01 4.322804979400467207e-02
1.451728140926205768e+01 7.855978987700726890e-01 3.613471486854358955e-02
1.653931920034971981e+01 6.254909347837140920e-01 3.074611717939241401e-02
1.884299628142029093e+01 4.661727386897849268e-01 2.623340165012219560e-02
2.146754074702852577e+01 3.547097629164932542e-01 2.307587569328192409e-02
2.445764457215044274e+01 2.677912857164037597e-01 2.073134006682511923e-02
2.786422464810916466e+01 1.967699054085307875e-01 1.894371432375652545e-02
3.174528981929791982e+01 1.434140745920746696e-01 1.764459307462794974e-02
3.616692868500850011e+01 1.014895868753411534e-01 1.667472115992418152e-02
4.120443498711833286e+01 6.831411153867406050e-02 1.594503714835300567e-02
4.694358974726586098e+01 4.569359110250847955e-02 1.544720987418776378e-02
