1.069642439726958605e+00 -1.253898597699078188e+00 nan
1.218627458003121777e+00 -9.615787388117713608e-01 2.454380139751701495e-01
1.388363836590320144e+00 -1.178630920816708283e+00 nan
1.581741926207981042e+00 -1.048725733344736177e+00 nan
1.802054659727066133e+00 -8.493314788194781251e-01 2.761623360521237580e-01
2.053053625776520175e+00 5.850494170253053294e-01 7.346779035264927593e-01
2.339012952555230562e+00 2.229544433605925136e+00 8.600610198054526867e-01
2.664802089693036891e+00 5.594983199012349750e+00 1.025352854194210961e+00
3.035968727524477995e+00 7.471355712925646486e+00 9.646551151986219041e-01
3.458833265763586962e+00 8.515903425392622239e+00 8.487441952965133485e-01
3.940596440236666886e+00 9.303618068830715515e+00 7.347967031679524252e-01
4.489461940391565875e+00 7.103663152306147310e+00 5.379959636611497675e-01
5.114776105571953835e+00 6.113467987615035071e+00 4.190270484985618160e-01
5.827187078870319503e+00 5.185813733671689185e+00 3.259144095810855846e-01
6.638826128706195817e+00 4.098480644957993135e+00 2.463822578990885748e-01
7.563514225758552811e+00 3.463066504716981520e+00 1.937417913982997786e-01
8.616997392941321721e+00 2.548847917956074127e+00 1.443390821892886478e-01
9.817214836071872952e+00 1.940415735796692465e+00 1.104949336138313920e-01
1.118460442108735009e+01 1.640139654631721733e+00 8.946883296488829240e-02
1.274245069961824761e+01 1.282469516395256859e+00 7.115122357204899106e-02
1.451728140926205768e+01 1.000787393331535213e+00 5.758118375463872757e-02
1.653931920034971981e+01 7.596644491663060439e-01 4.708702156660540122e-02
1.884299628142029093e+01 5.963097641095502777e-01 3.976221591921610954e-02
2.146754074702852577e+01 4.520715172651434965e-01 3.402909952669563864e-02
2.445764457215044274e+01 3.271284900286219877e-01 2.953828448885801108e-02
2.786422464810916466e+01 2.422281136223625175e-01 2.643420692298382654e-02
3.174528981929791982e+01 1.774426513705766872e-01 2.416140290070238963e-02
3.616692868500850011e+01 1.265783168573955120e-01 2.247315392004776632e-02
4.120443498711833286e+01 8.314693802390182853e-02 2.115185994311107390e-02
4.694358974726586098e+01 5.817893621079872624e-02 2.033433030076942094e-02
