1.069642439726958605e+00 -1.426303031549881695e+00 nan
1.218627458003121777e+00 -1.014182588972317500e+00 nan
1.388363836590320144e+00 -4.710197167947505204e-01 3.077260592158958530e-01
1.581741926207981042e+00 5.977248453660537475e-01 4.358028495983125583e-01
1.802054659727066133e+00 2.396085027399613931e+00 5.233990516055512243e-01
2.053053625776520175e+00 4.708760691137484855e+00 5.585672741392989638e-01
2.339012952555230562e+00 6.758377955010807625e+00 5.370549008860524554e-01
2.664802089693036891e+00 7.668761965308518391e+00 4.755219828253258174e-01
3.035968727524477995e+00 7.799988197925001643e+00 3.996050209700082734e-01
3.458833265763586962e+00 7.111233984288916510e+00 3.194942339478942239e-01
3.940596440236666886e+00 6.373635288862685933e+00 2.539963453870228149e-01
4.489461940391565875e+00 5.099956110925615960e+00 1.921256725827064638e-01
5.114776105571953835e+00 4.220529420372353790e+00 1.487205074813251482e-01
5.827187078870319503e+00 3.312608263769260653e+00 1.132318874176793944e-01
6.638826128706195817e+00 2.635073900273193104e+00 8.748197675026178621e-02
7.563514225758552811e+00 2.141489458179511196e+00 6.906980386493206947e-02
8.616997392941321721e+00 1.724286497289850839e+00 5.496270821592796896e-02
9.817214836071872952e+00 1.322773331941623276e+00 4.350611693279739234e-02
1.118460442108735009e+01 1.064852283689412316e+00 3.573709778325541431e-02
1.274245069961824761e+01 8.367558088324094090e-01 2.962635301109689534e-02
1.451728140926205768e+01 6.832792970349519379e-01 2.540281663838838550e-02
1.653931920034971981e+01 5.177271498919273629e-01 2.172430621328637346e-02
1.884299628142029093e+01 4.058653566812289171e-01 1.918696597186781566e-02
2.146754074702852577e+01 2.987361342740593173e-01 1.707579337089850866e-02
2.445764457215044274e+01 2.301208807036438930e-01 1.567546794430744669e-02
2.786422464810916466e+01 1.759210018259200758e-01 1.462658547302521199e-02
3.174528981929791982e+01 1.227510267047702275e-01 1.371889556361220210e-02
3.616692868500850011e+01 8.221532187843916262e-02 1.304903586415967313e-02
4.120443498711833286e+01 5.742515561525673995e-02 1.262503641851053793e-02
4.694358974726586098e+01 3.807918628190321009e-02 1.230757810337447002e-02
