1.069642439726958605e+00 -1.293489331537019726e+00 nan
1.218627458003121777e+00 -8.579394014982548722e-01 4.735719287377369580e-01
1.388363836590320144e+00 -1.146361831575057444e+00 nan
1.581741926207981042e+00 -5.672454117342766722e-01 5.712537229630190172e-01
1.802054659727066133e+00 -7.897767945392475397e-01 3.273334367969736314e-01
2.053053625776520175e+00 3.189593123626808246e-01 6.723887847706099263e-01
2.339012952555230562e+00 1.962818085632480170e+00 8.264365970169053055e-01
2.664802089693036891e+00 6.446278407097048913e+00 1.094230517174783923e+00
3.035968727524477995e+00 7.962794529889536399e+00 9.963614760362180522e-01
3.458833265763586962e+00 8.364367294127891483e+00 8.444988107952423606e-01
3.940596440236666886e+00 7.665736895909001980e+00 6.724910457324647650e-01
4.489461940391565875e+00 7.373123863461128913e+00 5.493771247403759217e-01
5.114776105571953835e+00 6.371503198988150984e+00 4.287134843752358204e-01
5.827187078870319503e+00 4.800985529078072744e+00 3.154180789673422525e-01
6.638826128706195817e+00 4.013341413977398631e+00 2.447945761783096030e-01
7.563514225758552811e+00 3.228476681665259473e+00 1.882677237250299784e-01
8.616997392941321721e+00 2.629160449528692212e+00 1.467536774657293430e-01
9.817214836071872952e+00 2.052837819616085469e+00 1.134474842197437938e-01
1.118460442108735009e+01 1.667811084254437137e+00 9.033955906742506536e-02
1.274245069961824761e+01 1.348583022326665493e+00 7.274573444974971603e-02
1.451728140926205768e+01 9.977456081964843904e-01 5.767602008009595910e-02
1.653931920034971981e+01 7.457827081253631807e-01 4.693490735993859769e-02
1.884299628142029093e+01 5.893394563949150289e-01 3.972610566875246080e-02
2.146754074702852577e+01 4.587982407734081391e-01 3.423765113906586388e-02
2.445764457215044274e+01 3.394195966063302539e-01 2.983627581249463645e-02
2.786422464810916466e+01 2.492138066226754489e-01 2.662135070294515543e-02
3.174528981929791982e+01 1.703565604649071030e-01 2.407862412798523685e-02
3.616692868500850011e+01 1.210709168318762075e-01 2.241478109492341803e-02
4.120443498711833286e+01 8.832464087686364707e-02 2.128794615082782449e-02
4.694358974726586098e+01 5.701223304389047009e-02 2.035014179311528740e-02
