1.069642439726958605e+00 -2.679670959620412685e+00 nan
1.218627458003121777e+00 -7.894571788060953388e-01 3.505395224840801127e+00
1.388363836590320144e+00 -2.060995388364178282e+00 nan
1.581741926207981042e+00 -8.694565217391303502e-01 1.907514500060138340e+00
1.802054659727066133e+00 -1.202342753472755099e+00 nan
2.053053625776520175e+00 -9.644320784803528390e-01 6.709203880106299200e-01
2.339012952555230562e+00 -8.373367857955840154e-01 1.174824511442551733e+00
2.664802089693036891e+00 -1.062783987623283632e+00 nan
3.035968727524477995e+00 4.655306769509761633e-01 2.416379969336235334e+00
3.458833265763586962e+00 4.600216895224631841e+00 3.894573737048657058e+00
3.940596440236666886e+00 9.357398815183449514e+00 4.366693839426387669e+00
4.489461940391565875e+00 8.272778432559833917e+00 3.398681590955306309e+00
5.114776105571953835e+00 9.432326284554303442e+00 2.977828240815817207e+00
5.827187078870319503e+00 1.173331603994257399e+01 2.733941889795413083e+00
6.638826128706195817e+00 8.684460577890487087e+00 1.964471074180881294e+00
7.563514225758552811e+00 7.818515491213466007e+00 1.556244701180704126e+00
8.616997392941321721e+00 6.038693286536187088e+00 1.150413005977300562e+00
9.817214836071872952e+00 4.439294713519314151e+00 8.359322314937231990e-01
1.118460442108735009e+01 4.283285712041220883e+00 6.905830851122721770e-01
1.274245069961824761e+01 2.867059573402485739e+00 4.879428620544264961e-01
1.451728140926205768e+01 1.960661109681155923e+00 3.542491275277007690e-01
1.653931920034971981e+01 1.406005655487947870e+00 2.664897037257048518e-01
1.884299628142029093e+01 1.100206473881828906e+00 2.096286257062173197e-01
2.146754074702852577e+01 8.192079441313673271e-01 1.651424435017968817e-01
2.445764457215044274e+01 6.768450588051166950e-01 1.362618794513130449e-01
2.786422464810916466e+01 4.996334031014586508e-01 1.112315732332861962e-01
3.174528981929791982e+01 3.481163750728151207e-01 9.198057603927839443e-02
3.616692868500850011e+01 2.322330230273610407e-01 7.781083074439365532e-02
4.120443498711833286e+01 1.939968861620984253e-01 6.975249758533880184e-02
4.694358974726586098e+01 7.603329190021002049e-02 5.973699672857472887e-02
