1.069642439726958605e+00 -1.102895728317761392e+00 nan
1.218627458003121777e+00 -6.871745150174708439e-01 2.794938826494169359e-01
1.388363836590320144e+00 -8.658791635681626353e-01 1.553077813673880703e-01
1.581741926207981042e+00 4.616489676665742614e-01 4.178223948390199505e-01
1.802054659727066133e+00 2.479576265649590106e+00 5.311291729971511222e-01
2.053053625776520175e+00 5.130315700237223275e+00 5.805393721724302347e-01
2.339012952555230562e+00 6.993799279151025061e+00 5.466977474433285522e-01
2.664802089693036891e+00 7.480163735332737929e+00 4.712187122911552506e-01
3.035968727524477995e+00 7.564358146382303971e+00 3.948067369886782974e-01
3.458833265763586962e+00 7.034124733513976935e+00 3.185863109440202345e-01
3.940596440236666886e+00 6.141153398161976362e+00 2.500864324839118802e-01
4.489461940391565875e+00 5.114569977785320631e+00 1.928275226499985562e-01
5.114776105571953835e+00 4.089533929378450949e+00 1.468637976623228536e-01
5.827187078870319503e+00 3.356566390792393939e+00 1.141740760552322348e-01
6.638826128706195817e+00 2.609529921850442413e+00 8.729101688693406691e-02
7.563514225758552811e+00 2.158570037423340526e+00 6.945656169980972405e-02
8.616997392941321721e+00 1.652769126107091591e+00 5.410865360345862296e-02
9.817214836071872952e+00 1.358674393201649400e+00 4.405923782975101205e-02
1.118460442108735009e+01 1.048520683845924673e+00 3.559897922235376322e-02
1.274245069961824761e+01 8.385872300928467471e-01 2.970262511319819027e-02
1.451728140926205768e+01 6.625663361091780335e-01 2.519640740963621089e-02
1.653931920034971981e+01 5.090509006401866543e-01 2.165642813407670647e-02
1.884299628142029093e+01 3.846498026519600266e-01 1.896589322681808618e-02
2.146754074702852577e+01 3.049761800226111763e-01 1.717464469441804323e-02
2.445764457215044274e+01 2.313517417539532328e-01 1.571226391711286544e-02
2.786422464810916466e+01 1.690018349134188025e-01 1.456569188301496016e-02
3.174528981929791982e+01 1.207443403384451663e-01 1.371375328789169179e-02
3.616692868500850011e+01 8.766415131060356636e-02 1.312977217044753418e-02
4.120443498711833286e+01 6.063021669415502579e-02 1.267868941085622224e-02
4.694358974726586098e+01 3.695102513674908273e-02 1.230997994647423620e-02
