1.069642439726958605e+00 -3.685204402417356917e-01 8.064414487908191376e+00
1.218627458003121777e+00 -1.290136475306189467e-01 7.197401558161238277e+00
1.388363836590320144e+00 -9.515882040686751697e-01 1.440052576481124724e+00
1.581741926207981042e+00 -1.480293188202247645e+00 nan
1.802054659727066133e+00 -1.369006734983543971e+00 nan
2.053053625776520175e+00 -1.472698904098749928e+00 nan
2.339012952555230562e+00 -9.368241789958233756e-01 7.390888463773102046e-01
2.664802089693036891e+00 -1.093656939685236917e+00 nan
3.035968727524477995e+00 1.617540472202401158e+00 3.260925642502926713e+00
3.458833265763586962e+00 -1.091944566564511554e+00 nan
3.940596440236666886e+00 9.468442184502501746e+00 4.431694096502805102e+00
4.489461940391565875e+00 9.414317057674722378e+00 3.639138003489966966e+00
5.114776105571953835e+00 1.395127921368722568e+01 3.617998729163050875e+00
5.827187078870319503e+00 1.296812740886816506e+01 2.896250901072781048e+00
6.638826128706195817e+00 8.698334805814708304e+00 1.984115235249283682e+00
7.563514225758552811e+00 6.259308251977993010e+00 1.416523876316981623e+00
8.616997392941321721e+00 5.363018605222983126e+00 1.099658278139733492e+00
9.817214836071872952e+00 4.025920231810474093e+00 8.081183629350207065e-01
1.118460442108735009e+01 3.572035957338635548e+00 6.428315090487809469e-01
1.274245069961824761e+01 2.664117136132218011e+00 4.775372698119170756e-01
1.451728140926205768e+01 1.930119153734034754e+00 3.552496166322549609e-01
1.653931920034971981e+01 1.551949533986770824e+00 2.782473587285719807e-01
1.884299628142029093e+01 1.298828433245525549e+00 2.233427320603986743e-01
2.146754074702852577e+01 9.376322863254491491e-01 1.732448118814829963e-01
2.445764457215044274e+01 8.271383724530743109e-01 1.453761936514199049e-01
2.786422464810916466e+01 5.433817792676196579e-01 1.143329093388462947e-01
3.174528981929791982e+01 4.025646575553591955e-01 9.535693234249832673e-02
3.616692868500850011e+01 2.462941940399336893e-01 7.903495636530429025e-02
4.120443498711833286e+01 1.705672167992715593e-01 6.910221590538516423e-02
4.694358974726586098e+01 1.003586156316569333e-01 6.124902695674228764e-02
