1.069642439726958605e+00 -6.754031582498050135e-01 1.651880646898471028e+01
1.218627458003121777e+00 -2.900424746909537888e-01 1.856509097499449368e+01
1.388363836590320144e+00 -1.787423874216442776e+00 nan
1.581741926207981042e+00 -1.772442326980942617e+00 nan
1.802054659727066133e+00 -7.698916762744116848e-01 6.005151160794474308e+00
2.053053625776520175e+00 -1.377790602318739843e+00 nan
2.339012952555230562e+00 -1.016143653473509545e+00 nan
2.664802089693036891e+00 -9.073510417153605179e-01 2.123337578841953288e+00
3.035968727524477995e+00 -9.359691638523217616e-01 1.456169643168847561e+00
3.458833265763586962e+00 -8.627760230741250425e-01 1.754507730040045788e+00
3.940596440236666886e+00 -1.211881931956933833e+00 nan
4.489461940391565875e+00 9.133986972809466920e+00 1.019774285311369333e+01
5.114776105571953835e+00 2.206962851395382685e+01 1.273330681652163143e+01
5.827187078870319503e+00 1.297521478267995576e+01 8.143937650149945640e+00
6.638826128706195817e+00 1.157954322613245601e+01 6.366695649694396941e+00
7.563514225758552811e+00 1.187825415744051405e+01 5.333550610760022792e+00
8.616997392941321721e+00 6.654332394383104088e+00 3.374739627518604124e+00
9.817214836071872952e+00 8.649018876678045586e+00 3.156014740407913077e+00
1.118460442108735009e+01 2.719081847830187026e+00 1.592051221642277525e+00
1.274245069961824761e+01 2.415007386378451137e+00 1.260903662772191680e+00
1.451728140926205768e+01 3.106305126920897219e+00 1.156816494119087491e+00
1.653931920034971981e+01 2.144316888849044034e+00 8.367619098645341369e-01
1.884299628142029093e+01 1.722699799241513618e+00 6.474750748634365838e-01
2.146754074702852577e+01 1.105004771063999858e+00 4.718901928657299183e-01
2.445764457215044274e+01 1.048727988436217284e+00 3.928363168005588046e-01
2.786422464810916466e+01 6.538072679715143387e-01 2.947929740741820348e-01
3.174528981929791982e+01 3.595071402727954002e-01 2.242241792006641754e-01
3.616692868500850011e+01 2.462608493519937714e-01 1.833684492919042397e-01
4.120443498711833286e+01 1.199346238609064752e-01 1.493177121015886732e-01
4.694358974726586098e+01 1.271407367545627221e-01 1.329827793621688736e-01
