1.069642439726958605e+00 -1.748110352920038579e+00 nan
1.218627458003121777e+00 -7.099491591372482091e-01 4.111319113099899947e-01
1.388363836590320144e+00 -1.133120513162658938e+00 nan
1.581741926207981042e+00 -2.635177969577264800e-01 4.528407741099469419e-01
1.802054659727066133e+00 3.554357169035100572e-01 5.053170950800716099e-01
2.053053625776520175e+00 2.874261780202710170e+00 7.019004192589968216e-01
2.339012952555230562e+00 4.754272424647917994e+00 7.031140536574376210e-01
2.664802089693036891e+00 7.034089883423965794e+00 6.947819696589274674e-01
3.035968727524477995e+00 8.129201801923068516e+00 6.166425142057702091e-01
3.458833265763586962e+00 8.483148902142731984e+00 5.235312242509859715e-01
3.940596440236666886e+00 7.022641110795447617e+00 3.989422805319473020e-01
4.489461940391565875e+00 6.074587051532284399e+00 3.115431829804006791e-01
5.114776105571953835e+00 5.040759726115476624e+00 2.399210864292220524e-01
5.827187078870319503e+00 3.938969962254248891e+00 1.808939574719302945e-01
6.638826128706195817e+00 3.249020307879586511e+00 1.407580224707945249e-01
7.563514225758552811e+00 2.519316274165994685e+00 1.076401544758299328e-01
8.616997392941321721e+00 2.032478249672516224e+00 8.465125101962318876e-02
9.817214836071872952e+00 1.673129599653322419e+00 6.794084607263625730e-02
1.118460442108735009e+01 1.248798773571211385e+00 5.323335431359101089e-02
1.274245069961824761e+01 1.037218995172223268e+00 4.420034844005463898e-02
1.451728140926205768e+01 7.792306201317238390e-01 3.610251974613195441e-02
1.653931920034971981e+01 5.951285494652687191e-01 3.034381071373390762e-02
1.884299628142029093e+01 4.495170081984853905e-01 2.602996434134711295e-02
2.146754074702852577e+01 3.596873375998685951e-01 2.318450563211558318e-02
2.445764457215044274e+01 2.554138036205564344e-01 2.058175628766785448e-02
2.786422464810916466e+01 1.865316131359930907e-01 1.882196802306149164e-02
3.174528981929791982e+01 1.323277997961447294e-01 1.750811883514983777e-02
3.616692868500850011e+01 1.015298771063508632e-01 1.669729054250350744e-02
4.120443498711833286e+01 6.333851635654164092e-02 1.589366319089458718e-02
4.694358974726586098e+01 4.374913571041227911e-02 1.543863896885177070e-02
