1.069642439726958605e+00 -9.893585556542998649e-01 6.784469833970055430e-02
1.218627458003121777e+00 -9.656206158769686798e-01 9.267039111535206597e-02
1.388363836590320144e+00 -3.385029183554284504e-01 3.450640393429858510e-01
1.581741926207981042e+00 7.799914469213271584e-01 4.612769804768245274e-01
1.802054659727066133e+00 2.763396264624996768e+00 5.526295909349948632e-01
2.053053625776520175e+00 4.800171966086663744e+00 5.645931780510866638e-01
2.339012952555230562e+00 7.098093007585819514e+00 5.504868472774524513e-01
2.664802089693036891e+00 8.042737792587505652e+00 4.874248378152506445e-01
3.035968727524477995e+00 8.438829053776295552e+00 4.159258774879432408e-01
3.458833265763586962e+00 7.082565792290990814e+00 3.197019747022101788e-01
3.940596440236666886e+00 6.362718921937235095e+00 2.544318729018144598e-01
4.489461940391565875e+00 5.216123337187720921e+00 1.946869740470643095e-01
5.114776105571953835e+00 4.116172995368594378e+00 1.473431099109269726e-01
5.827187078870319503e+00 3.336121383762286730e+00 1.138772330399814153e-01
6.638826128706195817e+00 2.677287173472798987e+00 8.831792623646871065e-02
7.563514225758552811e+00 2.192223075323980641e+00 6.994486129854940448e-02
8.616997392941321721e+00 1.744396237656065329e+00 5.535717504773245146e-02
9.817214836071872952e+00 1.350756078998063492e+00 4.396477853201440772e-02
1.118460442108735009e+01 1.054283114954653211e+00 3.567826561957079812e-02
1.274245069961824761e+01 8.349498122296767910e-01 2.966310732487240434e-02
1.451728140926205768e+01 6.684739798168723990e-01 2.527201405519363675e-02
1.653931920034971981e+01 5.007326994763579009e-01 2.156061592902001889e-02
1.884299628142029093e+01 3.921618981073682342e-01 1.905766371160739353e-02
2.146754074702852577e+01 2.886968858722021025e-01 1.698553940765286027e-02
2.445764457215044274e+01 2.243382884630455987e-01 1.563217064699986419e-02
2.786422464810916466e+01 1.659286106733135480e-01 1.453165638195274244e-02
3.174528981929791982e+01 1.230105520029542987e-01 1.374204562746245833e-02
3.616692868500850011e+01 8.402627085634351012e-02 1.308890787376962989e-02
4.120443498711833286e+01 5.671951278622344716e-02 1.263456251384451230e-02
4.694358974726586098e+01 3.628311882852708337e-02 1.230369110553062792e-02
