1.069642439726958605e+00 -1.287900307644093356e+00 nan
1.218627458003121777e+00 -6.307935725297770801e-01 3.046613522217160308e-01
1.388363836590320144e+00 -4.966795965623287401e-01 3.019137377473204431e-01
1.581741926207981042e+00 5.839827743896248702e-01 4.364448701471395076e-01
1.802054659727066133e+00 2.667560968295792367e+00 5.471984214536519397e-01
2.053053625776520175e+00 4.654920824603383522e+00 5.591029486441051466e-01
2.339012952555230562e+00 6.609812250597633110e+00 5.347954782487207570e-01
2.664802089693036891e+00 8.486029087233507795e+00 5.013229732869802779e-01
3.035968727524477995e+00 8.117576660982539494e+00 4.095260333378973328e-01
3.458833265763586962e+00 7.119827693822823989e+00 3.214574619661171306e-01
3.940596440236666886e+00 6.235326906161655636e+00 2.527124782279124848e-01
4.489461940391565875e+00 4.955994942764427869e+00 1.905663907528825085e-01
5.114776105571953835e+00 4.067004956460850806e+00 1.469366257406153897e-01
5.827187078870319503e+00 3.429791205226980999e+00 1.156697481365859537e-01
6.638826128706195817e+00 2.654744292953726159e+00 8.822475199530628587e-02
7.563514225758552811e+00 2.176899179123611638e+00 6.991561084900309309e-02
8.616997392941321721e+00 1.728100424758288955e+00 5.528064870834110273e-02
9.817214836071872952e+00 1.333205967197820918e+00 4.384628208095504853e-02
1.118460442108735009e+01 1.135977434961658039e+00 3.679470070780113677e-02
1.274245069961824761e+01 8.465497065182225889e-01 2.987435268870410054e-02
1.451728140926205768e+01 6.689056424664951983e-01 2.533254201144800183e-02
1.653931920034971981e+01 5.153197065440142666e-01 2.177992917279834850e-02
1.884299628142029093e+01 3.894729960098415322e-01 1.906353412336670577e-02
2.146754074702852577e+01 3.039729598258191778e-01 1.719772715939938204e-02
2.445764457215044274e+01 2.205769010414797560e-01 1.561627268483363126e-02
2.786422464810916466e+01 1.667163161241764779e-01 1.456626125826196612e-02
3.174528981929791982e+01 1.219565476425461537e-01 1.375298035450076700e-02
3.616692868500850011e+01 8.315502351933079517e-02 1.310037809664176336e-02
4.120443498711833286e+01 5.827558587132419810e-02 1.267333255119262869e-02
4.694358974726586098e+01 4.258816579430502181e-02 1.239724766251209913e-02
