1.069642439726958605e+00 -1.255361281046488919e+00 nan
1.218627458003121777e+00 -6.280662623631405594e-01 1.356662648624024214e+01
1.388363836590320144e+00 -1.725998323180564231e-01 1.717267022528091047e+01
1.581741926207981042e+00 -1.332594936708860978e+00 nan
1.802054659727066133e+00 -1.417595593664842557e+00 nan
2.053053625776520175e+00 -1.965528032211315779e+00 nan
2.339012952555230562e+00 -5.621581947113791777e-01 5.612537185507290083e+00
2.664802089693036891e+00 -8.930612544644058737e-01 2.303168843005303223e+00
3.035968727524477995e+00 -9.545936773273573372e-01 1.238037792421010641e+00
3.458833265763586962e+00 -1.738293958407229223e+00 nan
3.940596440236666886e+00 4.081615859751055453e+00 8.862796980204594277e+00
4.489461940391565875e+00 2.461352999428375821e+00 6.005377609314824561e+00
5.114776105571953835e+00 5.896967416220604719e+00 6.980211203699116851e+00
5.827187078870319503e+00 1.327635043332264608e+01 8.311288073620419325e+00
6.638826128706195817e+00 1.191759751750924856e+01 6.515065232678211693e+00
7.563514225758552811e+00 9.126016017546255910e+00 4.756356498618351303e+00
8.616997392941321721e+00 7.867710370452883240e+00 3.675705043208105760e+00
9.817214836071872952e+00 8.602569446871275005e+00 3.177426489032435519e+00
1.118460442108735009e+01 5.433812212558166266e+00 2.138757846717596056e+00
1.274245069961824761e+01 3.092853311372811831e+00 1.399407129584226528e+00
1.451728140926205768e+01 2.828332806346211203e+00 1.124444812224560497e+00
1.653931920034971981e+01 2.751840884590905478e+00 9.299290033671294697e-01
1.884299628142029093e+01 1.989880391940136217e+00 6.882171515018195018e-01
2.146754074702852577e+01 1.333788980578617611e+00 5.045925294127930893e-01
2.445764457215044274e+01 8.043358657177714921e-01 3.682992393096968797e-01
2.786422464810916466e+01 6.948558208336204078e-01 3.017298637291778163e-01
3.174528981929791982e+01 8.280602373897782975e-01 2.719752452438263246e-01
3.616692868500850011e+01 3.072167697469725400e-01 1.906291379812430076e-01
4.120443498711833286e+01 3.247180293752982561e-01 1.686539186239097710e-01
4.694358974726586098e+01 1.445642591393581089e-01 1.354650422203879934e-01
