1.069642439726958605e+00 -1.936152133547294429e+00 nan
1.218627458003121777e+00 -2.052087658306010809e+00 nan
1.388363836590320144e+00 -7.911570650103547653e-01 2.994666400432754116e+00
1.581741926207981042e+00 -1.267402003867112104e+00 nan
1.802054659727066133e+00 -1.590868282204807915e+00 nan
2.053053625776520175e+00 -7.648849751000219577e-01 1.743497421960456428e+00
2.339012952555230562e+00 -9.063394131597766190e-01 9.010218834374136287e-01
2.664802089693036891e+00 9.751706304694380822e-01 3.436911840616038827e+00
3.035968727524477995e+00 2.043025198824750532e-01 2.213791494396895043e+00
3.458833265763586962e+00 6.366719485135161172e+00 4.517614843515246115e+00
3.940596440236666886e+00 6.376491305575751944e+00 3.718178879043618323e+00
4.489461940391565875e+00 1.328136258049900320e+01 4.280381680264366828e+00
5.114776105571953835e+00 1.226935577494853824e+01 3.405642519804762625e+00
5.827187078870319503e+00 8.901237796868503693e+00 2.423907936305403688e+00
6.638826128706195817e+00 1.016167523143730023e+01 2.139167131320434123e+00
7.563514225758552811e+00 6.989979831135457289e+00 1.492014346410539316e+00
8.616997392941321721e+00 4.795852224998697011e+00 1.047446964580881046e+00
9.817214836071872952e+00 4.004558965218296684e+00 8.072114116994485444e-01
1.118460442108735009e+01 3.743073938670971046e+00 6.568118450389590635e-01
1.274245069961824761e+01 2.700801347335866520e+00 4.807736563876207625e-01
1.451728140926205768e+01 2.076386138708222973e+00 3.657241574791802452e-01
1.653931920034971981e+01 1.692232329420029435e+00 2.875021188866954125e-01
1.884299628142029093e+01 1.265599203789371519e+00 2.216070503568353112e-01
2.146754074702852577e+01 8.303601049079414320e-01 1.673277648016592012e-01
2.445764457215044274e+01 7.677679887726172048e-01 1.423660708305064804e-01
2.786422464810916466e+01 5.670573675089995991e-01 1.156598682697040220e-01
3.174528981929791982e+01 3.901026449185238665e-01 9.483007741116715461e-02
3.616692868500850011e+01 3.248018606652329776e-01 8.289428451988968549e-02
4.120443498711833286e+01 1.756276201240019041e-01 6.940133859124617000e-02
4.694358974726586098e+01 9.712828336636980531e-02 6.114762399710809565e-02
