1.069642439726958605e+00 -1.084240868505301769e+00 nan
1.218627458003121777e+00 -8.966327895493240163e-01 4.004777898752520104e-01
1.388363836590320144e+00 -1.101588333451525958e+00 nan
1.581741926207981042e+00 -7.680394464452826586e-01 4.146057418992838972e-01
1.802054659727066133e+00 -1.036947149840354854e+00 nan
2.053053625776520175e+00 -1.011000444705700829e-03 5.800388795206927739e-01
2.339012952555230562e+00 2.947844781236820477e+00 9.464684112471732913e-01
2.664802089693036891e+00 4.184936376913039879e+00 9.030687377851809305e-01
3.035968727524477995e+00 7.693173230920269390e+00 9.725086117475566505e-01
3.458833265763586962e+00 8.496019823594194165e+00 8.434899063438267008e-01
3.940596440236666886e+00 8.288908107228762034e+00 6.918451264552569757e-01
4.489461940391565875e+00 6.938483437322467751e+00 5.293926794319021578e-01
5.114776105571953835e+00 6.173030589673738966e+00 4.188638781245265785e-01
5.827187078870319503e+00 5.139892680967244942e+00 3.229639975884661118e-01
6.638826128706195817e+00 4.078596176377084603e+00 2.446419554004895802e-01
7.563514225758552811e+00 3.083373996854634758e+00 1.830022612320593711e-01
8.616997392941321721e+00 2.490462680332269585e+00 1.422335225448830842e-01
9.817214836071872952e+00 1.959565193282893469e+00 1.104331087734768679e-01
1.118460442108735009e+01 1.563979187632568824e+00 8.739801691964292629e-02
1.274245069961824761e+01 1.222074132809562119e+00 6.957425439924450061e-02
1.451728140926205768e+01 9.399537606912835574e-01 5.610750971032979484e-02
1.653931920034971981e+01 7.628308222658550797e-01 4.696238081879934578e-02
1.884299628142029093e+01 5.331777250013962632e-01 3.839410768742228947e-02
2.146754074702852577e+01 4.533216915996818308e-01 3.393049771493435868e-02
2.445764457215044274e+01 3.224645774252088426e-01 2.934981663565375265e-02
2.786422464810916466e+01 2.423733707425772543e-01 2.635102888486270944e-02
3.174528981929791982e+01 1.727903359527265259e-01 2.400020306741237203e-02
3.616692868500850011e+01 1.150623126025784870e-01 2.219319147411785362e-02
4.120443498711833286e+01 7.705093504658733217e-02 2.097831581026972370e-02
4.694358974726586098e+01 6.133467898438804689e-02 2.033557045085061452e-02
