1.069642439726958605e+00 -1.827792362916973001e+00 nan
1.218627458003121777e+00 -6.330273581346890222e-01 1.351691640969506025e+01
1.388363836590320144e+00 5.906158706829400806e-02 1.948781734830090784e+01
1.581741926207981042e+00 -4.038217369222956155e-01 1.190622797188631488e+01
1.802054659727066133e+00 -1.635828878865934755e+00 nan
2.053053625776520175e+00 -1.195512028974555552e+00 nan
2.339012952555230562e+00 -8.992950949135689598e-01 2.699861348043143927e+00
2.664802089693036891e+00 -1.029783634342362753e+00 nan
3.035968727524477995e+00 -8.714338789222064730e-01 2.089603857489268801e+00
3.458833265763586962e+00 -9.920672482734156361e-01 4.271943496664873940e-01
3.940596440236666886e+00 -9.548792046859235771e-01 8.368539099871930009e-01
4.489461940391565875e+00 9.272412758362946761e+00 1.039757726670513094e+01
5.114776105571953835e+00 2.485793741796869938e+01 1.366646911076346349e+01
5.827187078870319503e+00 1.336989884164115949e+01 8.364151840194956833e+00
6.638826128706195817e+00 9.682110575263747521e+00 5.930148814932152845e+00
7.563514225758552811e+00 9.131595474662512757e+00 4.772004465896732661e+00
8.616997392941321721e+00 1.280964829193607279e+01 4.645689582576374654e+00
9.817214836071872952e+00 6.346780780321259030e+00 2.769327216608357567e+00
1.118460442108735009e+01 5.770116912096346695e+00 2.203597860168417188e+00
1.274245069961824761e+01 5.516399376547819422e+00 1.797983016613280638e+00
1.451728140926205768e+01 3.416034760849982366e+00 1.217736703403658138e+00
1.653931920034971981e+01 2.399091573620072193e+00 8.835729022946468003e-01
1.884299628142029093e+01 1.438458685530755510e+00 6.166988060803840765e-01
2.146754074702852577e+01 1.000388105266775796e+00 4.641347527261495687e-01
2.445764457215044274e+01 1.077663485909081453e+00 4.006708534866027516e-01
2.786422464810916466e+01 8.110160364611080919e-01 3.148008119181625042e-01
3.174528981929791982e+01 5.155524609872657038e-01 2.424081160866754514e-01
3.616692868500850011e+01 4.495249838437240797e-01 2.043611539255599518e-01
4.120443498711833286e+01 1.535503134150799642e-01 1.539101339334733032e-01
4.694358974726586098e+01 6.890551896517438379e-02 1.293320131267460260e-01
