1.069642439726958605e+00 -1.587769328997956642e-01 2.758917504774781904e+01
1.218627458003121777e+00 -1.007553091467555895e+00 nan
1.388363836590320144e+00 -9.278956660380113242e-01 5.209243511810253580e+00
1.581741926207981042e+00 -9.175338189386055276e-01 4.536451035408222587e+00
1.802054659727066133e+00 -1.376250476060656425e+00 nan
2.053053625776520175e+00 -6.687615933699888604e-01 6.126387764134783254e+00
2.339012952555230562e+00 -5.565919008885813479e-01 5.803888534252706677e+00
2.664802089693036891e+00 -8.111071691541575923e-01 3.145464345992675437e+00
3.035968727524477995e+00 -6.661357926678630470e-01 3.449755705869975042e+00
3.458833265763586962e+00 -1.102622489245925319e+00 nan
3.940596440236666886e+00 1.526584922338530781e+01 1.632827955406681752e+01
4.489461940391565875e+00 9.947842587987540952e+00 1.099783699208829901e+01
5.114776105571953835e+00 1.122685976970314314e+01 9.570746252771998641e+00
5.827187078870319503e+00 2.075736712752851787e+01 1.058893235230404528e+01
6.638826128706195817e+00 1.022041936938952844e+01 6.227952340695310340e+00
7.563514225758552811e+00 9.727146446023816395e+00 5.032673794707613446e+00
8.616997392941321721e+00 9.325802393003815638e+00 4.085391991161094971e+00
9.817214836071872952e+00 6.723617283078641371e+00 2.910548851313076391e+00
1.118460442108735009e+01 2.557960572302986346e+00 1.613464669692748377e+00
1.274245069961824761e+01 6.220534614930969042e+00 1.945248991336247846e+00
1.451728140926205768e+01 4.742857331590171199e+00 1.437920549822477634e+00
1.653931920034971981e+01 2.102760430196314978e+00 8.605679131248299418e-01
1.884299628142029093e+01 1.719362145219661686e+00 6.699906136490040298e-01
2.146754074702852577e+01 2.046382482760812138e+00 6.027213538921479818e-01
2.445764457215044274e+01 7.920465825082831923e-01 3.762450755567515182e-01
2.786422464810916466e+01 8.065769978982317845e-01 3.212507148038949989e-01
3.174528981929791982e+01 6.554332186429974172e-01 2.615837933141809124e-01
3.616692868500850011e+01 2.498295303613080609e-01 1.896259838178441237e-01
4.120443498711833286e+01 2.156118054733398015e-01 1.626521110447030349e-01
4.694358974726586098e+01 1.163047332379663068e-01 1.359470189756244174e-01
