1.069642439726958605e+00 -1.215333056986082294e+00 nan
1.218627458003121777e+00 -8.093480884903689887e-01 5.450656155298015948e-01
1.388363836590320144e+00 -1.066637638934954779e+00 nan
1.581741926207981042e+00 -3.492273097121805225e-01 6.960197308714017872e-01
1.802054659727066133e+00 -6.966753959419791364e-01 3.906559895799394111e-01
2.053053625776520175e+00 8.800216351679612803e-01 7.977880759466438043e-01
2.339012952555230562e+00 2.829626853480920801e+00 9.341145953289847759e-01
2.664802089693036891e+00 4.929466922351010361e+00 9.685843685376183121e-01
3.035968727524477995e+00 7.994382690688199844e+00 9.917868233604468786e-01
3.458833265763586962e+00 8.161268531502779311e+00 8.296100543367770364e-01
3.940596440236666886e+00 7.620832318799326544e+00 6.664249449722110530e-01
4.489461940391565875e+00 7.618559573443039135e+00 5.545538823512943249e-01
5.114776105571953835e+00 5.910990363396242842e+00 4.112353690453259825e-01
5.827187078870319503e+00 5.001222177863311025e+00 3.194994761610110423e-01
6.638826128706195817e+00 4.155229629919847234e+00 2.472467558132521726e-01
7.563514225758552811e+00 3.066899364944921214e+00 1.829313286259526550e-01
8.616997392941321721e+00 2.595027535916137218e+00 1.450706242096998777e-01
9.817214836071872952e+00 1.935660782053032491e+00 1.100861022063255590e-01
1.118460442108735009e+01 1.579439263923344328e+00 8.790011696903630989e-02
1.274245069961824761e+01 1.283240015925156019e+00 7.098746862434568428e-02
1.451728140926205768e+01 9.465519032913161102e-01 5.633842665470663313e-02
1.653931920034971981e+01 7.769239632284494768e-01 4.731747865659409469e-02
1.884299628142029093e+01 6.024794928125976057e-01 3.979278694231852542e-02
2.146754074702852577e+01 4.301550358758710058e-01 3.354095843195872839e-02
2.445764457215044274e+01 3.429724768591033701e-01 2.977645469266700096e-02
2.786422464810916466e+01 2.469010136009730516e-01 2.647083802618785398e-02
3.174528981929791982e+01 1.932605806094485068e-01 2.441101008120767982e-02
3.616692868500850011e+01 1.278603476718707110e-01 2.245754828189595875e-02
4.120443498711833286e+01 9.325008971047155093e-02 2.130288438974369328e-02
4.694358974726586098e+01 6.064987237799046582e-02 2.034647042600051109e-02
