1.069642439726958605e+00 -1.322670386545032883e-01 2.737932160605300780e+01
1.218627458003121777e+00 1.918733050314092026e-02 2.254919235250376275e+01
1.388363836590320144e+00 -4.128427059449892855e-01 1.452511392011046887e+01
1.581741926207981042e+00 -1.342081850533808129e+00 nan
1.802054659727066133e+00 -6.886457142814927934e-01 7.081220785642224236e+00
2.053053625776520175e+00 -1.055954415049544792e+00 nan
2.339012952555230562e+00 -1.091348879549211670e+00 nan
2.664802089693036891e+00 -9.663040044705935028e-01 1.298101392608852711e+00
3.035968727524477995e+00 -8.956383369998734967e-01 1.884567543578151261e+00
3.458833265763586962e+00 -9.034521571580500510e-01 1.491871496482917392e+00
3.940596440236666886e+00 -9.160988205309419374e-01 1.142326041093623568e+00
4.489461940391565875e+00 9.422004099815389111e+00 1.048408400140636765e+01
5.114776105571953835e+00 8.593169381691954101e+00 8.275217973228661705e+00
5.827187078870319503e+00 1.021590888451926915e+01 7.382298403481612148e+00
6.638826128706195817e+00 1.308380086170658174e+01 6.837477422469797617e+00
7.563514225758552811e+00 1.070664048357459919e+01 5.145622982622515273e+00
8.616997392941321721e+00 6.870075714935388156e+00 3.469717995182775905e+00
9.817214836071872952e+00 5.978070855373216475e+00 2.698720687764108561e+00
1.118460442108735009e+01 5.326724902695571195e+00 2.128303909837444330e+00
1.274245069961824761e+01 5.731335839665686827e+00 1.831589947109990124e+00
1.451728140926205768e+01 3.358165004075684301e+00 1.210277038418583695e+00
1.653931920034971981e+01 1.522709363488510048e+00 7.530288534358728914e-01
1.884299628142029093e+01 1.729183506634017320e+00 6.567542735118686581e-01
2.146754074702852577e+01 8.668135072591691692e-01 4.471030856676548315e-01
2.445764457215044274e+01 7.017602737360681964e-01 3.575400437678348253e-01
2.786422464810916466e+01 7.857945070375735863e-01 3.124474994141906992e-01
3.174528981929791982e+01 5.606038053691078105e-01 2.470745423666394769e-01
3.616692868500850011e+01 3.574356250654120437e-01 1.959974079404915859e-01
4.120443498711833286e+01 2.250305674453543237e-01 1.604145250376939058e-01
4.694358974726586098e+01 1.079318604061580977e-01 1.327749628203966359e-01
