1.069642439726958605e+00 -3.604000746277358225e-01 8.067938519124020047e+00
1.218627458003121777e+00 -7.957031026413696750e-01 3.465061585012641387e+00
1.388363836590320144e+00 -1.020841770356161859e+00 nan
1.581741926207981042e+00 -9.295811518324608169e-01 1.405876234451438389e+00
1.802054659727066133e+00 -5.941198656155610713e-01 2.775006415323364006e+00
2.053053625776520175e+00 -1.409352898271908572e+00 nan
2.339012952555230562e+00 -1.202709972314355724e+00 nan
2.664802089693036891e+00 -1.002484455698868349e+00 nan
3.035968727524477995e+00 -1.013455538723152749e+00 nan
3.458833265763586962e+00 8.122812387766312980e+00 4.994805097785136816e+00
3.940596440236666886e+00 6.243211443385680681e+00 3.657902864614634986e+00
4.489461940391565875e+00 1.096129894887085143e+01 3.882119216100490267e+00
5.114776105571953835e+00 9.333585323364436803e+00 2.973555925429561153e+00
5.827187078870319503e+00 1.029635282703575605e+01 2.577260326653646683e+00
6.638826128706195817e+00 9.264104281105389305e+00 2.032354714840562515e+00
7.563514225758552811e+00 6.412957806853052389e+00 1.424014710120370175e+00
8.616997392941321721e+00 5.247751711283825671e+00 1.082718110733075445e+00
9.817214836071872952e+00 4.275774721746322449e+00 8.249236234218765285e-01
1.118460442108735009e+01 3.538091516098722522e+00 6.365894157859565139e-01
1.274245069961824761e+01 2.407896235085777548e+00 4.559740608557318331e-01
1.451728140926205768e+01 1.872307851778897358e+00 3.492925078709689379e-01
1.653931920034971981e+01 1.715151945641896880e+00 2.870753306711948949e-01
1.884299628142029093e+01 1.320898510567398487e+00 2.234692949200048073e-01
2.146754074702852577e+01 8.006072426496162464e-01 1.645839301547467604e-01
2.445764457215044274e+01 6.811670607302091618e-01 1.368939362197491016e-01
2.786422464810916466e+01 5.105198842162261830e-01 1.121040282966060397e-01
3.174528981929791982e+01 3.400802987230446828e-01 9.183163583382374096e-02
3.616692868500850011e+01 3.087746972428115910e-01 8.169200977949164777e-02
4.120443498711833286e+01 1.872189248527289518e-01 6.960179009344036327e-02
4.694358974726586098e+01 1.229167018277133039e-01 6.206009018070987593e-02
