1.069642439726958605e+00 -1.303794087562188064e+00 nan
1.218627458003121777e+00 -8.407216328565860763e-01 4.968038192885783633e-01
1.388363836590320144e+00 -9.295757315521153696e-01 2.803519913886620141e-01
1.581741926207981042e+00 -7.029948544676543065e-01 4.688496102364335116e-01
1.802054659727066133e+00 -8.826538117053202015e-01 2.422856140646114653e-01
2.053053625776520175e+00 6.671193755346114251e-01 7.490722531167585130e-01
2.339012952555230562e+00 3.328332600278548714e+00 9.906677347100870668e-01
2.664802089693036891e+00 3.865774596050694623e+00 8.739637216582575308e-01
3.035968727524477995e+00 7.095810148818188168e+00 9.370197506438554536e-01
3.458833265763586962e+00 8.885071102251410835e+00 8.608064780105565417e-01
3.940596440236666886e+00 8.806816695631308534e+00 7.116361217321869326e-01
4.489461940391565875e+00 7.391783651193886584e+00 5.451440582322918393e-01
5.114776105571953835e+00 6.048637296867071633e+00 4.145994765784745129e-01
5.827187078870319503e+00 4.771835218960357672e+00 3.117863503384588064e-01
6.638826128706195817e+00 4.009547045224796769e+00 2.425840708837751214e-01
7.563514225758552811e+00 3.339923095667214348e+00 1.895523753500426289e-01
8.616997392941321721e+00 2.520206972485640406e+00 1.428793633349695613e-01
9.817214836071872952e+00 2.033947349008629946e+00 1.120911297197041412e-01
1.118460442108735009e+01 1.649973191017125806e+00 8.923741119588080029e-02
1.274245069961824761e+01 1.277267748011771342e+00 7.069803553756788539e-02
1.451728140926205768e+01 9.495102665200383374e-01 5.627265577505422695e-02
1.653931920034971981e+01 7.484354006241595858e-01 4.665541887298668006e-02
1.884299628142029093e+01 5.766558359412696788e-01 3.921457814131511926e-02
2.146754074702852577e+01 4.217427117677314818e-01 3.331642901229222437e-02
2.445764457215044274e+01 3.298416279178832955e-01 2.947565372683363938e-02
2.786422464810916466e+01 2.382857701906500036e-01 2.626423128936138454e-02
3.174528981929791982e+01 1.819304083402117911e-01 2.416036921918789798e-02
3.616692868500850011e+01 1.316295094042974068e-01 2.249132614992847140e-02
4.120443498711833286e+01 8.997104097653951804e-02 2.120938365822254770e-02
4.694358974726586098e+01 5.600775783271894070e-02 2.023015200426796223e-02
