1.069642439726958605e+00 -1.251665836461113734e+00 nan
1.218627458003121777e+00 -8.608012136023135419e-01 2.856605242196774697e-01
1.388363836590320144e+00 -7.046480582767278289e-01 3.531524972689455977e-01
1.581741926207981042e+00 -4.721097566952625613e-01 3.845051537542676368e-01
1.802054659727066133e+00 5.272305319875303375e-01 5.380432156969613411e-01
2.053053625776520175e+00 2.269706574282099432e+00 6.464227949803069695e-01
2.339012952555230562e+00 5.263498006303029442e+00 7.362029784897370366e-01
2.664802089693036891e+00 6.781712062881848802e+00 6.855041107012158630e-01
3.035968727524477995e+00 7.665082972283593143e+00 6.018248781272356185e-01
3.458833265763586962e+00 7.903106399856704378e+00 5.076736250397845263e-01
3.940596440236666886e+00 7.425500517498804243e+00 4.108750755990349668e-01
4.489461940391565875e+00 5.924508178033415007e+00 3.087435314784300888e-01
5.114776105571953835e+00 4.992786960299981480e+00 2.395101096562581300e-01
5.827187078870319503e+00 4.105366206363386894e+00 1.849055863406228184e-01
6.638826128706195817e+00 3.258387012670652005e+00 1.413249352896092659e-01
7.563514225758552811e+00 2.620073567405080350e+00 1.098089096516777913e-01
8.616997392941321721e+00 2.018279280673624054e+00 8.461919881880017313e-02
9.817214836071872952e+00 1.619365121712105893e+00 6.720440613160834353e-02
1.118460442108735009e+01 1.293796739898925630e+00 5.409442520355908779e-02
1.274245069961824761e+01 1.015760074672179325e+00 4.396677634081683911e-02
1.451728140926205768e+01 7.586629456142683914e-01 3.586827613469740356e-02
1.653931920034971981e+01 6.060721632081120802e-01 3.057287809947878410e-02
1.884299628142029093e+01 4.574433121428727045e-01 2.620012983272028070e-02
2.146754074702852577e+01 3.580044791012273464e-01 2.320439606410818270e-02
2.445764457215044274e+01 2.729795189221690954e-01 2.087559167243245584e-02
2.786422464810916466e+01 1.966770995677200595e-01 1.900237840276535958e-02
3.174528981929791982e+01 1.418683842072916423e-01 1.767600596583047620e-02
3.616692868500850011e+01 9.447702626156129213e-02 1.662249268521466192e-02
4.120443498711833286e+01 6.760480515865552320e-02 1.598079761144712008e-02
4.694358974726586098e+01 4.519264196045069681e-02 1.548373338303673380e-02
