1.069642439726958605e+00 -1.789540662616993405e+00 nan
1.218627458003121777e+00 -9.331247704412040100e-01 5.692149764363780839e+00
1.388363836590320144e+00 -1.088473148241828614e+00 nan
1.581741926207981042e+00 -3.848321643286571891e-01 1.193072332531617086e+01
1.802054659727066133e+00 -8.721251928810911380e-01 4.472124977273229440e+00
2.053053625776520175e+00 -7.466235636801423770e-01 5.159469990283063190e+00
2.339012952555230562e+00 -3.583623398629720569e-01 6.722871493305563106e+00
2.664802089693036891e+00 -1.131509005247005373e+00 nan
3.035968727524477995e+00 -9.120517091385789143e-01 1.704890707599254318e+00
3.458833265763586962e+00 -1.054444103492397922e+00 nan
3.940596440236666886e+00 -1.259885290518488077e+00 nan
4.489461940391565875e+00 9.264560807742007853e+00 1.025336737890379801e+01
5.114776105571953835e+00 8.205883157214678647e+00 7.987790316687045866e+00
5.827187078870319503e+00 9.915695510341375751e+00 7.176361878963257723e+00
6.638826128706195817e+00 5.330089215602664687e+00 4.485432183279424834e+00
7.563514225758552811e+00 1.524840191184190985e+01 6.012457623803189044e+00
8.616997392941321721e+00 8.548076365979280666e+00 3.779847943382890652e+00
9.817214836071872952e+00 8.110798849844215397e+00 3.058928762743352792e+00
1.118460442108735009e+01 6.696393510539218497e+00 2.327861744843632064e+00
1.274245069961824761e+01 3.692304701896560459e+00 1.488719091379412385e+00
1.451728140926205768e+01 3.540473013716901374e+00 1.220129900006352575e+00
1.653931920034971981e+01 2.695451678688213892e+00 9.129962407149135872e-01
1.884299628142029093e+01 1.386816277835250855e+00 6.016559148736375651e-01
2.146754074702852577e+01 9.537089331625570043e-01 4.522266896982651829e-01
2.445764457215044274e+01 9.456614530435052401e-01 3.808958896076556910e-01
2.786422464810916466e+01 4.644821918504589142e-01 2.741311834619917787e-01
3.174528981929791982e+01 3.264960646788377385e-01 2.206921192971132706e-01
3.616692868500850011e+01 3.210969671938734837e-01 1.901997749049518793e-01
4.120443498711833286e+01 1.144539820450638512e-01 1.487044731851999424e-01
4.694358974726586098e+01 1.489953471759433157e-01 1.347218062518970305e-01
