1.069642439726958605e+00 -1.737957527486892584e+00 nan
1.218627458003121777e+00 -1.243024563533642102e+00 nan
1.388363836590320144e+00 -9.465666780132639957e-01 2.463513328431158611e-01
1.581741926207981042e+00 -1.063422008119389250e+00 nan
1.802054659727066133e+00 -8.719881979867227795e-01 2.552860363111133513e-01
2.053053625776520175e+00 2.547969772432099322e-01 6.554532383552327257e-01
2.339012952555230562e+00 2.820034726092106148e+00 9.384959335251744639e-01
2.664802089693036891e+00 5.693108726382847706e+00 1.036023071788957806e+00
3.035968727524477995e+00 7.220219503922864490e+00 9.525848205603589802e-01
3.458833265763586962e+00 7.824518443709246540e+00 8.183612504250254993e-01
3.940596440236666886e+00 7.830788871004141782e+00 6.788752715615109512e-01
4.489461940391565875e+00 7.389436426795509050e+00 5.496679174407471669e-01
5.114776105571953835e+00 6.417313510996844883e+00 4.299573795870563764e-01
5.827187078870319503e+00 5.108493642268017609e+00 3.244991034267068475e-01
6.638826128706195817e+00 4.107529604310006022e+00 2.472927824792311158e-01
7.563514225758552811e+00 3.416422830031646818e+00 1.930497680549098094e-01
8.616997392941321721e+00 2.509750050119660347e+00 1.437497512952643219e-01
9.817214836071872952e+00 1.875737455637177753e+00 1.092586152523487147e-01
1.118460442108735009e+01 1.587648917602803245e+00 8.852983949223290627e-02
1.274245069961824761e+01 1.225475792188000401e+00 7.011480541083102425e-02
1.451728140926205768e+01 9.340249144472838605e-01 5.635035399527172501e-02
1.653931920034971981e+01 7.672581270782499185e-01 4.734086361787694791e-02
1.884299628142029093e+01 5.593197921411428020e-01 3.912896291537897725e-02
2.146754074702852577e+01 4.207423958821630006e-01 3.349976399514937447e-02
2.445764457215044274e+01 3.155164904076708243e-01 2.937529176716414947e-02
2.786422464810916466e+01 2.344445336365275079e-01 2.633608565695950976e-02
3.174528981929791982e+01 1.651441987006805334e-01 2.397377090781584869e-02
3.616692868500850011e+01 1.162019279077313172e-01 2.231738494021273667e-02
4.120443498711833286e+01 7.396131240224446124e-02 2.101513208145936937e-02
4.694358974726586098e+01 4.884366038928900089e-02 2.019279306951069289e-02
