1.069642439726958605e+00 -1.148740246052491809e+00 nan
1.218627458003121777e+00 -1.244533337785908245e+00 nan
1.388363836590320144e+00 -5.853654353733119819e-01 6.811647702961909356e-01
1.581741926207981042e+00 -9.227288281974475037e-01 2.394377377723389544e-01
1.802054659727066133e+00 -1.032327955004709086e+00 nan
2.053053625776520175e+00 2.512011340019604244e-01 6.496306612147101367e-01
2.339012952555230562e+00 3.288121329748521671e+00 9.872805348360889077e-01
2.664802089693036891e+00 4.322585470902790661e+00 9.156817340951665107e-01
3.035968727524477995e+00 8.040595857815951319e+00 9.929008301850037466e-01
3.458833265763586962e+00 8.591483172832280246e+00 8.484206667607169239e-01
3.940596440236666886e+00 9.303744089351237534e+00 7.315372262246472301e-01
4.489461940391565875e+00 7.887999360530811188e+00 5.630528111472961061e-01
5.114776105571953835e+00 6.107042781073535487e+00 4.169886273150581468e-01
5.827187078870319503e+00 5.040270031965828679e+00 3.202010411812860613e-01
6.638826128706195817e+00 3.914728845393386614e+00 2.402318792281565585e-01
7.563514225758552811e+00 3.465044871235019031e+00 1.929825363113439607e-01
8.616997392941321721e+00 2.514828547723213070e+00 1.429111415307763311e-01
9.817214836071872952e+00 1.983727289868666865e+00 1.110543269556269474e-01
1.118460442108735009e+01 1.549001592395887972e+00 8.711422472362018166e-02
1.274245069961824761e+01 1.203784237121900524e+00 6.922401280364885723e-02
1.451728140926205768e+01 9.712279939432035825e-01 5.677127052045408823e-02
1.653931920034971981e+01 7.503260176344830334e-01 4.673806417948186270e-02
1.884299628142029093e+01 5.605430080992825914e-01 3.894002159148791248e-02
2.146754074702852577e+01 4.412476378767802299e-01 3.371600731729684081e-02
2.445764457215044274e+01 3.050234940538740780e-01 2.903438561312632685e-02
2.786422464810916466e+01 2.382690784577521370e-01 2.628477844772605237e-02
3.174528981929791982e+01 1.678890969825552748e-01 2.391816542030212808e-02
3.616692868500850011e+01 1.181466910613260257e-01 2.225817440856259211e-02
4.120443498711833286e+01 8.930630465577560351e-02 2.121201654400750938e-02
4.694358974726586098e+01 5.951341016022637653e-02 2.030874871447788457e-02
