1.069642439726958605e+00 -1.591422080948142970e+00 nan
1.218627458003121777e+00 -6.790285204267256791e-01 7.062377808048674321e-01
1.388363836590320144e+00 -1.076849775377299423e+00 nan
1.581741926207981042e+00 -7.050195044513347664e-01 4.678983266785277095e-01
1.802054659727066133e+00 -1.203411415693898423e+00 nan
2.053053625776520175e+00 6.268116643537247068e-01 7.409743456751476387e-01
2.339012952555230562e+00 1.507202112311605058e+00 7.539990987504906483e-01
2.664802089693036891e+00 5.214621960305391823e+00 9.905076891934724292e-01
3.035968727524477995e+00 7.087710135098255648e+00 9.378248251490165499e-01
3.458833265763586962e+00 8.247102454442238439e+00 8.324916407597607870e-01
3.940596440236666886e+00 8.150920959479078576e+00 6.868653920675817925e-01
4.489461940391565875e+00 7.403871048225655116e+00 5.462962443789717293e-01
5.114776105571953835e+00 6.032113263475739728e+00 4.146130662433897829e-01
5.827187078870319503e+00 4.803387188980627442e+00 3.131463865506070587e-01
6.638826128706195817e+00 3.987432873762752905e+00 2.422827289352684210e-01
7.563514225758552811e+00 3.052177759117126854e+00 1.823069564324336089e-01
8.616997392941321721e+00 2.517758962264109446e+00 1.429975375127895132e-01
9.817214836071872952e+00 1.996785359738402654e+00 1.113680009588924463e-01
1.118460442108735009e+01 1.585797960279240026e+00 8.793369191213734615e-02
1.274245069961824761e+01 1.272223803833915756e+00 7.067296508775405828e-02
1.451728140926205768e+01 9.518990365757991068e-01 5.638352244921684270e-02
1.653931920034971981e+01 7.382362257512611325e-01 4.650351156821216914e-02
1.884299628142029093e+01 5.471657530197233665e-01 3.868496775614158056e-02
2.146754074702852577e+01 4.270372243789255506e-01 3.344892996597656487e-02
2.445764457215044274e+01 3.071921643640371791e-01 2.907726972778867935e-02
2.786422464810916466e+01 2.339969671918462613e-01 2.620702019879382616e-02
3.174528981929791982e+01 1.566002906981736054e-01 2.371031193443934662e-02
3.616692868500850011e+01 1.183388093507700134e-01 2.226317101320786362e-02
4.120443498711833286e+01 7.897168608231841525e-02 2.102234932181258967e-02
4.694358974726586098e+01 5.298885530147923184e-02 2.018949390807741121e-02
