1.069642439726958605e+00 -1.384549534297010442e+00 nan
1.218627458003121777e+00 -7.213227345648836053e-01 1.241612543665371859e+01
1.388363836590320144e+00 -1.231580516001440362e+00 nan
1.581741926207981042e+00 -4.797243040685226223e-01 1.172403573997261361e+01
1.802054659727066133e+00 -5.558727810453609752e-01 8.905712207513266421e+00
2.053053625776520175e+00 -1.015611072673452853e+00 nan
2.339012952555230562e+00 -5.515400602038187383e-01 6.005632095223590206e+00
2.664802089693036891e+00 -1.208548166620218467e+00 nan
3.035968727524477995e+00 -9.021688456932788203e-01 1.921377481856688219e+00
3.458833265763586962e+00 -9.407014885704338969e-01 1.231155910418839650e+00
3.940596440236666886e+00 -9.317905952355043375e-01 1.084575742279773269e+00
4.489461940391565875e+00 7.005865443240987922e+00 9.668028907826641927e+00
5.114776105571953835e+00 1.463409164794334494e+01 1.114912672782518577e+01
5.827187078870319503e+00 1.669995838794167042e+01 9.799711221559890717e+00
6.638826128706195817e+00 7.438253845352449822e+00 5.541908997882075916e+00
7.563514225758552811e+00 1.114085447855099353e+01 5.516657288752117694e+00
8.616997392941321721e+00 4.483738048097387185e+00 3.033600317017822512e+00
9.817214836071872952e+00 8.251502185289607993e+00 3.289364129029058503e+00
1.118460442108735009e+01 4.259808195351791227e+00 2.031815073342726485e+00
1.274245069961824761e+01 2.198150183619580922e+00 1.299007583239965014e+00
1.451728140926205768e+01 3.356346339755069685e+00 1.271609986338832599e+00
1.653931920034971981e+01 1.667357866841309821e+00 8.154791651243541439e-01
1.884299628142029093e+01 1.382713684330785231e+00 6.403394670393814936e-01
2.146754074702852577e+01 1.031581649391296596e+00 4.920158517968742928e-01
2.445764457215044274e+01 1.317580359534726409e+00 4.481821247113008666e-01
2.786422464810916466e+01 7.895173338553780340e-01 3.277622640659870190e-01
3.174528981929791982e+01 4.201605996667447940e-01 2.440530376611834140e-01
3.616692868500850011e+01 1.788816791808935935e-01 1.873381279639213248e-01
4.120443498711833286e+01 2.400981909031878470e-01 1.687807436464932309e-01
4.694358974726586098e+01 3.620162572491247843e-02 1.319611048313450441e-01
