1.069642439726958605e+00 -1.124056000985562687e+00 nan
1.218627458003121777e+00 -8.956935931625609193e-01 2.460023317623144301e+00
1.388363836590320144e+00 -1.730711938274925643e+00 nan
1.581741926207981042e+00 -1.130223686492110247e+00 nan
1.802054659727066133e+00 -1.123855569181442693e+00 nan
2.053053625776520175e+00 -1.127906611501922285e+00 nan
2.339012952555230562e+00 -7.508622356665519693e-01 1.449674652618155868e+00
2.664802089693036891e+00 -1.179658388170519157e+00 nan
3.035968727524477995e+00 -1.167882931344554898e+00 nan
3.458833265763586962e+00 3.381282504355352714e+00 3.433001848699026581e+00
3.940596440236666886e+00 6.204562880074321995e+00 3.624739267227286010e+00
4.489461940391565875e+00 6.654442078852605746e+00 3.074672083549246260e+00
5.114776105571953835e+00 8.039193900819952887e+00 2.759065265475514117e+00
5.827187078870319503e+00 9.016230859393250086e+00 2.406044753199919395e+00
6.638826128706195817e+00 8.365943120241555064e+00 1.924732918914702218e+00
7.563514225758552811e+00 5.539966317847295763e+00 1.324724026967360357e+00
8.616997392941321721e+00 6.500854902686552528e+00 1.187258147314906864e+00
9.817214836071872952e+00 3.965937414208929646e+00 7.934035655441309398e-01
1.118460442108735009e+01 3.591936215300372659e+00 6.368687764266869333e-01
1.274245069961824761e+01 2.388896763977055748e+00 4.518060828057809397e-01
1.451728140926205768e+01 1.945845917661341851e+00 3.522670012070154288e-01
1.653931920034971981e+01 1.561565934241617493e+00 2.757356997190680281e-01
1.884299628142029093e+01 9.561368301012018733e-01 2.003185131609463709e-01
2.146754074702852577e+01 7.529609350014589975e-01 1.609413426640301514e-01
2.445764457215044274e+01 6.574175969430147148e-01 1.348858276149338120e-01
2.786422464810916466e+01 4.498359047035545011e-01 1.084172603816109248e-01
3.174528981929791982e+01 3.199271690059601880e-01 9.037833893703757504e-02
3.616692868500850011e+01 1.660689704108295750e-01 7.445788422063433221e-02
4.120443498711833286e+01 1.474639277844129737e-01 6.742081634321626937e-02
4.694358974726586098e+01 1.269043692171301085e-01 6.198336677924184274e-02
