1.069642439726958605e+00 -7.342553543260659232e-01 5.156328587550547127e+00
1.218627458003121777e+00 -3.353580348851508131e-01 6.196966720505151294e+00
1.388363836590320144e+00 -1.484596806841079530e+00 nan
1.581741926207981042e+00 -7.537852569648730849e-01 2.606538515452717419e+00
1.802054659727066133e+00 -9.039085953404559781e-01 1.338756415496971997e+00
2.053053625776520175e+00 -1.075226955854497568e+00 nan
2.339012952555230562e+00 -8.119386948048950003e-01 1.256881734590323818e+00
2.664802089693036891e+00 -9.743509139195862812e-01 3.854209720918563842e-01
3.035968727524477995e+00 -8.825213216248082304e-01 6.804699261971602908e-01
3.458833265763586962e+00 2.610857909154628231e+00 3.109192424848254976e+00
3.940596440236666886e+00 6.675080767163626305e+00 3.734496978412772616e+00
4.489461940391565875e+00 8.659490158705500207e+00 3.452677009303015243e+00
5.114776105571953835e+00 1.077050506839409749e+01 3.152574830589097488e+00
5.827187078870319503e+00 1.249689584183942515e+01 2.804733134822256169e+00
6.638826128706195817e+00 7.416190089943035524e+00 1.816277106427020005e+00
7.563514225758552811e+00 9.001380351989247686e+00 1.656725971696524358e+00
8.616997392941321721e+00 6.320084882050975850e+00 1.169355694404015988e+00
9.817214836071872952e+00 5.118984147904969362e+00 8.872510802371019745e-01
1.118460442108735009e+01 3.814487928228243341e+00 6.525453780512155966e-01
1.274245069961824761e+01 2.468751833309678734e+00 4.568344970212134259e-01
1.451728140926205768e+01 2.163059236748040348e+00 3.662731918700539158e-01
1.653931920034971981e+01 1.541646233017825551e+00 2.739505188327812091e-01
1.884299628142029093e+01 1.200184361700002755e+00 2.146627102944293763e-01
2.146754074702852577e+01 1.107216188819149405e+00 1.804812677820186173e-01
2.445764457215044274e+01 8.814139454669434048e-01 1.464784655099850286e-01
2.786422464810916466e+01 6.386694587660732836e-01 1.178257284895804224e-01
3.174528981929791982e+01 4.850574607624293932e-01 9.833449288911055852e-02
3.616692868500850011e+01 2.694306946969828864e-01 7.930447858884800971e-02
4.120443498711833286e+01 2.417214138492731479e-01 7.174767575614190984e-02
4.694358974726586098e+01 1.659237485842133264e-01 6.370719483085773849e-02
