1.069642439726958605e+00 -1.523132734828829271e+00 nan
1.218627458003121777e+00 -8.031474790333810176e-01 5.519606577039296580e-01
1.388363836590320144e+00 -8.234279424896022714e-01 4.436493001725503871e-01
1.581741926207981042e+00 -8.440721649484539402e-01 3.394912913036284841e-01
1.802054659727066133e+00 -7.424511375196789498e-01 3.587343635985377199e-01
2.053053625776520175e+00 7.794888886085280522e-01 7.734677421942579567e-01
2.339012952555230562e+00 1.855148346461293229e+00 8.032146277558175340e-01
2.664802089693036891e+00 5.338615803538980131e+00 9.984758355178878775e-01
3.035968727524477995e+00 7.716640515332033878e+00 9.726318377307107133e-01
3.458833265763586962e+00 8.634784075905727718e+00 8.488386452989076236e-01
3.940596440236666886e+00 8.581280062027044409e+00 7.024587429215758405e-01
4.489461940391565875e+00 7.407932569901565678e+00 5.453843401562697979e-01
5.114776105571953835e+00 6.099406789271126783e+00 4.159906650883816170e-01
5.827187078870319503e+00 4.817291226568604756e+00 3.129716156992743414e-01
6.638826128706195817e+00 4.045215512026906879e+00 2.434311138574361821e-01
7.563514225758552811e+00 3.278704199537246122e+00 1.878671116592597889e-01
8.616997392941321721e+00 2.500401566003465526e+00 1.423144912627588299e-01
9.817214836071872952e+00 2.022872999148361828e+00 1.117744533915343980e-01
1.118460442108735009e+01 1.557491001042724976e+00 8.716006089253458544e-02
1.274245069961824761e+01 1.219359144820831187e+00 6.944375431344776417e-02
1.451728140926205768e+01 9.492959261803071147e-01 5.624039344565068960e-02
1.653931920034971981e+01 7.883131810752430635e-01 4.741835091305238170e-02
1.884299628142029093e+01 5.650718169918893530e-01 3.897363047324926832e-02
2.146754074702852577e+01 4.506830861772097574e-01 3.385075068987360158e-02
2.445764457215044274e+01 3.269845095500281129e-01 2.941007744697678519e-02
2.786422464810916466e+01 2.491014293425888315e-01 2.645538007211189341e-02
3.174528981929791982e+01 1.803048794384378706e-01 2.412131395505542897e-02
3.616692868500850011e+01 1.304459616200948080e-01 2.246146321070232460e-02
4.120443498711833286e+01 8.488105148623126261e-02 2.110813009949717017e-02
4.694358974726586098e+01 6.003796980728637322e-02 2.029773872636284754e-02
