1.069642439726958605e+00 -9.071495675915459689e-01 3.016569579017298608e+00
1.218627458003121777e+00 -1.533136152349568793e+00 nan
1.388363836590320144e+00 -6.658187376397117774e-01 3.690859491899542544e+00
1.581741926207981042e+00 -6.305660215790376277e-01 3.160031756707184059e+00
1.802054659727066133e+00 -9.198982111614957269e-01 1.209745090021336900e+00
2.053053625776520175e+00 -1.077785066485247967e+00 nan
2.339012952555230562e+00 -1.145578924527168585e+00 nan
2.664802089693036891e+00 -8.878235886045422465e-01 7.977573722661450706e-01
3.035968727524477995e+00 1.500226044267069625e+00 3.108910795510519076e+00
3.458833265763586962e+00 3.526501427771318475e+00 3.446669457240226553e+00
3.940596440236666886e+00 7.809737195409204524e+00 3.962688999059266415e+00
4.489461940391565875e+00 1.087203693645068192e+01 3.795832650792562379e+00
5.114776105571953835e+00 7.398842888167219023e+00 2.625006458030805678e+00
5.827187078870319503e+00 1.045630778725299592e+01 2.548701811884622526e+00
6.638826128706195817e+00 9.374094301257340334e+00 2.006672892129209629e+00
7.563514225758552811e+00 6.865256074571439271e+00 1.442742991547274700e+00
8.616997392941321721e+00 6.062199383170256084e+00 1.135602833660912747e+00
9.817214836071872952e+00 4.474805953121855140e+00 8.266787267468419520e-01
1.118460442108735009e+01 2.913673549066692736e+00 5.763836166722108301e-01
1.274245069961824761e+01 2.989900733030509183e+00 4.896017544583329828e-01
1.451728140926205768e+01 1.983498510379761992e+00 3.507865022686149636e-01
1.653931920034971981e+01 1.697073208721051385e+00 2.810981551115283028e-01
1.884299628142029093e+01 1.492152021613397661e+00 2.296495290626703045e-01
2.146754074702852577e+01 9.678288076937489048e-01 1.712329210727330797e-01
2.445764457215044274e+01 6.569480227498503133e-01 1.334585846761790484e-01
2.786422464810916466e+01 6.131937631133734801e-01 1.155810800034014624e-01
3.174528981929791982e+01 2.900475938358186845e-01 8.804312608184128308e-02
3.616692868500850011e+01 3.073171516562207550e-01 8.050657702129494775e-02
4.120443498711833286e+01 2.103524774052600854e-01 6.977679127539285209e-02
4.694358974726586098e+01 1.263855326190141959e-01 6.145739141912073822e-02
