1.069642439726958605e+00 -1.118866028966018611e+00 nan
1.218627458003121777e+00 -6.721382950908298959e-01 2.865798785789461789e-01
1.388363836590320144e+00 -5.264203125850177578e-01 2.923309689111932563e-01
1.581741926207981042e+00 2.728768928132230265e-01 3.904751538532858501e-01
1.802054659727066133e+00 2.609295006717820886e+00 5.418398159002258963e-01
2.053053625776520175e+00 4.681736686754842225e+00 5.594501651437395751e-01
2.339012952555230562e+00 6.687087983379655043e+00 5.366314915051778600e-01
2.664802089693036891e+00 8.123253827953814010e+00 4.903243294874291558e-01
3.035968727524477995e+00 7.689516734989291891e+00 3.984685524292810310e-01
3.458833265763586962e+00 6.910108793452964804e+00 3.163780011194066710e-01
3.940596440236666886e+00 5.892919438116797082e+00 2.455877044312888835e-01
4.489461940391565875e+00 5.061995652033974835e+00 1.921625270213777881e-01
5.114776105571953835e+00 4.038921454135520506e+00 1.462219544486700051e-01
5.827187078870319503e+00 3.383740097155273130e+00 1.147615860746629135e-01
6.638826128706195817e+00 2.631509983361249194e+00 8.773932358090644201e-02
7.563514225758552811e+00 2.151894389136290719e+00 6.945543183092728334e-02
8.616997392941321721e+00 1.661890730398911220e+00 5.430289962928870617e-02
9.817214836071872952e+00 1.346133474525211593e+00 4.395138280951051135e-02
1.118460442108735009e+01 1.046280757107930448e+00 3.561369689752113404e-02
1.274245069961824761e+01 8.497841596654376328e-01 2.987470449465075284e-02
1.451728140926205768e+01 6.589040477038898835e-01 2.517976066031012497e-02
1.653931920034971981e+01 5.006634380987950994e-01 2.157885701902976378e-02
1.884299628142029093e+01 3.923098595935368138e-01 1.907542486519521116e-02
2.146754074702852577e+01 2.937279720988321685e-01 1.705841850368560245e-02
2.445764457215044274e+01 2.137676332228137799e-01 1.552008388028626971e-02
2.786422464810916466e+01 1.588133946899776827e-01 1.445904692336313566e-02
3.174528981929791982e+01 1.141785248269822084e-01 1.364854153691616619e-02
3.616692868500850011e+01 8.057395598169692086e-02 1.305771414067863692e-02
4.120443498711833286e+01 5.403448861228143940e-02 1.261187978186441468e-02
4.694358974726586098e+01 3.835951308029073026e-02 1.233635651583693885e-02
