1.069642439726958605e+00 -1.053010781223182590e+00 nan
1.218627458003121777e+00 -7.327959410947284535e-01 6.440065225774774804e-01
1.388363836590320144e+00 -1.036260167730464588e+00 nan
1.581741926207981042e+00 -8.554506906429928392e-01 3.273417790043814390e-01
1.802054659727066133e+00 -3.456981122882603064e-01 5.726885133894493718e-01
2.053053625776520175e+00 9.705388698811536763e-01 8.151849447503435320e-01
2.339012952555230562e+00 2.866393773418754343e+00 9.367555869720104456e-01
2.664802089693036891e+00 6.436424803795578242e+00 1.084325553353747251e+00
3.035968727524477995e+00 6.718957035292339341e+00 9.151533948432372112e-01
3.458833265763586962e+00 7.564681868913295304e+00 7.994966657470067295e-01
3.940596440236666886e+00 8.432902766855500332e+00 6.976333466153856744e-01
4.489461940391565875e+00 7.117467900957167082e+00 5.358765871947586135e-01
5.114776105571953835e+00 6.382757225723464600e+00 4.256314143843757947e-01
5.827187078870319503e+00 4.876764831590744365e+00 3.151844830152927823e-01
6.638826128706195817e+00 4.176039654674701396e+00 2.473639726992456489e-01
7.563514225758552811e+00 3.090951479628918808e+00 1.832293055519181035e-01
8.616997392941321721e+00 2.571707535787107535e+00 1.442440726723107081e-01
9.817214836071872952e+00 2.007921304420887232e+00 1.115703426128846765e-01
1.118460442108735009e+01 1.631928851141260406e+00 8.890439312515727166e-02
1.274245069961824761e+01 1.242496145697067567e+00 7.001446720760068354e-02
1.451728140926205768e+01 9.195114509677195791e-01 5.569891526442022345e-02
1.653931920034971981e+01 7.136302541597554505e-01 4.599749345135990819e-02
1.884299628142029093e+01 5.398764483623161858e-01 3.852825219786756850e-02
2.146754074702852577e+01 4.090553336967124309e-01 3.309447237662266339e-02
2.445764457215044274e+01 3.149437543517619176e-01 2.921194578407206033e-02
2.786422464810916466e+01 2.300342429220942897e-01 2.612393423467270284e-02
3.174528981929791982e+01 1.699623616373611146e-01 2.395017337485735864e-02
3.616692868500850011e+01 1.195783126509768479e-01 2.227890039914687953e-02
4.120443498711833286e+01 7.988565743249975704e-02 2.103265893821584798e-02
4.694358974726586098e+01 4.465552896024060914e-02 2.002949211002162319e-02
