1.069642439726958605e+00 -9.280387881334846156e-01 4.400908303270651967e-01
1.218627458003121777e+00 -1.062577702673103364e+00 nan
1.388363836590320144e+00 -1.248048810000088160e+00 nan
1.581741926207981042e+00 -1.249042064032697574e+00 nan
1.802054659727066133e+00 -7.123991484690794795e-01 3.799079896380537225e-01
2.053053625776520175e+00 1.123878530529926145e+00 8.469734970546274333e-01
2.339012952555230562e+00 1.815226500032129042e+00 7.992722893252957039e-01
2.664802089693036891e+00 4.643702276532005513e+00 9.434658838535489034e-01
3.035968727524477995e+00 7.493892740870759184e+00 9.618318818661393266e-01
3.458833265763586962e+00 8.476066935722663231e+00 8.432905072752389097e-01
3.940596440236666886e+00 7.795286787961629216e+00 6.726875089905884897e-01
4.489461940391565875e+00 7.313951322173412706e+00 5.432054357922525556e-01
5.114776105571953835e+00 6.084616736447669538e+00 4.163663241673863369e-01
5.827187078870319503e+00 5.196443774318543873e+00 3.248995578923327687e-01
6.638826128706195817e+00 4.052666996879112915e+00 2.441242252848112027e-01
7.563514225758552811e+00 3.155437346338444637e+00 1.850344998172782918e-01
8.616997392941321721e+00 2.601558314565847407e+00 1.450639063760450764e-01
9.817214836071872952e+00 1.931964100710015009e+00 1.098764884632018601e-01
1.118460442108735009e+01 1.524456584938627124e+00 8.659092753261946052e-02
1.274245069961824761e+01 1.315347747329073780e+00 7.158672138378988081e-02
1.451728140926205768e+01 9.355109939537546992e-01 5.605638852173241982e-02
1.653931920034971981e+01 7.481804511066396657e-01 4.670481752962906546e-02
1.884299628142029093e+01 5.553476991578114585e-01 3.884695608346965673e-02
2.146754074702852577e+01 4.216245540348659837e-01 3.334943379302501149e-02
2.445764457215044274e+01 3.143914122682225365e-01 2.921515528124598096e-02
2.786422464810916466e+01 2.306238704181586829e-01 2.614646670509751178e-02
3.174528981929791982e+01 1.575031540985347700e-01 2.372906820941462006e-02
3.616692868500850011e+01 9.994481584477621361e-02 2.192451436506211160e-02
4.120443498711833286e+01 8.740938264628850263e-02 2.117994298020005675e-02
4.694358974726586098e+01 5.772890781620776401e-02 2.027857497641830098e-02
