1.069642439726958605e+00 -1.321176930727887111e+00 nan
1.218627458003121777e+00 -2.016037291662827080e+00 nan
1.388363836590320144e+00 -1.655000662544009238e+00 nan
1.581741926207981042e+00 -1.240620114643043337e+00 nan
1.802054659727066133e+00 -1.812686266277491409e+00 nan
2.053053625776520175e+00 -6.713703921089728688e-01 6.111756322308398381e+00
2.339012952555230562e+00 -7.539035110455110100e-01 4.330569554404776866e+00
2.664802089693036891e+00 -9.818957671602031034e-01 9.753068092166846670e-01
3.035968727524477995e+00 -1.171648578263686957e+00 nan
3.458833265763586962e+00 7.168711293847176869e+00 1.408059456998637771e+01
3.940596440236666886e+00 -1.131177423738011445e+00 nan
4.489461940391565875e+00 2.502525036773956213e+00 6.217216130573376631e+00
5.114776105571953835e+00 9.015734912293954295e+00 8.667722148105656998e+00
5.827187078870319503e+00 5.748124361571508523e+00 5.852364456831926631e+00
6.638826128706195817e+00 5.809531468520051867e+00 4.839905500435889074e+00
7.563514225758552811e+00 9.692824195436418933e+00 5.032133758481518448e+00
8.616997392941321721e+00 4.720550023300608800e+00 3.018312491198104741e+00
9.817214836071872952e+00 9.503179126055211867e+00 3.426040129512526899e+00
1.118460442108735009e+01 4.444658408899151425e+00 2.015001675143737625e+00
1.274245069961824761e+01 4.593816708376665225e+00 1.698050086359871980e+00
1.451728140926205768e+01 3.561360903237318354e+00 1.270205459281530613e+00
1.653931920034971981e+01 2.084820915436981004e+00 8.591624518431952851e-01
1.884299628142029093e+01 1.719611281897288180e+00 6.710182897646382871e-01
2.146754074702852577e+01 1.317987493654626974e+00 5.163834550377667254e-01
2.445764457215044274e+01 6.095734486489328141e-01 3.545127179317903443e-01
2.786422464810916466e+01 8.978633521603331946e-01 3.313698674951939260e-01
3.174528981929791982e+01 4.481453801316575003e-01 2.411322766939544004e-01
3.616692868500850011e+01 2.202223716897704353e-01 1.870167223544233759e-01
4.120443498711833286e+01 2.459115984100375130e-01 1.655936348793669854e-01
4.694358974726586098e+01 2.156163701986417713e-01 1.446735715629024477e-01
