1.069642439726958605e+00 4.306827032123191623e-01 3.535397746113066830e+01
1.218627458003121777e+00 -9.726569743357069697e-01 3.714161335643851647e+00
1.388363836590320144e+00 -1.604778257373187245e+00 nan
1.581741926207981042e+00 -1.041219325153373898e+00 nan
1.802054659727066133e+00 -1.016543848410091488e+00 nan
2.053053625776520175e+00 -9.249291839233175772e-01 2.865822087202066548e+00
2.339012952555230562e+00 -1.294301866187004268e+00 nan
2.664802089693036891e+00 -8.455378212376005731e-01 2.794923047642783320e+00
3.035968727524477995e+00 -1.108142290596671131e+00 nan
3.458833265763586962e+00 -9.749235202506125741e-01 7.645843939893787189e-01
3.940596440236666886e+00 -1.121611736546477278e+00 nan
4.489461940391565875e+00 2.495743919418967671e+00 6.093777486769304197e+00
5.114776105571953835e+00 1.380298438322530963e+00 4.132425358570402274e+00
5.827187078870319503e+00 1.038781239803808099e+01 7.481008291943513022e+00
6.638826128706195817e+00 1.432745220210660619e+01 7.180731422055495194e+00
7.563514225758552811e+00 1.080856098172900204e+01 5.197295834413557358e+00
8.616997392941321721e+00 7.517578327017449880e+00 3.634274882172808585e+00
9.817214836071872952e+00 5.425522916985544342e+00 2.599754706489888711e+00
1.118460442108735009e+01 3.750542511974152227e+00 1.841899243900761318e+00
1.274245069961824761e+01 3.734004299776532587e+00 1.525389484765089732e+00
1.451728140926205768e+01 2.501915966572124450e+00 1.082286026346184871e+00
1.653931920034971981e+01 2.834246312668359025e+00 9.497891531597727477e-01
1.884299628142029093e+01 1.622536397194977109e+00 6.458982524292942173e-01
2.146754074702852577e+01 9.761019207667727127e-01 4.638845123018791594e-01
2.445764457215044274e+01 7.608827924506698093e-01 3.664747092788512295e-01
2.786422464810916466e+01 7.499445806531617187e-01 3.102421061899856558e-01
3.174528981929791982e+01 3.586028306778661356e-01 2.280063688592976479e-01
3.616692868500850011e+01 2.012999976433846872e-01 1.821344095458320156e-01
4.120443498711833286e+01 1.828837399704463795e-01 1.573910413480232584e-01
4.694358974726586098e+01 1.346207137488408812e-01 1.356463255697887005e-01
