1.069642439726958605e+00 -1.196143971015135588e+00 nan
1.218627458003121777e+00 -4.456678813168024611e-01 3.728548988476973469e-01
1.388363836590320144e+00 -5.871913647122697366e-01 2.730676945280255952e-01
1.581741926207981042e+00 2.038235020750573945e-01 3.799198792539595915e-01
1.802054659727066133e+00 2.137300887156600382e+00 5.052339753316333892e-01
2.053053625776520175e+00 5.475793368714165332e+00 5.981646501913482350e-01
2.339012952555230562e+00 6.286365151780314520e+00 5.223451063897081026e-01
2.664802089693036891e+00 7.875469973882800900e+00 4.835566205207044721e-01
3.035968727524477995e+00 7.444960356340443397e+00 3.926610248231610090e-01
3.458833265763586962e+00 7.530482409951384071e+00 3.298145280080455044e-01
3.940596440236666886e+00 6.089831427407825792e+00 2.495773601474340631e-01
4.489461940391565875e+00 5.012916928660020588e+00 1.913711457281853934e-01
5.114776105571953835e+00 4.193608024160853986e+00 1.488904196766089871e-01
5.827187078870319503e+00 3.271171815930469240e+00 1.130414789010753540e-01
6.638826128706195817e+00 2.639567531803111322e+00 8.790009550846078490e-02
7.563514225758552811e+00 2.110015282778306300e+00 6.889436317875806404e-02
8.616997392941321721e+00 1.667128948885591377e+00 5.439769433445194174e-02
9.817214836071872952e+00 1.319915602316788172e+00 4.362831876920343632e-02
1.118460442108735009e+01 1.068595507246974385e+00 3.590992299316016212e-02
1.274245069961824761e+01 8.198494179139017568e-01 2.951749110275930441e-02
1.451728140926205768e+01 6.441412049077919200e-01 2.501042409693953611e-02
1.653931920034971981e+01 5.101298768031858888e-01 2.169951671772527707e-02
1.884299628142029093e+01 3.832098158298784529e-01 1.897400276116592219e-02
2.146754074702852577e+01 3.004253428823113747e-01 1.714274212036450210e-02
2.445764457215044274e+01 2.132515718065093324e-01 1.551875913535516287e-02
2.786422464810916466e+01 1.597752900353759387e-01 1.447457338418136653e-02
3.174528981929791982e+01 1.169975990899199125e-01 1.368544516964334545e-02
3.616692868500850011e+01 8.363823316887053494e-02 1.309721450085267122e-02
4.120443498711833286e+01 5.691501407971055748e-02 1.264903445462853965e-02
4.694358974726586098e+01 3.653647857837194479e-02 1.231836714075439619e-02
