1.069642439726958605e+00 -1.401192534508014731e+00 nan
1.218627458003121777e+00 -1.171232328842405135e+00 nan
1.388363836590320144e+00 -9.317655695269799754e-01 2.762718962198316697e-01
1.581741926207981042e+00 -8.647435169948363143e-01 3.167430271946438669e-01
1.802054659727066133e+00 -7.036995154501446414e-01 3.854590809298668597e-01
2.053053625776520175e+00 2.209712226357409826e-01 6.416341350748095973e-01
2.339012952555230562e+00 2.442411071994258442e+00 8.838970302432384019e-01
2.664802089693036891e+00 5.372212678879272119e+00 1.002903809652112566e+00
3.035968727524477995e+00 8.496923319972378152e+00 1.018233333590424117e+00
3.458833265763586962e+00 8.380710544713528165e+00 8.385291318737279065e-01
3.940596440236666886e+00 8.973854525349430844e+00 7.188539379109339933e-01
4.489461940391565875e+00 7.535078863290648243e+00 5.507556594216690415e-01
5.114776105571953835e+00 6.210492790070754054e+00 4.202581238039049261e-01
5.827187078870319503e+00 5.216376075582529914e+00 3.253652756521752676e-01
6.638826128706195817e+00 3.916103760689187752e+00 2.402386137054446369e-01
7.563514225758552811e+00 3.299094512590012851e+00 1.886953820884515742e-01
8.616997392941321721e+00 2.660945338427062268e+00 1.464559447211901955e-01
9.817214836071872952e+00 1.941853652627886007e+00 1.100682286277785693e-01
1.118460442108735009e+01 1.591635662274224039e+00 8.804298344162207746e-02
1.274245069961824761e+01 1.316313473873539364e+00 7.158359443386656806e-02
1.451728140926205768e+01 9.809794423932718388e-01 5.696286046963341260e-02
1.653931920034971981e+01 7.306330555147459993e-01 4.634435742239804978e-02
1.884299628142029093e+01 5.819939553986239744e-01 3.934978148183729263e-02
2.146754074702852577e+01 4.218663200656322942e-01 3.334487599721221857e-02
2.445764457215044274e+01 3.244639659792536435e-01 2.939660617091417044e-02
2.786422464810916466e+01 2.530717040717063160e-01 2.655824634219366293e-02
3.174528981929791982e+01 1.752896778968047187e-01 2.405344054022339959e-02
3.616692868500850011e+01 1.253079076791454582e-01 2.238888743926274738e-02
4.120443498711833286e+01 8.929851856106929553e-02 2.121021456475048056e-02
4.694358974726586098e+01 6.082775749080071570e-02 2.033147210880896505e-02
