1.069642439726958605e+00 -8.846324584161262550e-01 3.425348077797458202e-01
1.218627458003121777e+00 -4.810673457142833342e-01 5.521109659389469293e-01
1.388363836590320144e+00 -8.550695292673853309e-01 2.476081919798621411e-01
1.581741926207981042e+00 -4.532857277810193875e-01 3.916719853328122780e-01
1.802054659727066133e+00 5.028584205653419126e-01 5.342280690304395119e-01
2.053053625776520175e+00 2.145456534265930415e+00 6.345529770504203526e-01
2.339012952555230562e+00 5.332244038993481539e+00 7.409857580317470438e-01
2.664802089693036891e+00 6.830152180695171715e+00 6.883312103565417672e-01
3.035968727524477995e+00 7.816372282430688045e+00 6.078452763078250332e-01
3.458833265763586962e+00 8.543239709081911215e+00 5.273012047170487770e-01
3.940596440236666886e+00 7.367988335509697784e+00 4.097162418248694871e-01
4.489461940391565875e+00 6.136839988078396146e+00 3.142264496673108920e-01
5.114776105571953835e+00 4.952010174760523853e+00 2.387976594646286366e-01
5.827187078870319503e+00 4.130106962689707117e+00 1.855853916639893797e-01
6.638826128706195817e+00 3.246650712563832197e+00 1.412134509910193680e-01
7.563514225758552811e+00 2.521147620652621768e+00 1.080516233228497464e-01
8.616997392941321721e+00 2.055311426889663284e+00 8.534516087108519333e-02
9.817214836071872952e+00 1.610655298285664339e+00 6.711028877962681161e-02
1.118460442108735009e+01 1.316343975224773644e+00 5.450163206489144069e-02
1.274245069961824761e+01 9.604488877558385873e-01 4.312883999310550970e-02
1.451728140926205768e+01 7.837498309647832340e-01 3.627803058879442571e-02
1.653931920034971981e+01 6.123996993725817628e-01 3.068839670104596754e-02
1.884299628142029093e+01 4.680646320980141883e-01 2.637414454265424660e-02
2.146754074702852577e+01 3.437356280841794565e-01 2.300905366363156096e-02
2.445764457215044274e+01 2.624691140278474499e-01 2.073431536533388783e-02
2.786422464810916466e+01 1.938570404272430547e-01 1.897187038911280973e-02
3.174528981929791982e+01 1.377290008311546909e-01 1.762535529162576400e-02
3.616692868500850011e+01 9.214395621803084246e-02 1.659725219338226143e-02
4.120443498711833286e+01 6.680919554481667966e-02 1.597730575159237235e-02
4.694358974726586098e+01 4.427532665843458837e-02 1.547809088310178952e-02
