1.069642439726958605e+00 -1.913109432813142163e+00 nan
1.218627458003121777e+00 -1.355216192239667272e+00 nan
1.388363836590320144e+00 -6.963229175232432677e-01 3.582808103707610936e+00
1.581741926207981042e+00 -1.088921346355074871e+00 nan
1.802054659727066133e+00 -8.464408802709333379e-01 1.705665095371033502e+00
2.053053625776520175e+00 -1.188792863477508455e+00 nan
2.339012952555230562e+00 -9.729035449427225757e-01 4.808255972374267384e-01
2.664802089693036891e+00 -1.237170896936221620e+00 nan
3.035968727524477995e+00 -1.241562482614485319e+00 nan
3.458833265763586962e+00 1.732180151774449506e+00 2.724838351112503165e+00
3.940596440236666886e+00 5.687524860665718052e+00 3.511239943763257987e+00
4.489461940391565875e+00 9.729327968408322036e+00 3.670459720781016788e+00
5.114776105571953835e+00 1.018210418546091489e+01 3.094310611184201587e+00
5.827187078870319503e+00 1.157434825164417092e+01 2.723464556812777104e+00
6.638826128706195817e+00 8.552173890271177470e+00 1.955638336418436429e+00
7.563514225758552811e+00 6.605345881205858305e+00 1.442459121631728625e+00
8.616997392941321721e+00 5.639313338961559730e+00 1.117815545721116521e+00
9.817214836071872952e+00 4.223807329338256977e+00 8.199562387491837745e-01
1.118460442108735009e+01 3.615726616778678348e+00 6.421716330072994028e-01
1.274245069961824761e+01 2.486694032294052725e+00 4.615358506258943616e-01
1.451728140926205768e+01 1.944600310764433404e+00 3.540612441364588414e-01
1.653931920034971981e+01 1.711966766322846834e+00 2.866939574327178608e-01
1.884299628142029093e+01 1.269079255570099818e+00 2.202658681941345731e-01
2.146754074702852577e+01 8.472181164410588217e-01 1.671387363059267384e-01
2.445764457215044274e+01 7.274730903043598040e-01 1.392871522774042081e-01
2.786422464810916466e+01 4.436497950554070258e-01 1.086064625810814477e-01
3.174528981929791982e+01 2.889131818238994676e-01 8.924263210490369913e-02
3.616692868500850011e+01 2.298923168156090657e-01 7.785835011870401168e-02
4.120443498711833286e+01 1.089709191200844973e-01 6.587207982414010343e-02
4.694358974726586098e+01 1.009945185220875175e-01 6.101058008989274084e-02
