1.069642439726958605e+00 -1.471112413550580200e+00 nan
1.218627458003121777e+00 -1.232048739211372368e+00 nan
1.388363836590320144e+00 -8.711557494941615243e-01 3.806763984243156651e-01
1.581741926207981042e+00 -7.737233285917497483e-01 4.108104130677354138e-01
1.802054659727066133e+00 -5.506332681957675224e-01 4.760137187412787352e-01
2.053053625776520175e+00 2.045696772026783794e-01 6.390442306886099377e-01
2.339012952555230562e+00 1.741190516927108689e+00 7.904846964730403158e-01
2.664802089693036891e+00 7.078221847270682154e+00 1.134341669561286237e+00
3.035968727524477995e+00 7.870977061372017580e+00 9.857922495575039967e-01
3.458833265763586962e+00 8.837175870637477004e+00 8.618732804045210472e-01
3.940596440236666886e+00 9.113551638420027246e+00 7.261151309979565482e-01
4.489461940391565875e+00 6.604690677169238633e+00 5.189110313409782682e-01
5.114776105571953835e+00 6.520747009252243487e+00 4.312424493755083743e-01
5.827187078870319503e+00 5.265697823447463399e+00 3.276512232819411286e-01
6.638826128706195817e+00 4.226535015972831211e+00 2.494485841394317172e-01
7.563514225758552811e+00 3.294853402670894216e+00 1.890554244371042969e-01
8.616997392941321721e+00 2.442602742044075015e+00 1.414639303434147011e-01
9.817214836071872952e+00 2.101102554988266480e+00 1.140209247795117009e-01
1.118460442108735009e+01 1.600317836919560088e+00 8.843924986739079563e-02
1.274245069961824761e+01 1.304661007663089567e+00 7.149947551491037112e-02
1.451728140926205768e+01 9.738109949875617399e-01 5.694061535159507942e-02
1.653931920034971981e+01 7.535333705196247678e-01 4.689352799305208930e-02
1.884299628142029093e+01 5.844190117799565876e-01 3.947449761792445194e-02
2.146754074702852577e+01 4.462063604581507636e-01 3.387034435593373749e-02
2.445764457215044274e+01 3.440984112729086331e-01 2.981807735467097847e-02
2.786422464810916466e+01 2.362490184823513584e-01 2.628940921451930132e-02
3.174528981929791982e+01 1.747032223221678393e-01 2.408152584505048738e-02
3.616692868500850011e+01 1.314276241878360452e-01 2.253711739708586306e-02
4.120443498711833286e+01 9.382183982703873326e-02 2.132581514528423053e-02
4.694358974726586098e+01 6.364877135920932183e-02 2.041341131726554653e-02
