1.069642439726958605e+00 -1.071773539317484314e+00 nan
1.218627458003121777e+00 -9.714422260757313854e-01 8.472170660657349361e-02
1.388363836590320144e+00 -9.463871077290113565e-01 9.851705997203501208e-02
1.581741926207981042e+00 7.375960735720024086e-01 4.571478317024528781e-01
1.802054659727066133e+00 2.941648774387379373e+00 5.673944371975401246e-01
2.053053625776520175e+00 4.159692832519518824e+00 5.337206082714577304e-01
2.339012952555230562e+00 7.387444797357447079e+00 5.622381992323107758e-01
2.664802089693036891e+00 7.871175124606020646e+00 4.840218138965807770e-01
3.035968727524477995e+00 7.799088083329941412e+00 4.018236176152055750e-01
3.458833265763586962e+00 7.092475867675075207e+00 3.208613421001970667e-01
3.940596440236666886e+00 6.332860381375716052e+00 2.545970502475590203e-01
4.489461940391565875e+00 5.042943937831328327e+00 1.921356301498754748e-01
5.114776105571953835e+00 4.151779655320845031e+00 1.483593364540639892e-01
5.827187078870319503e+00 3.350604998405132040e+00 1.144228804507650410e-01
6.638826128706195817e+00 2.733755373309596504e+00 8.939778837919874765e-02
7.563514225758552811e+00 2.136713224200206263e+00 6.934627461361647649e-02
8.616997392941321721e+00 1.723311776309842891e+00 5.521488731001648886e-02
9.817214836071872952e+00 1.345068165875818789e+00 4.400010835644210111e-02
1.118460442108735009e+01 1.084465453364530596e+00 3.614480551403867481e-02
1.274245069961824761e+01 8.266843382127555540e-01 2.962896626573682801e-02
1.451728140926205768e+01 6.625963258579274928e-01 2.525577802967055377e-02
1.653931920034971981e+01 5.082962396403361005e-01 2.169565137489178758e-02
1.884299628142029093e+01 3.868471804469721942e-01 1.903213694160775168e-02
2.146754074702852577e+01 2.931573283733521773e-01 1.706999983476395824e-02
2.445764457215044274e+01 2.205436682935897341e-01 1.561567486891220734e-02
2.786422464810916466e+01 1.612542260259877125e-01 1.450201648671729966e-02
3.174528981929791982e+01 1.185704599086707667e-01 1.371313866541504049e-02
3.616692868500850011e+01 8.496761239303185498e-02 1.312144367886675621e-02
4.120443498711833286e+01 5.819980239605260230e-02 1.267229425404381611e-02
4.694358974726586098e+01 3.685793331433084852e-02 1.233003090007473226e-02
