1.069642439726958605e+00 -1.219401360272454049e+00 nan
1.218627458003121777e+00 -2.816864447103946123e-01 1.855303826041673076e+01
1.388363836590320144e+00 -6.154651401890511853e-01 1.152031206020125609e+01
1.581741926207981042e+00 -1.448430493273542563e+00 nan
1.802054659727066133e+00 -4.481167688055476273e-01 9.239770146471425250e+00
2.053053625776520175e+00 -1.501352920613857833e+00 nan
2.339012952555230562e+00 -1.189417862090015099e+00 nan
2.664802089693036891e+00 -1.023470839877099969e+00 nan
3.035968727524477995e+00 -1.054572157651763487e+00 nan
3.458833265763586962e+00 -1.013572707688425112e+00 nan
3.940596440236666886e+00 -1.007766016752157157e+00 nan
4.489461940391565875e+00 5.639036025504484684e+00 8.192255301505591447e+00
5.114776105571953835e+00 1.014672441198884556e+01 8.748970489833459041e+00
5.827187078870319503e+00 1.597372723464987310e+01 8.934604895085666243e+00
6.638826128706195817e+00 1.354836861972773221e+01 6.815554838120924330e+00
7.563514225758552811e+00 1.016812792187966075e+01 4.923618504833531695e+00
8.616997392941321721e+00 8.530523856039742725e+00 3.755933311417968046e+00
9.817214836071872952e+00 5.123324647678090038e+00 2.472349880551407697e+00
1.118460442108735009e+01 5.078657458630171817e+00 2.043489941478770611e+00
1.274245069961824761e+01 4.004176731864744099e+00 1.532268221096716232e+00
1.451728140926205768e+01 2.233620285337140299e+00 1.011855556333386863e+00
1.653931920034971981e+01 2.539815006233047789e+00 8.870514926284734925e-01
1.884299628142029093e+01 2.255056990796922900e+00 7.109316683423160255e-01
2.146754074702852577e+01 1.360826702005733857e+00 5.003206410994833764e-01
2.445764457215044274e+01 1.153986469795476921e+00 4.020944777288742444e-01
2.786422464810916466e+01 8.943238023101049983e-01 3.179642237429098350e-01
3.174528981929791982e+01 3.574405213910820667e-01 2.227249659466955245e-01
3.616692868500850011e+01 4.265911027030200309e-01 1.989954949206634016e-01
4.120443498711833286e+01 3.126778698186227778e-01 1.654240897576985947e-01
4.694358974726586098e+01 1.209574322805264668e-01 1.317868091656795582e-01
