1.069642439726958605e+00 -1.145939156378718682e+00 nan
1.218627458003121777e+00 -8.406694685571880488e-01 4.968710868813380754e-01
1.388363836590320144e+00 -8.901430686159503836e-01 3.501438531120080744e-01
1.581741926207981042e+00 -1.062760365006942820e+00 nan
1.802054659727066133e+00 -4.412509349077948784e-01 5.287548747323342901e-01
2.053053625776520175e+00 2.680053464807152785e-02 5.876660014537176124e-01
2.339012952555230562e+00 2.662063579576203765e+00 9.107543820126947631e-01
2.664802089693036891e+00 5.349228908152982243e+00 9.999134928204295170e-01
3.035968727524477995e+00 7.410844523877360146e+00 9.555219139110181503e-01
3.458833265763586962e+00 8.053794060017947842e+00 8.222396203894034583e-01
3.940596440236666886e+00 7.464451997418200868e+00 6.581930003855740452e-01
4.489461940391565875e+00 7.503075561472911659e+00 5.490252368203416555e-01
5.114776105571953835e+00 5.820905485247651612e+00 4.071877969296837652e-01
5.827187078870319503e+00 5.105188331591320683e+00 3.217324361608972505e-01
6.638826128706195817e+00 4.039128532474582478e+00 2.433970111367662614e-01
7.563514225758552811e+00 3.310859785012286061e+00 1.887989398474395064e-01
8.616997392941321721e+00 2.632125721166203913e+00 1.456046840512737750e-01
9.817214836071872952e+00 2.051666297955551777e+00 1.124969408772762275e-01
1.118460442108735009e+01 1.597526244903221926e+00 8.808521548110676003e-02
1.274245069961824761e+01 1.267413359027467434e+00 7.048938041638114216e-02
1.451728140926205768e+01 9.997208879286556549e-01 5.729021110818952045e-02
1.653931920034971981e+01 7.481427174592047979e-01 4.664864242707302683e-02
1.884299628142029093e+01 6.021080160992273722e-01 3.970403751032990786e-02
2.146754074702852577e+01 4.294826337025907659e-01 3.346260662086517762e-02
2.445764457215044274e+01 3.345299102632717236e-01 2.956302584254168198e-02
2.786422464810916466e+01 2.361206826698634131e-01 2.622345014954856335e-02
3.174528981929791982e+01 1.725731117442574902e-01 2.398648344577444455e-02
3.616692868500850011e+01 1.204975548236673077e-01 2.228509821254186229e-02
4.120443498711833286e+01 7.634175568165812997e-02 2.095734870306405206e-02
4.694358974726586098e+01 5.350609743580658773e-02 2.018367778717411812e-02
