1.069642439726958605e+00 -1.058802190214060968e+00 nan
1.218627458003121777e+00 -6.751495963390969912e-01 2.839761386306663971e-01
1.388363836590320144e+00 -5.951274992536228492e-01 2.690707000079974320e-01
1.581741926207981042e+00 2.858335531139328811e-01 3.906944235564152046e-01
1.802054659727066133e+00 2.063666364512322993e+00 4.967367147924396931e-01
2.053053625776520175e+00 5.342104617495541774e+00 5.889095429497396283e-01
2.339012952555230562e+00 6.933461777335507392e+00 5.429879046571068901e-01
2.664802089693036891e+00 8.143609405310929361e+00 4.887388867577401319e-01
3.035968727524477995e+00 7.600787210659318838e+00 3.945702602299323569e-01
3.458833265763586962e+00 7.380597408954227667e+00 3.250738733127718216e-01
3.940596440236666886e+00 6.106150192163753765e+00 2.487099510237448519e-01
4.489461940391565875e+00 5.205449527133223953e+00 1.939196763611881758e-01
5.114776105571953835e+00 4.154701733941369213e+00 1.475559154270630891e-01
5.827187078870319503e+00 3.284611240080515415e+00 1.127405937668613523e-01
6.638826128706195817e+00 2.691198025250235659e+00 8.827576471477800724e-02
7.563514225758552811e+00 2.065046677376360940e+00 6.796080882534559497e-02
8.616997392941321721e+00 1.638833332216373062e+00 5.378678835151474297e-02
9.817214836071872952e+00 1.310786820213255766e+00 4.333278475473767433e-02
1.118460442108735009e+01 1.066197068202183074e+00 3.574023855972830593e-02
1.274245069961824761e+01 8.395236867796727065e-01 2.964943164715410154e-02
1.451728140926205768e+01 6.616006536596743537e-01 2.513252677872740773e-02
1.653931920034971981e+01 4.916522055760075283e-01 2.140640928361163195e-02
1.884299628142029093e+01 3.806819776252152732e-01 1.888342383922750681e-02
2.146754074702852577e+01 2.993246488691596596e-01 1.707754241890361430e-02
2.445764457215044274e+01 2.189016453166883203e-01 1.553952391103745334e-02
2.786422464810916466e+01 1.562300159102931740e-01 1.439229715777556005e-02
3.174528981929791982e+01 1.078540410908264136e-01 1.354118822123588813e-02
3.616692868500850011e+01 7.896040673724069592e-02 1.300757902339050483e-02
4.120443498711833286e+01 5.285242744778795299e-02 1.256838289033878481e-02
4.694358974726586098e+01 3.526221211497637675e-02 1.227154215402537565e-02
