1.069642439726958605e+00 -1.417240719503869872e+00 nan
1.218627458003121777e+00 -7.129649034816720743e-01 2.688699077484009714e-01
1.388363836590320144e+00 -7.115866208574568308e-01 2.287360823053515846e-01
1.581741926207981042e+00 4.401457833752153714e-01 4.165078577523819159e-01
1.802054659727066133e+00 1.842386889407268802e+00 4.818342750239190120e-01
2.053053625776520175e+00 5.146116013784320486e+00 5.837698725423737800e-01
2.339012952555230562e+00 6.074599193522431939e+00 5.156134523319142460e-01
2.664802089693036891e+00 8.523640320942156734e+00 5.028181200790234895e-01
3.035968727524477995e+00 7.928538737948048087e+00 4.053353333588895491e-01
3.458833265763586962e+00 7.266839440792896454e+00 3.248980025545529227e-01
3.940596440236666886e+00 6.250748017932815870e+00 2.532328819657562180e-01
4.489461940391565875e+00 5.112311840980924060e+00 1.935563004636334516e-01
5.114776105571953835e+00 4.160175952217251449e+00 1.486293369718567348e-01
5.827187078870319503e+00 3.391775674427561782e+00 1.151688986443112628e-01
6.638826128706195817e+00 2.696027731373981329e+00 8.891180849049881707e-02
7.563514225758552811e+00 2.130961514546829250e+00 6.932135255739571567e-02
8.616997392941321721e+00 1.714260822559446229e+00 5.513608503302515340e-02
9.817214836071872952e+00 1.336423676397611393e+00 4.392096927066950485e-02
1.118460442108735009e+01 1.053501244198485676e+00 3.577999922850780279e-02
1.274245069961824761e+01 8.170688087527167021e-01 2.953107908461114275e-02
1.451728140926205768e+01 6.593078642969987246e-01 2.523279338693027243e-02
1.653931920034971981e+01 4.857161947785195721e-01 2.143930536041030455e-02
1.884299628142029093e+01 3.761313472542444636e-01 1.891654374855180135e-02
2.146754074702852577e+01 2.844941195123469324e-01 1.697764641894626211e-02
2.445764457215044274e+01 2.209003117691537010e-01 1.562847852098521451e-02
2.786422464810916466e+01 1.567250839560414555e-01 1.445658501452441215e-02
3.174528981929791982e+01 1.160676947993601882e-01 1.369087966630491530e-02
3.616692868500850011e+01 7.623406624686523969e-02 1.302574400471981884e-02
4.120443498711833286e+01 5.024049263049645830e-02 1.258535234647233624e-02
4.694358974726586098e+01 3.267155636830709753e-02 1.228703568308503816e-02
