1.069642439726958605e+00 -1.107162549702746190e+00 nan
1.218627458003121777e+00 -5.482225539511567103e-01 3.365737234190033234e-01
1.388363836590320144e+00 -5.427761543272531242e-01 2.873709924308285868e-01
1.581741926207981042e+00 6.196905851837879453e-01 4.407627791174965615e-01
1.802054659727066133e+00 2.523231795308384484e+00 5.355515035629671017e-01
2.053053625776520175e+00 4.854318639762698950e+00 5.682683652211162340e-01
2.339012952555230562e+00 6.309092249234010907e+00 5.231513990643409384e-01
2.664802089693036891e+00 7.617263481674885206e+00 4.761248111083423717e-01
3.035968727524477995e+00 7.899317686277461448e+00 4.037489434612014927e-01
3.458833265763586962e+00 7.110792193004840556e+00 3.208566756428461453e-01
3.940596440236666886e+00 6.073641717938256690e+00 2.492473940976170366e-01
4.489461940391565875e+00 5.121790546785531362e+00 1.933215946832533005e-01
5.114776105571953835e+00 4.038597650415518103e+00 1.462792818477384460e-01
5.827187078870319503e+00 3.309215246451606696e+00 1.136366660027383485e-01
6.638826128706195817e+00 2.635409135344547682e+00 8.783367521164814340e-02
7.563514225758552811e+00 2.113378912911823004e+00 6.893861850442283001e-02
8.616997392941321721e+00 1.639914413453547049e+00 5.402600274282178677e-02
9.817214836071872952e+00 1.312398334822011403e+00 4.352826969334047669e-02
1.118460442108735009e+01 1.018008109417653184e+00 3.526914235767920208e-02
1.274245069961824761e+01 8.276538505869632800e-01 2.961243126983971463e-02
1.451728140926205768e+01 6.452304067617877781e-01 2.502260114677520852e-02
1.653931920034971981e+01 4.963133432811794865e-01 2.153363491777280855e-02
1.884299628142029093e+01 3.846934938622303957e-01 1.899088773383541401e-02
2.146754074702852577e+01 2.823966545069251932e-01 1.692976300701969430e-02
2.445764457215044274e+01 2.172388234812978602e-01 1.556506418243261240e-02
2.786422464810916466e+01 1.489069250079557705e-01 1.434672785058403038e-02
3.174528981929791982e+01 1.053668294984075882e-01 1.354884308309290027e-02
3.616692868500850011e+01 7.353035776166638726e-02 1.297853517740518714e-02
4.120443498711833286e+01 5.114408979149054346e-02 1.258114521998375361e-02
4.694358974726586098e+01 2.849105373421445542e-02 1.222389659439961432e-02
