1.069642439726958605e+00 1.000000000000000000e+00 4.035600474023826933e+01
1.218627458003121777e+00 4.774998968394783549e-02 2.219702021313850793e+01
1.388363836590320144e+00 -1.057548076945059368e+00 nan
1.581741926207981042e+00 -8.191016781836133465e-01 6.373885870044148305e+00
1.802054659727066133e+00 -6.394699506375598475e-01 7.397988321210040574e+00
2.053053625776520175e+00 -4.454387619983584123e-01 7.520038508684704581e+00
2.339012952555230562e+00 -9.381528351328027870e-01 2.056262428670365239e+00
2.664802089693036891e+00 -7.499555669928525958e-01 3.433173069262605459e+00
3.035968727524477995e+00 -6.888694471432703637e-01 3.159240271283878521e+00
3.458833265763586962e+00 -7.600199281389010686e-01 2.283589708764968140e+00
3.940596440236666886e+00 -1.087889106972917297e+00 nan
4.489461940391565875e+00 5.539807151526550122e+00 8.054443950995237245e+00
5.114776105571953835e+00 5.673357437050941421e+00 6.693095129199622129e+00
5.827187078870319503e+00 2.014023791678114961e+01 9.904915485311837742e+00
6.638826128706195817e+00 1.336180331633867091e+01 6.707874388097359031e+00
7.563514225758552811e+00 1.141277528584441470e+01 5.151679464729522984e+00
8.616997392941321721e+00 9.279235398241507227e+00 3.870683554681166871e+00
9.817214836071872952e+00 5.675631584608672675e+00 2.561937321289100566e+00
1.118460442108735009e+01 6.656398880569581067e+00 2.288150500893370687e+00
1.274245069961824761e+01 4.017843077101137972e+00 1.520558737615187672e+00
1.451728140926205768e+01 3.263541242050638669e+00 1.162548850850473325e+00
1.653931920034971981e+01 3.006806893988905660e+00 9.412263624691836750e-01
1.884299628142029093e+01 2.228014546267993445e+00 7.013789874226143972e-01
2.146754074702852577e+01 1.194914230401627808e+00 4.759350935270398320e-01
2.445764457215044274e+01 1.421835137093588886e+00 4.272265702312035285e-01
2.786422464810916466e+01 6.181935276777994481e-01 2.868363832550085424e-01
3.174528981929791982e+01 5.624509314681891414e-01 2.409299834179031707e-01
3.616692868500850011e+01 2.443287285787785201e-01 1.806941402606479230e-01
4.120443498711833286e+01 9.774209671201639082e-02 1.453948929020588698e-01
4.694358974726586098e+01 2.011308941186527033e-01 1.375050877223798484e-01
