1.069642439726958605e+00 -1.330487546250513908e+00 nan
1.218627458003121777e+00 -1.243063040228254312e+00 nan
1.388363836590320144e+00 -1.261763890030991320e+00 nan
1.581741926207981042e+00 -7.139867457272410789e-01 2.831366660417016679e+00
1.802054659727066133e+00 -8.826456034135006234e-01 1.491093129685700180e+00
2.053053625776520175e+00 -7.267143700767009218e-01 1.864957289628473180e+00
2.339012952555230562e+00 -5.978888215238580273e-01 1.852355705313389223e+00
2.664802089693036891e+00 -7.537621101610583185e-01 1.203619346885655528e+00
3.035968727524477995e+00 -6.907348418354992692e-01 1.112786560743568742e+00
3.458833265763586962e+00 3.415671846905462328e+00 3.466297350625473950e+00
3.940596440236666886e+00 8.158401279763561220e+00 4.114772832427920690e+00
4.489461940391565875e+00 1.039827681926242597e+01 3.785260488869121698e+00
5.114776105571953835e+00 1.017414625019384999e+01 3.093179274129523648e+00
5.827187078870319503e+00 1.153988561922094114e+01 2.719563610389298614e+00
6.638826128706195817e+00 8.091093125833971555e+00 1.905555132711598709e+00
7.563514225758552811e+00 5.371390849207029916e+00 1.314019237737492407e+00
8.616997392941321721e+00 4.570503963123362823e+00 1.017793111375060455e+00
9.817214836071872952e+00 5.453842029080171017e+00 9.204633793110231776e-01
1.118460442108735009e+01 3.799066414783851986e+00 6.562057209129980029e-01
1.274245069961824761e+01 2.201216496221602981e+00 4.400703326189200348e-01
1.451728140926205768e+01 2.579219698851803244e+00 3.963967790167803873e-01
1.653931920034971981e+01 1.655614811553195231e+00 2.831472152898003580e-01
1.884299628142029093e+01 1.319982198056466993e+00 2.232769469052952038e-01
2.146754074702852577e+01 9.176557360054167223e-01 1.711235316770854387e-01
2.445764457215044274e+01 7.656092163171996923e-01 1.413156902573906304e-01
2.786422464810916466e+01 5.046004499158622814e-01 1.117375643594861884e-01
3.174528981929791982e+01 3.658673632770736983e-01 9.305762117639250486e-02
3.616692868500850011e+01 2.685181777413891968e-01 7.971727515298428213e-02
4.120443498711833286e+01 1.032777191101728054e-01 6.560266517341684089e-02
4.694358974726586098e+01 7.403398636992797321e-02 5.975401146104583616e-02
