1.069642439726958605e+00 -9.162358099692982094e-01 2.907699354075188314e-01
1.218627458003121777e+00 -7.772839742702677412e-01 3.603151770145886501e-01
1.388363836590320144e+00 -9.291100856332392688e-01 1.725155573160957745e-01
1.581741926207981042e+00 -7.235033769154703975e-01 2.774612977488923882e-01
1.802054659727066133e+00 5.120896379614638949e-01 5.338494849090066330e-01
2.053053625776520175e+00 1.942818524956527959e+00 6.113621845131717025e-01
2.339012952555230562e+00 5.368048560268016800e+00 7.403284612883564986e-01
2.664802089693036891e+00 6.566468557441183407e+00 6.738156922482352318e-01
3.035968727524477995e+00 9.038213609258908932e+00 6.481829153322248294e-01
3.458833265763586962e+00 8.053844709099376331e+00 5.108281672341068447e-01
3.940596440236666886e+00 6.610744898570420247e+00 3.877822085761684079e-01
4.489461940391565875e+00 6.095433357431071286e+00 3.120974633944554322e-01
5.114776105571953835e+00 4.901694130408451144e+00 2.368168596652245050e-01
5.827187078870319503e+00 4.020480959157967327e+00 1.826406879421987595e-01
6.638826128706195817e+00 3.205578332936087183e+00 1.399203357284996285e-01
7.563514225758552811e+00 2.482875084283026279e+00 1.069726364266449375e-01
8.616997392941321721e+00 1.927980671157647929e+00 8.280676433637881861e-02
9.817214836071872952e+00 1.578322959048048979e+00 6.635080317362269942e-02
1.118460442108735009e+01 1.264531786920918499e+00 5.349554847717536560e-02
1.274245069961824761e+01 1.016295049449732479e+00 4.387796966762973205e-02
1.451728140926205768e+01 7.794220639032505282e-01 3.610966346686757950e-02
1.653931920034971981e+01 5.791795450246670640e-01 3.010797841927995502e-02
1.884299628142029093e+01 4.445949292210669146e-01 2.595993359267795633e-02
2.146754074702852577e+01 3.522156855837599299e-01 2.307742376248013774e-02
2.445764457215044274e+01 2.557332738337201317e-01 2.058837791015788454e-02
2.786422464810916466e+01 1.938328283211778746e-01 1.892960133486242674e-02
3.174528981929791982e+01 1.251858633126394782e-01 1.740627500289218532e-02
3.616692868500850011e+01 9.276836681344535762e-02 1.657203113437070649e-02
4.120443498711833286e+01 6.076381236620020942e-02 1.585778232077167046e-02
4.694358974726586098e+01 4.097563915405610935e-02 1.539983585746282704e-02
