1.069642439726958605e+00 -6.958141611929500314e-01 1.618587692770302766e+01
1.218627458003121777e+00 -3.057587281897271581e-01 1.858216460617941834e+01
1.388363836590320144e+00 -6.458063636342263880e-01 1.126418573173277160e+01
1.581741926207981042e+00 -7.149111675126906817e-01 8.229130152478546734e+00
1.802054659727066133e+00 -1.423731623090387810e+00 nan
2.053053625776520175e+00 -1.052823520001246127e+00 nan
2.339012952555230562e+00 -9.932475350147502713e-01 6.987551727073260111e-01
2.664802089693036891e+00 -1.323249732253381605e+00 nan
3.035968727524477995e+00 -9.595545749855487472e-01 1.171416652398260982e+00
3.458833265763586962e+00 -1.006139804553519479e+00 nan
3.940596440236666886e+00 4.224646225324783622e+00 9.009704783558882824e+00
4.489461940391565875e+00 6.101612966299533092e+00 8.632870549374313640e+00
5.114776105571953835e+00 1.323568891010297044e+01 1.008531510259454400e+01
5.827187078870319503e+00 7.044746112957833262e+00 6.230251226875722637e+00
6.638826128706195817e+00 1.302080824502569278e+01 6.811517181704584978e+00
7.563514225758552811e+00 1.133461299677284373e+01 5.278384945658095795e+00
8.616997392941321721e+00 5.949641051690498728e+00 3.249634546797549817e+00
9.817214836071872952e+00 6.653392751060398069e+00 2.827648701724378988e+00
1.118460442108735009e+01 5.545812421977845297e+00 2.163651737833418576e+00
1.274245069961824761e+01 4.025178353132210063e+00 1.563611763577916092e+00
1.451728140926205768e+01 2.881066294511421155e+00 1.135484761627639783e+00
1.653931920034971981e+01 1.920933798804365988e+00 8.134618120988675871e-01
1.884299628142029093e+01 1.676094498712244363e+00 6.487301225439781049e-01
2.146754074702852577e+01 9.117327890176916139e-01 4.523762085074782835e-01
2.445764457215044274e+01 1.059715373637000191e+00 3.984680605373181472e-01
2.786422464810916466e+01 4.729382522114113918e-01 2.783754900579074598e-01
3.174528981929791982e+01 2.221789904370894408e-01 2.125098000276613719e-01
3.616692868500850011e+01 1.012123394439465862e-01 1.713599618295422733e-01
4.120443498711833286e+01 3.747098478111832165e-02 1.433635898600107428e-01
4.694358974726586098e+01 9.641454214593103700e-02 1.316327289448481486e-01
