1.069642439726958605e+00 -1.400076352981538097e+00 nan
1.218627458003121777e+00 -4.974395047514197366e-01 3.551333053206403023e-01
1.388363836590320144e+00 -6.382971903949452575e-01 2.556889758139284652e-01
1.581741926207981042e+00 3.167604286558340920e-01 3.975029990548858416e-01
1.802054659727066133e+00 2.324938325333130607e+00 5.203827446772621990e-01
2.053053625776520175e+00 4.787231501770915720e+00 5.651798392572260354e-01
2.339012952555230562e+00 6.410745051444282971e+00 5.270820015062027686e-01
2.664802089693036891e+00 7.661746372122648197e+00 4.775935809731632342e-01
3.035968727524477995e+00 8.055447004074920869e+00 4.076697338433891149e-01
3.458833265763586962e+00 7.475227813279280653e+00 3.287545086163323749e-01
3.940596440236666886e+00 6.323470455057692341e+00 2.541992854824001724e-01
4.489461940391565875e+00 4.969824331494978154e+00 1.906526940953160165e-01
5.114776105571953835e+00 4.085086668110589514e+00 1.471164410778893483e-01
5.827187078870319503e+00 3.339827074432409226e+00 1.141602683530562184e-01
6.638826128706195817e+00 2.683045953109790993e+00 8.857405427329617664e-02
7.563514225758552811e+00 2.128670491350660665e+00 6.917877915710868297e-02
8.616997392941321721e+00 1.699871189593986642e+00 5.485658964960714312e-02
9.817214836071872952e+00 1.293206522545784498e+00 4.329172080757905106e-02
1.118460442108735009e+01 1.041628100611078356e+00 3.557879499667881279e-02
1.274245069961824761e+01 8.405981752046314259e-01 2.978067077662348294e-02
1.451728140926205768e+01 6.466689216822676389e-01 2.504704682965192691e-02
1.653931920034971981e+01 4.938115526359343477e-01 2.150949224176852345e-02
1.884299628142029093e+01 3.801365991268408351e-01 1.894172490138935211e-02
2.146754074702852577e+01 2.787011074114680298e-01 1.689031924181436453e-02
2.445764457215044274e+01 2.120348089424011206e-01 1.550755778726586355e-02
2.786422464810916466e+01 1.461101061334368900e-01 1.431715468239966489e-02
3.174528981929791982e+01 1.021263240090304336e-01 1.351383961598409678e-02
3.616692868500850011e+01 6.490714555380439066e-02 1.288036107705174682e-02
4.120443498711833286e+01 3.968041990921289397e-02 1.244963117445418120e-02
4.694358974726586098e+01 2.762373046778243690e-02 1.221626577694111086e-02
