1.069642439726958605e+00 -1.641918665110373876e+00 nan
1.218627458003121777e+00 -8.381768576059469567e-01 5.050652672893719553e-01
1.388363836590320144e+00 -1.250681113052950710e+00 nan
1.581741926207981042e+00 -9.137701872230956646e-01 2.547884834072115523e-01
1.802054659727066133e+00 -6.154866243426280192e-01 4.423931733804257194e-01
2.053053625776520175e+00 6.260446244995450105e-01 7.461310948737578386e-01
2.339012952555230562e+00 2.576394733093612999e+00 9.077286705982190451e-01
2.664802089693036891e+00 4.711460726402012078e+00 9.558422196409422922e-01
3.035968727524477995e+00 7.990276627471872395e+00 9.971990260839996845e-01
3.458833265763586962e+00 8.871878725641824559e+00 8.674414259056160148e-01
3.940596440236666886e+00 9.154729754279404830e+00 7.310079046364035271e-01
4.489461940391565875e+00 7.879471415477936169e+00 5.667031459848023145e-01
5.114776105571953835e+00 6.097609068855568637e+00 4.195828773121914046e-01
5.827187078870319503e+00 5.030691809155776184e+00 3.221156548179209822e-01
6.638826128706195817e+00 4.216369902184238683e+00 2.502568089782729599e-01
7.563514225758552811e+00 3.114526110764228140e+00 1.851537989654355176e-01
8.616997392941321721e+00 2.489255709712085096e+00 1.432180879688644826e-01
9.817214836071872952e+00 1.959943686233313276e+00 1.112121966036483250e-01
1.118460442108735009e+01 1.565805153542398687e+00 8.803120658131177723e-02
1.274245069961824761e+01 1.197679475757060352e+00 6.951347821947138905e-02
1.451728140926205768e+01 9.879551563728028452e-01 5.744248386620095376e-02
1.653931920034971981e+01 7.213906012615804997e-01 4.642459816863095390e-02
1.884299628142029093e+01 5.781698256511553780e-01 3.948844219029182256e-02
2.146754074702852577e+01 4.286246878798587456e-01 3.364536567675724399e-02
2.445764457215044274e+01 3.213680351224861287e-01 2.948170062323524424e-02
2.786422464810916466e+01 2.499766267780065832e-01 2.662330828999387444e-02
3.174528981929791982e+01 1.808322325529869712e-01 2.426305341499082960e-02
3.616692868500850011e+01 1.248271050620068934e-01 2.247504072391690727e-02
4.120443498711833286e+01 8.978238478630040653e-02 2.130625873387208269e-02
4.694358974726586098e+01 5.492610888085813770e-02 2.030335542203080129e-02
