1.069642439726958605e+00 -1.501140328734821949e+00 nan
1.218627458003121777e+00 -1.333242855269912042e+00 nan
1.388363836590320144e+00 -1.240662430103265823e+00 nan
1.581741926207981042e+00 -6.449334830684174680e-01 3.125272429598776380e+00
1.802054659727066133e+00 -7.574803459700361064e-01 2.123539905514357784e+00
2.053053625776520175e+00 -1.529767563760084492e+00 nan
2.339012952555230562e+00 -1.212942941163700272e+00 nan
2.664802089693036891e+00 -8.376347505498542567e-01 9.682348580955628670e-01
3.035968727524477995e+00 -9.857002307537556796e-01 2.370315938791354438e-01
3.458833265763586962e+00 2.423139308118872126e+00 3.022373145810289596e+00
3.940596440236666886e+00 7.993197264533058899e+00 4.039262841524097425e+00
4.489461940391565875e+00 1.064264486348218064e+01 3.791043427054430204e+00
5.114776105571953835e+00 1.066295679751682002e+01 3.132914667002068221e+00
5.827187078870319503e+00 1.124326386546277412e+01 2.661277205574238636e+00
6.638826128706195817e+00 8.357076850207254992e+00 1.916968189445659387e+00
7.563514225758552811e+00 7.740167179771177963e+00 1.539023077203615975e+00
8.616997392941321721e+00 6.206858253572619333e+00 1.157815416273941800e+00
9.817214836071872952e+00 4.320714456616688182e+00 8.207849659228036998e-01
1.118460442108735009e+01 3.358128959942610514e+00 6.166030445083857670e-01
1.274245069961824761e+01 3.063440855493895221e+00 4.987714295350726967e-01
1.451728140926205768e+01 1.807114740775312089e+00 3.415352338985433445e-01
1.653931920034971981e+01 1.416446724812102875e+00 2.655614034198969797e-01
1.884299628142029093e+01 1.439141331451105899e+00 2.283674079440176641e-01
2.146754074702852577e+01 8.162412776631551292e-01 1.640274129699018923e-01
2.445764457215044274e+01 7.117569724494634542e-01 1.373636287038434989e-01
2.786422464810916466e+01 5.025691716185836100e-01 1.107892142881268666e-01
3.174528981929791982e+01 3.404560755226537783e-01 9.113483890479280591e-02
3.616692868500850011e+01 3.010026994445094140e-01 8.072219238237914041e-02
4.120443498711833286e+01 1.715732471073527776e-01 6.838222613511241166e-02
4.694358974726586098e+01 1.220549257735232818e-01 6.161108433670672152e-02
