1.069642439726958605e+00 -9.758421442808797863e-01 1.594112940368235032e+00
1.218627458003121777e+00 -5.974461374854802553e-01 4.945131263016245171e+00
1.388363836590320144e+00 -1.465455644600597296e+00 nan
1.581741926207981042e+00 -7.982833569907736848e-01 2.419133526337696072e+00
1.802054659727066133e+00 -9.890499742675611383e-01 4.633908592041891539e-01
2.053053625776520175e+00 -1.276337673851752452e+00 nan
2.339012952555230562e+00 -1.139916844407121044e+00 nan
2.664802089693036891e+00 -9.786951620100030613e-01 3.601809980846875647e-01
3.035968727524477995e+00 1.863400901179903535e-01 2.217867325428610759e+00
3.458833265763586962e+00 2.749627171266635361e+00 3.248828984120346597e+00
3.940596440236666886e+00 3.919288194796226144e+00 3.060618609677493662e+00
4.489461940391565875e+00 9.142524582376267972e+00 3.628434625227614507e+00
5.114776105571953835e+00 1.423827795770360360e+01 3.692008120152701522e+00
5.827187078870319503e+00 8.492999248724995454e+00 2.393617074672355738e+00
6.638826128706195817e+00 9.062477483033955394e+00 2.043905857769783285e+00
7.563514225758552811e+00 6.171920426427954354e+00 1.422078457372703442e+00
8.616997392941321721e+00 5.597635820958436703e+00 1.132704973934394843e+00
9.817214836071872952e+00 4.416545018019350621e+00 8.501566599423020509e-01
1.118460442108735009e+01 3.148135314884543234e+00 6.154438264517405610e-01
1.274245069961824761e+01 3.112387552878933761e+00 5.147843878048069532e-01
1.451728140926205768e+01 2.324197332540039795e+00 3.857574907651605267e-01
1.653931920034971981e+01 1.662955833850980891e+00 2.880869761883966818e-01
1.884299628142029093e+01 1.313000451744340991e+00 2.263032145681252161e-01
2.146754074702852577e+01 7.949370385884453327e-01 1.666566046519437350e-01
2.445764457215044274e+01 8.622544563673881779e-01 1.485383188964760071e-01
2.786422464810916466e+01 5.122032696917688810e-01 1.137049754298330023e-01
3.174528981929791982e+01 4.172024038676280799e-01 9.686914634231336141e-02
3.616692868500850011e+01 3.057898095354296686e-01 8.254296791811109590e-02
4.120443498711833286e+01 2.347405547345291499e-01 7.266819806999851028e-02
4.694358974726586098e+01 1.256319247340296208e-01 6.286692532388774013e-02
