1.069642439726958605e+00 -9.107491978666844012e-01 4.938171362532612352e-01
1.218627458003121777e+00 -9.126333235494683560e-01 3.712852219553708366e-01
1.388363836590320144e+00 -1.106072193683811822e+00 nan
1.581741926207981042e+00 -7.917381606039806119e-01 3.961677078983612543e-01
1.802054659727066133e+00 -3.571897325923458766e-01 5.723252807753758109e-01
2.053053625776520175e+00 6.346145972385881517e-01 7.484613442984483500e-01
2.339012952555230562e+00 2.287988165612144797e+00 8.705941920996401739e-01
2.664802089693036891e+00 5.114617756912892332e+00 9.899074884494122317e-01
3.035968727524477995e+00 8.153386612004133838e+00 1.006941228814278277e+00
3.458833265763586962e+00 8.159026515859563844e+00 8.345914540024308437e-01
3.940596440236666886e+00 8.206058783140422364e+00 6.941967286703740747e-01
4.489461940391565875e+00 7.493375432117304058e+00 5.534880129922920000e-01
5.114776105571953835e+00 6.243168645387512150e+00 4.244858407426428948e-01
5.827187078870319503e+00 4.847704153752861345e+00 3.167568986901289074e-01
6.638826128706195817e+00 3.834223585026319103e+00 2.397053226025070705e-01
7.563514225758552811e+00 3.145478501332782173e+00 1.860499986526069072e-01
8.616997392941321721e+00 2.396913287649407032e+00 1.409907372553599880e-01
9.817214836071872952e+00 1.942275739844253835e+00 1.108467034509576232e-01
1.118460442108735009e+01 1.530478429194503276e+00 8.728384028430401231e-02
1.274245069961824761e+01 1.219686496035817358e+00 7.000862483088625410e-02
1.451728140926205768e+01 9.624157608436780809e-01 5.694353283777812968e-02
1.653931920034971981e+01 7.584068622858197717e-01 4.717586322318950004e-02
1.884299628142029093e+01 5.754624665827270391e-01 3.944993549031187985e-02
2.146754074702852577e+01 4.305219565172462293e-01 3.369283056124849907e-02
2.445764457215044274e+01 3.257915047507058404e-01 2.957446164673455113e-02
2.786422464810916466e+01 2.512776393040443423e-01 2.665569482892797548e-02
3.174528981929791982e+01 1.866718871095220944e-01 2.437881788863738297e-02
3.616692868500850011e+01 1.326302044946852110e-01 2.262623870828102748e-02
4.120443498711833286e+01 9.175563826873145423e-02 2.134857679728135657e-02
4.694358974726586098e+01 5.646191377807463496e-02 2.033712710002611238e-02
