1.069642439726958605e+00 -1.555580420572671763e+00 nan
1.218627458003121777e+00 -8.209210602396899148e-01 2.122322601273506359e-01
1.388363836590320144e+00 -6.172926169354049364e-01 2.633316758394621537e-01
1.581741926207981042e+00 3.005338694000874167e-01 3.955247753112382525e-01
1.802054659727066133e+00 2.004053669916866731e+00 4.951043406604762609e-01
2.053053625776520175e+00 5.434723282164678260e+00 5.971597115805187261e-01
2.339012952555230562e+00 7.021001386966439384e+00 5.496259513007603070e-01
2.664802089693036891e+00 7.839400038919291269e+00 4.832652867441003530e-01
3.035968727524477995e+00 7.913734116580396716e+00 4.047309437686101297e-01
3.458833265763586962e+00 7.312613290499714758e+00 3.256807844720689959e-01
3.940596440236666886e+00 6.054073079975495375e+00 2.492457699861655163e-01
4.489461940391565875e+00 5.242587585983216059e+00 1.957784577757209488e-01
5.114776105571953835e+00 3.974763073333550167e+00 1.454167194692814746e-01
5.827187078870319503e+00 3.323175175703955375e+00 1.140232332931430531e-01
6.638826128706195817e+00 2.691991848352188299e+00 8.880256445741986637e-02
7.563514225758552811e+00 2.013683959178708349e+00 6.761679136228497533e-02
8.616997392941321721e+00 1.663177838188465429e+00 5.441518496314012854e-02
9.817214836071872952e+00 1.321856314975584645e+00 4.370869281892846014e-02
1.118460442108735009e+01 1.039939962683277042e+00 3.559111252222056654e-02
1.274245069961824761e+01 8.230119230889980653e-01 2.959067210266943734e-02
1.451728140926205768e+01 6.455652259961470740e-01 2.505522755529182230e-02
1.653931920034971981e+01 5.068132586426006281e-01 2.168256192472566013e-02
1.884299628142029093e+01 3.880527345157158692e-01 1.905029909127276336e-02
2.146754074702852577e+01 2.885024208976583182e-01 1.701842910909315970e-02
2.445764457215044274e+01 2.201499379061215844e-01 1.561395130533112241e-02
2.786422464810916466e+01 1.637269462997759106e-01 1.453362108917471453e-02
3.174528981929791982e+01 1.139600748277347364e-01 1.366150134666575984e-02
3.616692868500850011e+01 8.376458511054130085e-02 1.310958504569048437e-02
4.120443498711833286e+01 5.681413204048890719e-02 1.265818698108861322e-02
4.694358974726586098e+01 3.712292856144183695e-02 1.233516582064131742e-02
