1.069642439726958605e+00 -8.683979363057054979e-01 3.664697878863323321e-01
1.218627458003121777e+00 -1.068054178802681609e+00 nan
1.388363836590320144e+00 -9.266321239530290743e-01 1.764711217808059007e-01
1.581741926207981042e+00 -6.910728736343789702e-01 2.949001065723005355e-01
1.802054659727066133e+00 1.694014565284176488e-01 4.719678097477640888e-01
2.053053625776520175e+00 2.577175866348782929e+00 6.780949489910874650e-01
2.339012952555230562e+00 5.126207114645184859e+00 7.298885370467056433e-01
2.664802089693036891e+00 7.329511538677238036e+00 7.117533744300295062e-01
3.035968727524477995e+00 7.932756766168579610e+00 6.130469309436248349e-01
3.458833265763586962e+00 8.558674047832402820e+00 5.286295956793658490e-01
3.940596440236666886e+00 7.620056943397164773e+00 4.170692153653053347e-01
4.489461940391565875e+00 6.200648151060238256e+00 3.162917990129978096e-01
5.114776105571953835e+00 4.903339069170831621e+00 2.380736201166505084e-01
5.827187078870319503e+00 3.876154493649777599e+00 1.805007612870486722e-01
6.638826128706195817e+00 3.198786224349926322e+00 1.404831742382373627e-01
7.563514225758552811e+00 2.585173376164505932e+00 1.094157584966213848e-01
8.616997392941321721e+00 2.039203664743195699e+00 8.518587956594499133e-02
9.817214836071872952e+00 1.652855831349349103e+00 6.792110070751593287e-02
1.118460442108735009e+01 1.265711163894796432e+00 5.375419943096469699e-02
1.274245069961824761e+01 1.028349253481288805e+00 4.425580442396730152e-02
1.451728140926205768e+01 7.900253261804928151e-01 3.642063707115625326e-02
1.653931920034971981e+01 6.151893698239851993e-01 3.076769489500729565e-02
1.884299628142029093e+01 4.806830018793100123e-01 2.659167782142585201e-02
2.146754074702852577e+01 3.557825576218367480e-01 2.321131926731915401e-02
2.445764457215044274e+01 2.798727198699715313e-01 2.101008656485465684e-02
2.786422464810916466e+01 2.076661805246060588e-01 1.919174610012842896e-02
3.174528981929791982e+01 1.559161613681734337e-01 1.790636344140148981e-02
3.616692868500850011e+01 1.078746139032800144e-01 1.684087129388588122e-02
4.120443498711833286e+01 7.606054506714832186e-02 1.612595138770939879e-02
4.694358974726586098e+01 4.995247159052396135e-02 1.557420362250503017e-02
