1.069642439726958605e+00 -1.231095993982817216e+00 nan
1.218627458003121777e+00 -7.268861782592432874e-01 2.628201965428741405e-01
1.388363836590320144e+00 -3.148799626593259404e-01 3.533369695616651041e-01
1.581741926207981042e+00 4.488760496681269974e-01 4.186498158508883960e-01
1.802054659727066133e+00 2.079680713194950847e+00 5.026977772504220843e-01
2.053053625776520175e+00 4.083264419729669470e+00 5.313117397348028348e-01
2.339012952555230562e+00 6.716252528722174375e+00 5.402382724964429617e-01
2.664802089693036891e+00 8.073415159427172583e+00 4.912265385521388250e-01
3.035968727524477995e+00 8.316702595381187280e+00 4.154940171633949020e-01
3.458833265763586962e+00 6.892266022938963843e+00 3.174520705871509696e-01
3.940596440236666886e+00 6.199738253879953476e+00 2.527424531618989723e-01
4.489461940391565875e+00 4.904171101882125683e+00 1.901621434787779952e-01
5.114776105571953835e+00 4.203900686505866346e+00 1.496506358551176197e-01
5.827187078870319503e+00 3.265479416345534069e+00 1.133902123451737687e-01
6.638826128706195817e+00 2.594487161507793793e+00 8.755892241151472244e-02
7.563514225758552811e+00 2.123509231195745528e+00 6.934120664791106059e-02
8.616997392941321721e+00 1.657209153704226612e+00 5.445848862524810263e-02
9.817214836071872952e+00 1.326318884876301230e+00 4.386350217453194311e-02
1.118460442108735009e+01 1.071527204629303398e+00 3.606649410935985206e-02
1.274245069961824761e+01 8.227369409845135539e-01 2.964718218749237688e-02
1.451728140926205768e+01 6.547998513762089967e-01 2.521552224980454227e-02
1.653931920034971981e+01 5.134409568914799493e-01 2.180160105360178999e-02
1.884299628142029093e+01 3.862013782155735431e-01 1.906148129653049972e-02
2.146754074702852577e+01 2.996504542143887395e-01 1.717831873237231702e-02
2.445764457215044274e+01 2.105332758845630536e-01 1.552562007396349024e-02
2.786422464810916466e+01 1.586313090480684362e-01 1.449605849825427034e-02
3.174528981929791982e+01 1.026899247377106583e-01 1.354960118788951610e-02
3.616692868500850011e+01 7.299598497535031427e-02 1.300236191806658677e-02
4.120443498711833286e+01 5.664225550595713976e-02 1.267425824320708196e-02
4.694358974726586098e+01 4.049394738708889108e-02 1.239207894957485012e-02
