1.069642439726958605e+00 -1.389708285492167406e+00 nan
1.218627458003121777e+00 -1.030786632720706475e+00 nan
1.388363836590320144e+00 -9.600623236249394843e-01 1.299720939531323616e-01
1.581741926207981042e+00 -3.871183986257178411e-01 4.146924849276986680e-01
1.802054659727066133e+00 -1.814257702509161074e-01 3.941101973868481601e-01
2.053053625776520175e+00 2.801816111668549159e+00 6.979743624737883012e-01
2.339012952555230562e+00 5.266068404441592854e+00 7.370193058662840579e-01
2.664802089693036891e+00 6.621588019791645685e+00 6.788336766075702133e-01
3.035968727524477995e+00 8.326143180387546749e+00 6.259456800416505207e-01
3.458833265763586962e+00 8.101408377136170458e+00 5.141146089832815402e-01
3.940596440236666886e+00 7.057408012141696219e+00 4.013754368991237498e-01
4.489461940391565875e+00 6.299945315499472898e+00 3.181783102925406781e-01
5.114776105571953835e+00 5.193973963565405860e+00 2.442384141414244425e-01
5.827187078870319503e+00 4.271133272191812935e+00 1.885261393485509473e-01
6.638826128706195817e+00 3.260059187100303735e+00 1.414740144176697689e-01
7.563514225758552811e+00 2.493284210224247843e+00 1.075252028906211604e-01
8.616997392941321721e+00 1.995762673306459956e+00 8.428554501377483188e-02
9.817214836071872952e+00 1.621454963054650644e+00 6.729103643116250699e-02
1.118460442108735009e+01 1.256110008067474748e+00 5.352168104423518646e-02
1.274245069961824761e+01 1.023427170814870113e+00 4.411831568121472175e-02
1.451728140926205768e+01 8.064330935764369990e-01 3.662432367667255162e-02
1.653931920034971981e+01 6.001756509268048045e-01 3.050403559646396034e-02
1.884299628142029093e+01 4.708599709007370571e-01 2.641491859008966714e-02
2.146754074702852577e+01 3.618734725233010430e-01 2.327466698097729186e-02
2.445764457215044274e+01 2.695834444910769623e-01 2.083763517612088889e-02
2.786422464810916466e+01 2.056652851163223161e-01 1.914308450664772149e-02
3.174528981929791982e+01 1.422758837592257297e-01 1.769095169274969431e-02
3.616692868500850011e+01 1.006731208110611675e-01 1.672049434790466235e-02
4.120443498711833286e+01 6.983704933026002593e-02 1.602084542471107070e-02
4.694358974726586098e+01 4.726181825190156616e-02 1.552103319862844187e-02
