1.069642439726958605e+00 -7.282741322038859266e-01 1.559080915758510422e+01
1.218627458003121777e+00 -6.634406974481132924e-01 1.318582790454272491e+01
1.388363836590320144e+00 -6.773091238279491666e-01 1.095744030237473687e+01
1.581741926207981042e+00 -1.065506983962752230e+00 nan
1.802054659727066133e+00 -2.007108489387205985e+00 nan
2.053053625776520175e+00 -1.164259058316956974e+00 nan
2.339012952555230562e+00 -6.444672713927028784e-01 5.167451383791841657e+00
2.664802089693036891e+00 -1.234326939516942723e+00 nan
3.035968727524477995e+00 -1.609798058616940253e+00 nan
3.458833265763586962e+00 -9.676773923280090894e-01 8.783832593429663493e-01
3.940596440236666886e+00 -1.032771820004554808e+00 nan
4.489461940391565875e+00 2.877680586242060912e+00 6.495061897850635368e+00
5.114776105571953835e+00 1.141029880147516629e+01 9.588405532322104463e+00
5.827187078870319503e+00 5.633510072445147898e+00 5.760180761631646718e+00
6.638826128706195817e+00 9.067704120098976972e+00 5.859990884520732024e+00
7.563514225758552811e+00 1.025897108196049246e+01 5.130610459689036063e+00
8.616997392941321721e+00 9.287042084401853970e+00 4.054663980643039345e+00
9.817214836071872952e+00 8.326574973924691037e+00 3.195099119299821933e+00
1.118460442108735009e+01 7.172985116782809811e+00 2.479367406329959778e+00
1.274245069961824761e+01 3.762013424774708348e+00 1.547833015366485654e+00
1.451728140926205768e+01 3.153234950117040025e+00 1.199242649720980047e+00
1.653931920034971981e+01 2.415338631957943072e+00 9.016276642536851238e-01
1.884299628142029093e+01 1.608381548339041345e+00 6.512554523331652856e-01
2.146754074702852577e+01 1.398074657867984127e+00 5.228045313799679628e-01
2.445764457215044274e+01 1.185920802302636634e+00 4.197584408612775042e-01
2.786422464810916466e+01 9.611536844992103479e-01 3.358090554556144580e-01
3.174528981929791982e+01 6.507503423858709279e-01 2.598202350326672683e-01
3.616692868500850011e+01 4.702316429305293255e-01 2.095124743900175224e-01
4.120443498711833286e+01 2.370816715145673825e-01 1.638150665381326865e-01
4.694358974726586098e+01 1.000277663911182113e-01 1.339313929104039291e-01
