1.069642439726958605e+00 -5.333351222260980240e-01 6.796544424894236158e+00
1.218627458003121777e+00 2.251973811645294754e-01 8.368913935374168389e+00
1.388363836590320144e+00 -1.391619279340613691e+00 nan
1.581741926207981042e+00 -1.008734939759035942e+00 nan
1.802054659727066133e+00 -8.222877809765114510e-01 1.810907622333216782e+00
2.053053625776520175e+00 -6.081202231881088771e-01 2.204054855263908763e+00
2.339012952555230562e+00 -1.043646425642735576e+00 nan
2.664802089693036891e+00 -6.864412979708427454e-01 1.340471949182823197e+00
3.035968727524477995e+00 1.523186184418116706e+00 3.138752016187218885e+00
3.458833265763586962e+00 2.619169373596093919e+00 3.096192021922861581e+00
3.940596440236666886e+00 8.350867087919112919e+00 4.104127084727599239e+00
4.489461940391565875e+00 6.960894352507717819e+00 3.113366861687027587e+00
5.114776105571953835e+00 9.285129403474293497e+00 2.926065313994564931e+00
5.827187078870319503e+00 1.068740556305955280e+01 2.587941332446794362e+00
6.638826128706195817e+00 9.325062195983727875e+00 2.011383958800975869e+00
7.563514225758552811e+00 7.204416801252145675e+00 1.482591623640900913e+00
8.616997392941321721e+00 5.243069478665180583e+00 1.067899600205466593e+00
9.817214836071872952e+00 3.946801875545152605e+00 7.861268053554880675e-01
1.118460442108735009e+01 3.922844333894505375e+00 6.573642213135131307e-01
1.274245069961824761e+01 2.459435297798435727e+00 4.538585394581608479e-01
1.451728140926205768e+01 2.057032914130620505e+00 3.573740211566039382e-01
1.653931920034971981e+01 1.741124190855140030e+00 2.851028874443350403e-01
1.884299628142029093e+01 1.319251462618769688e+00 2.206431099651075534e-01
2.146754074702852577e+01 8.793527919818153737e-01 1.670362790202492287e-01
2.445764457215044274e+01 6.642051762578400353e-01 1.344052125881087523e-01
2.786422464810916466e+01 4.770536794987145779e-01 1.091518517872101940e-01
3.174528981929791982e+01 3.332362722585895387e-01 9.051229436589036670e-02
3.616692868500850011e+01 2.221761654492151461e-01 7.673625543626914902e-02
4.120443498711833286e+01 1.634141426803490393e-01 6.781973528651645544e-02
4.694358974726586098e+01 1.636051254386596820e-01 6.337826019825693047e-02
