1.069642439726958605e+00 -7.372615171867453743e-01 1.541055024679100427e+01
1.218627458003121777e+00 -1.340927309118088218e+00 nan
1.388363836590320144e+00 -4.451698401423782592e-01 1.444274639496207868e+01
1.581741926207981042e+00 -2.776911076443056015e-01 1.341891139507770880e+01
1.802054659727066133e+00 -8.352386908430458057e-01 5.269078820608608105e+00
2.053053625776520175e+00 -1.465582143017975625e+00 nan
2.339012952555230562e+00 -1.285055459810015233e+00 nan
2.664802089693036891e+00 -1.011294839726290640e+00 nan
3.035968727524477995e+00 -8.933884588231397750e-01 1.948367695629511065e+00
3.458833265763586962e+00 -9.315524649036950322e-01 1.284887001657615269e+00
3.940596440236666886e+00 9.784108296768842195e+00 1.327439670076226186e+01
4.489461940391565875e+00 -9.745915558552533664e-01 5.279120663428468196e-01
5.114776105571953835e+00 6.504522470657740030e+00 7.479427077406615609e+00
5.827187078870319503e+00 1.582615800812278550e+01 9.279330891783294177e+00
6.638826128706195817e+00 1.595259715987659455e+01 7.690824295824744361e+00
7.563514225758552811e+00 7.413561432140179264e+00 4.441100735829186519e+00
8.616997392941321721e+00 8.369964642201029648e+00 3.882538289464573467e+00
9.817214836071872952e+00 6.688456241382470857e+00 2.902148394162385792e+00
1.118460442108735009e+01 5.171662292006949713e+00 2.147482745629091916e+00
1.274245069961824761e+01 4.265521898979820037e+00 1.640873230424929163e+00
1.451728140926205768e+01 3.315539073071205323e+00 1.230350059448319877e+00
1.653931920034971981e+01 2.807287114664205774e+00 9.615443662034696137e-01
1.884299628142029093e+01 2.158737872303211347e+00 7.277099797713610929e-01
2.146754074702852577e+01 1.227795376671239280e+00 5.040083637376986392e-01
2.445764457215044274e+01 6.736920412623563781e-01 3.617280799898123789e-01
2.786422464810916466e+01 9.187065070685997981e-01 3.329373950529214143e-01
3.174528981929791982e+01 4.120926950900161145e-01 2.370029501495689028e-01
3.616692868500850011e+01 2.634232366572943906e-01 1.908496928775870738e-01
4.120443498711833286e+01 1.693053203700560783e-01 1.583925149713453773e-01
4.694358974726586098e+01 7.375671644936931948e-02 1.322023991716712310e-01
