1.069642439726958605e+00 -1.329674963424066547e+00 nan
1.218627458003121777e+00 -6.817107051083695080e-01 1.296381317387162824e+01
1.388363836590320144e+00 -4.534841017749966507e-01 1.441661033614753684e+01
1.581741926207981042e+00 -1.730713912133891252e+00 nan
1.802054659727066133e+00 -7.372207740542344734e-01 6.692608414948986173e+00
2.053053625776520175e+00 -6.774894259712966882e-01 6.076759930657588349e+00
2.339012952555230562e+00 -8.581205229030210990e-01 3.300180806089464625e+00
2.664802089693036891e+00 -3.485773977662680601e-01 5.872004926395404389e+00
3.035968727524477995e+00 -1.294314920550548198e+00 nan
3.458833265763586962e+00 -8.338757155696949752e-01 2.013260955496603888e+00
3.940596440236666886e+00 4.221956229526211857e+00 9.280408411336708241e+00
4.489461940391565875e+00 9.946385067231123145e+00 1.105445362111966467e+01
5.114776105571953835e+00 1.145991213880068926e+01 9.712753081465500316e+00
5.827187078870319503e+00 1.596619506823458146e+01 9.371731190883860307e+00
6.638826128706195817e+00 1.714653072134592549e+01 8.010627942011236513e+00
7.563514225758552811e+00 1.519685865087392429e+01 6.260495142864653140e+00
8.616997392941321721e+00 6.358311349613728680e+00 3.446601710697291043e+00
9.817214836071872952e+00 8.231075453153557930e+00 3.211835346693141080e+00
1.118460442108735009e+01 4.024967173465119785e+00 1.939300639289548434e+00
1.274245069961824761e+01 4.407360732205094500e+00 1.673526912290038027e+00
1.451728140926205768e+01 3.562018442221335235e+00 1.274768653494812831e+00
1.653931920034971981e+01 2.298576315148103788e+00 8.940313497012497557e-01
1.884299628142029093e+01 1.712308541474623302e+00 6.723522470547139696e-01
2.146754074702852577e+01 1.661313414634654428e+00 5.603442963473841409e-01
2.445764457215044274e+01 1.056696818073814548e+00 4.092254581802527436e-01
2.786422464810916466e+01 5.690934899419044513e-01 2.968907374568126034e-01
3.174528981929791982e+01 5.982178261048767265e-01 2.570862319562446929e-01
3.616692868500850011e+01 3.243284063991707100e-01 1.976510042678059631e-01
4.120443498711833286e+01 2.263759126995583681e-01 1.643284767514363587e-01
4.694358974726586098e+01 2.169568433466813051e-01 1.452015759130702022e-01
