1.069642439726958605e+00 -1.525487635239027195e+00 nan
1.218627458003121777e+00 -8.735457764346075127e-01 2.724922322394986440e-01
1.388363836590320144e+00 -1.056866827885436066e+00 nan
1.581741926207981042e+00 -6.912886508708531164e-01 2.942571356684707817e-01
1.802054659727066133e+00 1.035309524200811460e-01 4.576266414616106948e-01
2.053053625776520175e+00 3.333029659460782668e+00 7.454017063747735428e-01
2.339012952555230562e+00 5.230349589178851843e+00 7.348203489208746664e-01
2.664802089693036891e+00 7.109652499895846134e+00 7.007628804467548322e-01
3.035968727524477995e+00 7.898226509289101749e+00 6.107123968960147531e-01
3.458833265763586962e+00 7.979243948973243405e+00 5.103845808728090239e-01
3.940596440236666886e+00 7.412549072178027387e+00 4.108532314946446995e-01
4.489461940391565875e+00 6.350215646988191409e+00 3.193667924316299089e-01
5.114776105571953835e+00 4.782743893026691673e+00 2.349150366424016811e-01
5.827187078870319503e+00 4.032733505199262325e+00 1.835157240262793588e-01
6.638826128706195817e+00 3.283446179890852523e+00 1.419245187288687982e-01
7.563514225758552811e+00 2.429350880603478480e+00 1.063127946003618179e-01
8.616997392941321721e+00 1.966330583106356000e+00 8.375510227245105965e-02
9.817214836071872952e+00 1.599731925804898314e+00 6.691845488758443872e-02
1.118460442108735009e+01 1.274956771657220100e+00 5.382439537683467168e-02
1.274245069961824761e+01 9.857115818019765996e-01 4.352249277100131430e-02
1.451728140926205768e+01 7.791651488004645021e-01 3.620449905915074790e-02
1.653931920034971981e+01 6.015977966126935250e-01 3.052350431929688052e-02
1.884299628142029093e+01 4.579921912127724593e-01 2.622278926294155377e-02
2.146754074702852577e+01 3.404627483367790308e-01 2.295921850089653604e-02
2.445764457215044274e+01 2.639180815002812874e-01 2.075389890949187743e-02
2.786422464810916466e+01 1.993701972410399925e-01 1.905063128326748428e-02
3.174528981929791982e+01 1.391267826178292921e-01 1.764441293114054482e-02
3.616692868500850011e+01 1.033705707078449443e-01 1.675877221781788343e-02
4.120443498711833286e+01 6.575868113999261411e-02 1.596105660663424755e-02
4.694358974726586098e+01 4.371038308266639305e-02 1.546892502656612225e-02
