1.069642439726958605e+00 -7.229261978082059947e-01 1.569475721928907497e+01
1.218627458003121777e+00 -1.321610735138774473e+00 nan
1.388363836590320144e+00 -1.149867150020984941e+00 nan
1.581741926207981042e+00 -1.534296028880866469e+00 nan
1.802054659727066133e+00 -1.034223706802547493e+00 nan
2.053053625776520175e+00 -7.260496172157513417e-01 5.522605495569856693e+00
2.339012952555230562e+00 -9.768978045033200885e-01 1.313139802672400824e+00
2.664802089693036891e+00 -1.327148000477531564e+00 nan
3.035968727524477995e+00 -1.194496247679148748e+00 nan
3.458833265763586962e+00 -1.145487589897360881e+00 nan
3.940596440236666886e+00 4.349855565344556751e+00 9.262896561661786876e+00
4.489461940391565875e+00 9.669388945792324108e+00 1.076130097919682527e+01
5.114776105571953835e+00 8.676439679203179267e+00 8.430905202426721701e+00
5.827187078870319503e+00 1.862437060066560690e+01 9.956469933731215249e+00
6.638826128706195817e+00 1.556602410586051199e+01 7.538203537902032458e+00
7.563514225758552811e+00 1.023609082254291280e+01 5.109612143226645919e+00
8.616997392941321721e+00 5.548807343299323236e+00 3.201735914983133924e+00
9.817214836071872952e+00 7.310060897112048650e+00 2.998164676972412845e+00
1.118460442108735009e+01 5.063081110848101751e+00 2.110427503606290944e+00
1.274245069961824761e+01 3.539113448834223963e+00 1.504554117067581132e+00
1.451728140926205768e+01 2.909228682075647221e+00 1.157466774264264364e+00
1.653931920034971981e+01 3.089932095616619634e+00 9.923847736289790333e-01
1.884299628142029093e+01 1.978016970298944077e+00 6.987175747445637519e-01
2.146754074702852577e+01 8.611109117240838273e-01 4.524521349868218523e-01
2.445764457215044274e+01 1.614377658764958312e+00 4.652659861413479536e-01
2.786422464810916466e+01 1.023525458753526074e+00 3.413094035425792150e-01
3.174528981929791982e+01 5.193183100073615055e-01 2.460892701831400575e-01
3.616692868500850011e+01 4.859997762707104485e-01 2.104255384588583355e-01
4.120443498711833286e+01 1.383911806240190057e-01 1.545108049542588957e-01
4.694358974726586098e+01 5.294256308007549983e-02 1.295340343878421674e-01
