1.069642439726958605e+00 -1.502916987745318345e+00 nan
1.218627458003121777e+00 -9.720383064342184021e-01 1.279724272038292865e-01
1.388363836590320144e+00 -5.668359123487978213e-01 4.275079708456383520e-01
1.581741926207981042e+00 -5.351506822083356152e-01 3.606509163303072141e-01
1.802054659727066133e+00 2.044293308585478641e-01 4.775172540340363869e-01
2.053053625776520175e+00 2.743168162536423260e+00 6.916103995219283762e-01
2.339012952555230562e+00 5.376889719417930813e+00 7.426177170982849463e-01
2.664802089693036891e+00 5.908159587304680826e+00 6.446272640297489032e-01
3.035968727524477995e+00 8.337043305664080250e+00 6.255076336696737682e-01
3.458833265763586962e+00 7.898205660844579867e+00 5.073109291855599778e-01
3.940596440236666886e+00 7.255402272234283245e+00 4.061758300180153269e-01
4.489461940391565875e+00 6.122983721975131743e+00 3.134795844059544700e-01
5.114776105571953835e+00 5.125085449545867533e+00 2.423906004811713921e-01
5.827187078870319503e+00 4.078784210229873253e+00 1.842730844844576443e-01
6.638826128706195817e+00 3.237559299024607817e+00 1.408578369305303335e-01
7.563514225758552811e+00 2.542141447791242292e+00 1.083124658066049739e-01
8.616997392941321721e+00 2.057287489925192947e+00 8.527841399173807790e-02
9.817214836071872952e+00 1.620183327137478368e+00 6.719361056422588907e-02
1.118460442108735009e+01 1.221393906009560215e+00 5.289811368854840934e-02
1.274245069961824761e+01 1.023214743358102252e+00 4.406882425999063269e-02
1.451728140926205768e+01 7.724218641692812692e-01 3.606732291235783400e-02
1.653931920034971981e+01 5.852930734342971508e-01 3.025142718901596695e-02
1.884299628142029093e+01 4.429798510778728549e-01 2.597827091292731830e-02
2.146754074702852577e+01 3.459917021236718071e-01 2.302177146309727918e-02
2.445764457215044274e+01 2.638840321129825028e-01 2.073747190448914021e-02
2.786422464810916466e+01 2.055671553559526021e-01 1.912663836460923306e-02
3.174528981929791982e+01 1.527241837703645633e-01 1.782899675028560768e-02
3.616692868500850011e+01 1.113164661839762815e-01 1.686231371718718841e-02
4.120443498711833286e+01 7.706922834270391043e-02 1.611401772775091987e-02
4.694358974726586098e+01 5.055550849835599436e-02 1.555777001607735154e-02
