1.069642439726958605e+00 -1.343369843581434964e+00 nan
1.218627458003121777e+00 -1.074044476825067207e+00 nan
1.388363836590320144e+00 -1.027184831236878981e+00 nan
1.581741926207981042e+00 2.315748025465040882e-01 3.855273667173985119e-01
1.802054659727066133e+00 2.431449483304659598e+00 5.302307295591011105e-01
2.053053625776520175e+00 4.690438064717870503e+00 5.619825873785742054e-01
2.339012952555230562e+00 6.810819719175231768e+00 5.430681138720040435e-01
2.664802089693036891e+00 8.276141584803525575e+00 4.964335881122313721e-01
3.035968727524477995e+00 7.713294389981508736e+00 4.005058206032424128e-01
3.458833265763586962e+00 7.304815275800550900e+00 3.260372118961767929e-01
3.940596440236666886e+00 6.126845548776408634e+00 2.510679937906467041e-01
4.489461940391565875e+00 5.057339677557020963e+00 1.927543165062660935e-01
5.114776105571953835e+00 4.226477044683579543e+00 1.498842396716427994e-01
5.827187078870319503e+00 3.406931163903264004e+00 1.155164128647058613e-01
6.638826128706195817e+00 2.667227291660364763e+00 8.856507113660007369e-02
7.563514225758552811e+00 2.163151347265634517e+00 6.983996694050631504e-02
8.616997392941321721e+00 1.720628024877044027e+00 5.527065976498636568e-02
9.817214836071872952e+00 1.347530540709866553e+00 4.410316366048537551e-02
1.118460442108735009e+01 1.082596104592548958e+00 3.617704675910853040e-02
1.274245069961824761e+01 8.525134235337326061e-01 2.999155255445118753e-02
1.451728140926205768e+01 6.480484781458679677e-01 2.511500437819684517e-02
1.653931920034971981e+01 5.223512077503391637e-01 2.189284973045739491e-02
1.884299628142029093e+01 3.879379984506732271e-01 1.906931361217012108e-02
2.146754074702852577e+01 2.914575092403721701e-01 1.707067305843397095e-02
2.445764457215044274e+01 2.288261179719077720e-01 1.573126021477254735e-02
2.786422464810916466e+01 1.613941261731979271e-01 1.451993269983497571e-02
3.174528981929791982e+01 1.186735181080460499e-01 1.372928156878163060e-02
3.616692868500850011e+01 7.773818198873327923e-02 1.305066463074278267e-02
4.120443498711833286e+01 5.844288613149384304e-02 1.268838793230827981e-02
4.694358974726586098e+01 3.843525049086982115e-02 1.236123248356071035e-02
