1.069642439726958605e+00 -1.710678697889513877e+00 nan
1.218627458003121777e+00 -6.564065044054085973e-01 7.287802322023845258e-01
1.388363836590320144e+00 -1.032052780460599894e+00 nan
1.581741926207981042e+00 -4.490827019955245802e-01 6.377918470456491740e-01
1.802054659727066133e+00 -4.694846690493952313e-01 5.145907437992388589e-01
2.053053625776520175e+00 2.581599795568503275e-01 6.497969608941817077e-01
2.339012952555230562e+00 2.646912435530507146e+00 9.077548942551656452e-01
2.664802089693036891e+00 5.104780503710792061e+00 9.790319935707342269e-01
3.035968727524477995e+00 7.487843540967158873e+00 9.588485864812833492e-01
3.458833265763586962e+00 9.087798593671221781e+00 8.689296562013993919e-01
3.940596440236666886e+00 8.646958008784327632e+00 7.045899286401157147e-01
4.489461940391565875e+00 7.730130503140877352e+00 5.562631970276716853e-01
5.114776105571953835e+00 6.212239428103182526e+00 4.193648652640334928e-01
5.827187078870319503e+00 4.708702509236229794e+00 3.095151327106924199e-01
6.638826128706195817e+00 4.086561447272421432e+00 2.444316134291316389e-01
7.563514225758552811e+00 3.077004037519730062e+00 1.825178978694223797e-01
8.616997392941321721e+00 2.590033665892387482e+00 1.444234020801764551e-01
9.817214836071872952e+00 2.058385889501451071e+00 1.125318249206715554e-01
1.118460442108735009e+01 1.549341201133094481e+00 8.693423754973231277e-02
1.274245069961824761e+01 1.246828849057770139e+00 6.998616648265676421e-02
1.451728140926205768e+01 9.650529337901181393e-01 5.653235180322459946e-02
1.653931920034971981e+01 7.056208446120071365e-01 4.576677920465421767e-02
1.884299628142029093e+01 5.823657483640327648e-01 3.928911593932864210e-02
2.146754074702852577e+01 4.480111181376367213e-01 3.378563177006894958e-02
2.445764457215044274e+01 3.215170306044399240e-01 2.929561703459252972e-02
2.786422464810916466e+01 2.177151869861240208e-01 2.586100979868378308e-02
3.174528981929791982e+01 1.660141183770871276e-01 2.384761599603841056e-02
3.616692868500850011e+01 1.212886631757355005e-01 2.228425263958298819e-02
4.120443498711833286e+01 7.388213951151967329e-02 2.089788142346384742e-02
4.694358974726586098e+01 5.673353109407108796e-02 2.023001272224618854e-02
