1.069642439726958605e+00 -1.112151846517082543e+00 nan
1.218627458003121777e+00 -7.795381425616603188e-01 2.342480927997653284e-01
1.388363836590320144e+00 -4.575199523349948727e-01 3.118914204459523054e-01
1.581741926207981042e+00 3.866422069676811457e-01 4.062873777775173889e-01
1.802054659727066133e+00 2.751862373719439869e+00 5.507584725946395032e-01
2.053053625776520175e+00 4.637966495492457319e+00 5.555073378677255480e-01
2.339012952555230562e+00 7.464962970688272748e+00 5.621681831540401575e-01
2.664802089693036891e+00 7.713498210827145485e+00 4.771946918642078761e-01
3.035968727524477995e+00 8.120237208365459480e+00 4.076304417228009958e-01
3.458833265763586962e+00 7.291176299922808468e+00 3.235925881097435619e-01
3.940596440236666886e+00 5.811945675835160863e+00 2.432544930701562858e-01
4.489461940391565875e+00 5.164630658405296337e+00 1.934331851794467427e-01
5.114776105571953835e+00 3.989887752854020420e+00 1.449701487675577605e-01
5.827187078870319503e+00 3.350452680633330349e+00 1.139123018957120259e-01
6.638826128706195817e+00 2.570899443097649506e+00 8.659047189576241088e-02
7.563514225758552811e+00 2.067303361342158752e+00 6.807125354843990284e-02
8.616997392941321721e+00 1.658902065874695575e+00 5.411866683934071082e-02
9.817214836071872952e+00 1.308101586974479869e+00 4.334466412685746700e-02
1.118460442108735009e+01 1.058525885030764613e+00 3.568061770421634277e-02
1.274245069961824761e+01 8.374378221156935087e-01 2.965311889010455518e-02
1.451728140926205768e+01 6.371132222900595110e-01 2.486048747182412547e-02
1.653931920034971981e+01 4.938408600181278807e-01 2.145171735656248302e-02
1.884299628142029093e+01 3.743537510396757195e-01 1.882470234560667394e-02
2.146754074702852577e+01 2.909456237331133899e-01 1.699288969273941505e-02
2.445764457215044274e+01 2.066969062531716084e-01 1.540857713934944313e-02
2.786422464810916466e+01 1.603560240935941739e-01 1.445138086319542811e-02
3.174528981929791982e+01 1.076210882362682586e-01 1.354834430813378100e-02
3.616692868500850011e+01 7.750379715270794279e-02 1.299983219725857342e-02
4.120443498711833286e+01 5.033330805834568267e-02 1.254776336159408971e-02
4.694358974726586098e+01 3.508553288425408923e-02 1.227795723016330588e-02
