1.069642439726958605e+00 -1.238258820096613366e+00 nan
1.218627458003121777e+00 -8.801112380677078573e-01 1.736902808005520993e-01
1.388363836590320144e+00 -6.748783968546978596e-01 2.427656691473285833e-01
1.581741926207981042e+00 4.348523640202572871e-01 4.155791438931161208e-01
1.802054659727066133e+00 2.066298007755200228e+00 5.003531502004434639e-01
2.053053625776520175e+00 4.552232166621099196e+00 5.542280631893979903e-01
2.339012952555230562e+00 6.423670838843513309e+00 5.283146413610647629e-01
2.664802089693036891e+00 8.135637346794887037e+00 4.917887995048149108e-01
3.035968727524477995e+00 7.986900725534720635e+00 4.065936770377881482e-01
3.458833265763586962e+00 7.017836340129242956e+00 3.194207950657734219e-01
3.940596440236666886e+00 6.017646933619622551e+00 2.485873017745169611e-01
4.489461940391565875e+00 5.270265095371528652e+00 1.963163472634613382e-01
5.114776105571953835e+00 4.045663831312599434e+00 1.466488547915799634e-01
5.827187078870319503e+00 3.340497663146764218e+00 1.143212211008876739e-01
6.638826128706195817e+00 2.613454348407580508e+00 8.764996311891234959e-02
7.563514225758552811e+00 2.089039554424570344e+00 6.870366889948098521e-02
8.616997392941321721e+00 1.735045544759719727e+00 5.539922371761566572e-02
9.817214836071872952e+00 1.347092635892961798e+00 4.404632990675858700e-02
1.118460442108735009e+01 1.072352009998084554e+00 3.600746292391220071e-02
1.274245069961824761e+01 8.384692205156327738e-01 2.978657473853056625e-02
1.451728140926205768e+01 6.702511547988356799e-01 2.535838436421712985e-02
1.653931920034971981e+01 5.259911420483065481e-01 2.191530300124767613e-02
1.884299628142029093e+01 4.027860282375819168e-01 1.922785193825866934e-02
2.146754074702852577e+01 3.105776627115284239e-01 1.728119198808281479e-02
2.445764457215044274e+01 2.278816812468287267e-01 1.570699927597392007e-02
2.786422464810916466e+01 1.681916295659944272e-01 1.458795101176037744e-02
3.174528981929791982e+01 1.213312592681787816e-01 1.374966955384379456e-02
3.616692868500850011e+01 8.779802263166658349e-02 1.315849996401015354e-02
4.120443498711833286e+01 6.074063455276057510e-02 1.270575088978485000e-02
4.694358974726586098e+01 3.679582288181637573e-02 1.233286163656123133e-02
