1.069642439726958605e+00 -1.170828687923576972e+00 nan
1.218627458003121777e+00 -8.391441697283943402e-01 1.996683010393270341e-01
1.388363836590320144e+00 -6.360846706626992475e-01 2.549005695543922201e-01
1.581741926207981042e+00 2.841643027621316708e-01 3.901441018027859697e-01
1.802054659727066133e+00 2.506789753941905730e+00 5.312439604586330910e-01
2.053053625776520175e+00 4.832460361086543976e+00 5.639682422648274462e-01
2.339012952555230562e+00 6.805354542189800959e+00 5.380566538511544206e-01
2.664802089693036891e+00 8.430136582082504049e+00 4.963398683775425702e-01
3.035968727524477995e+00 7.507689622801992257e+00 3.920032376822118469e-01
3.458833265763586962e+00 7.116478622499364803e+00 3.192221499486019298e-01
3.940596440236666886e+00 6.033091621904206114e+00 2.471093391863422029e-01
4.489461940391565875e+00 5.192545716943736345e+00 1.935530258253356506e-01
5.114776105571953835e+00 4.105431270458240078e+00 1.466301619127215183e-01
5.827187078870319503e+00 3.286401025086552075e+00 1.126915551936321785e-01
6.638826128706195817e+00 2.659062690447996147e+00 8.774077723518930449e-02
7.563514225758552811e+00 2.087519852374791096e+00 6.823406045262153663e-02
8.616997392941321721e+00 1.674062467189129322e+00 5.422851288636911654e-02
9.817214836071872952e+00 1.328557787773875898e+00 4.353713248965419141e-02
1.118460442108735009e+01 1.070306380816872016e+00 3.577095015057393801e-02
1.274245069961824761e+01 8.253263098336973691e-01 2.945847855004537011e-02
1.451728140926205768e+01 6.584523309349319398e-01 2.508115726237300849e-02
1.653931920034971981e+01 4.959273858288841819e-01 2.144645150745113846e-02
1.884299628142029093e+01 3.841793945920146669e-01 1.891560266502993748e-02
2.146754074702852577e+01 3.013840714842146440e-01 1.709386992173395070e-02
2.445764457215044274e+01 2.188920767648974142e-01 1.553255183588452687e-02
2.786422464810916466e+01 1.678953445116915244e-01 1.452249276303228115e-02
3.174528981929791982e+01 1.175217988972925287e-01 1.364845643508478222e-02
3.616692868500850011e+01 8.371670259168229045e-02 1.305782399447674019e-02
4.120443498711833286e+01 5.800681634253512797e-02 1.262352280440002215e-02
4.694358974726586098e+01 3.602688234217699126e-02 1.227565500062252277e-02
