1.069642439726958605e+00 -9.049202551960719987e-01 5.081329503345540788e-01
1.218627458003121777e+00 -9.067986331540360823e-01 3.823131892570388324e-01
1.388363836590320144e+00 -1.046826079363449846e+00 nan
1.581741926207981042e+00 -6.854779390979934828e-01 4.853817869182938116e-01
1.802054659727066133e+00 -7.873109613991557953e-01 3.281590322139149585e-01
2.053053625776520175e+00 6.428004490936720661e-01 7.480490283177286814e-01
2.339012952555230562e+00 2.068696061487358406e+00 8.383643651394041552e-01
2.664802089693036891e+00 5.703799786436422714e+00 1.034015107092124408e+00
3.035968727524477995e+00 7.453642355877905246e+00 9.637279230925649420e-01
3.458833265763586962e+00 8.980982122489901798e+00 8.702474088817093723e-01
3.940596440236666886e+00 8.270819993647133828e+00 6.947209495140503899e-01
4.489461940391565875e+00 6.960203599129029861e+00 5.329046190628287105e-01
5.114776105571953835e+00 6.151312161646247390e+00 4.202959136274317942e-01
5.827187078870319503e+00 4.917510389232194079e+00 3.179490103571325221e-01
6.638826128706195817e+00 4.166233997945422374e+00 2.482814280654482841e-01
7.563514225758552811e+00 2.973804660000570088e+00 1.810049424779495431e-01
8.616997392941321721e+00 2.607800086401685924e+00 1.457976362806917559e-01
9.817214836071872952e+00 1.899509315051117753e+00 1.095495972751962671e-01
1.118460442108735009e+01 1.614025254817686994e+00 8.890263984507870698e-02
1.274245069961824761e+01 1.252540011534875264e+00 7.052649954384465625e-02
1.451728140926205768e+01 9.522108866517629000e-01 5.659713611654996340e-02
1.653931920034971981e+01 7.400804870008830250e-01 4.670367803914640681e-02
1.884299628142029093e+01 5.921911192546467362e-01 3.968591161888484348e-02
2.146754074702852577e+01 4.064243810953782621e-01 3.316307522742643205e-02
2.445764457215044274e+01 3.212323199618545289e-01 2.942954911505373666e-02
2.786422464810916466e+01 2.351959089360380339e-01 2.630472349860556169e-02
3.174528981929791982e+01 1.619249383004603970e-01 2.387444507678118666e-02
3.616692868500850011e+01 1.242213354242662771e-01 2.243089409852132635e-02
4.120443498711833286e+01 8.261076702074965361e-02 2.114325820503878961e-02
4.694358974726586098e+01 5.296017835358202142e-02 2.023897494808581457e-02
