1.069642439726958605e+00 -1.434859629253356417e+00 nan
1.218627458003121777e+00 -7.713357236041495923e-01 5.964463578752619011e-01
1.388363836590320144e+00 -1.130698071048171993e+00 nan
1.581741926207981042e+00 -1.189015646297137518e+00 nan
1.802054659727066133e+00 -4.667261422408399696e-01 5.175972177930391327e-01
2.053053625776520175e+00 1.152624120662715912e+00 8.530852634633260267e-01
2.339012952555230562e+00 2.734811027385640969e+00 9.216555366434545649e-01
2.664802089693036891e+00 5.215648897460592792e+00 9.911773783811915761e-01
3.035968727524477995e+00 7.152955347183640455e+00 9.422506210560872564e-01
3.458833265763586962e+00 8.857522180821295166e+00 8.612227945136359253e-01
3.940596440236666886e+00 8.502533394005318712e+00 7.011541185111846985e-01
4.489461940391565875e+00 7.521660582085791802e+00 5.507368366402140003e-01
5.114776105571953835e+00 6.079068676913266245e+00 4.163669662642100477e-01
5.827187078870319503e+00 5.297753283084210452e+00 3.280159490231244201e-01
6.638826128706195817e+00 4.130157549788965099e+00 2.463677999420592346e-01
7.563514225758552811e+00 3.355027539797771130e+00 1.902846433601144971e-01
8.616997392941321721e+00 2.665356278668014056e+00 1.466744901392890155e-01
9.817214836071872952e+00 2.036520698047248334e+00 1.123456408012204200e-01
1.118460442108735009e+01 1.609147795364451961e+00 8.849211445267381182e-02
1.274245069961824761e+01 1.274691007924194874e+00 7.075958238561336211e-02
1.451728140926205768e+01 9.968269614936848821e-01 5.732307473382306645e-02
1.653931920034971981e+01 7.274178163746853887e-01 4.631093780343652211e-02
1.884299628142029093e+01 5.664000576510350715e-01 3.907317563097358060e-02
2.146754074702852577e+01 4.354190645902709100e-01 3.362184737668868356e-02
2.445764457215044274e+01 3.268096403414926243e-01 2.945703457995893157e-02
2.786422464810916466e+01 2.488823591205120422e-01 2.649421531983121164e-02
3.174528981929791982e+01 1.685341206398578429e-01 2.394022316329276479e-02
3.616692868500850011e+01 1.245595821106089129e-01 2.238590343647187814e-02
4.120443498711833286e+01 8.295300130949012640e-02 2.110286290342965054e-02
4.694358974726586098e+01 5.173069829823728760e-02 2.017271413575847869e-02
