1.069642439726958605e+00 -1.102004454342984108e+00 nan
1.218627458003121777e+00 -7.472668810289389008e-01 6.315546030301841807e-01
1.388363836590320144e+00 -1.106252894858730684e+00 nan
1.581741926207981042e+00 -9.236486486486485958e-01 2.398870500071038914e-01
1.802054659727066133e+00 -5.341946829286514653e-01 4.872087926747905584e-01
2.053053625776520175e+00 5.589428214555280938e-01 7.309666445657432288e-01
2.339012952555230562e+00 1.704920684739777315e+00 7.893625666271626429e-01
2.664802089693036891e+00 4.590790079756631670e+00 9.461061642230836899e-01
3.035968727524477995e+00 8.379120549913530169e+00 1.019724382267623852e+00
3.458833265763586962e+00 7.643193165258249877e+00 8.098729276529277321e-01
3.940596440236666886e+00 8.112283992795656928e+00 6.904972092629556579e-01
4.489461940391565875e+00 7.401597037757568387e+00 5.502943546227766491e-01
5.114776105571953835e+00 5.941668855417741923e+00 4.147260400184871743e-01
5.827187078870319503e+00 4.957331304514765336e+00 3.200883791906865561e-01
6.638826128706195817e+00 3.999422318762849926e+00 2.443667244425767326e-01
7.563514225758552811e+00 3.081724526168003297e+00 1.843862776569061557e-01
8.616997392941321721e+00 2.463358570048639784e+00 1.426510748726442235e-01
9.817214836071872952e+00 2.058173045990579375e+00 1.135541687942813599e-01
1.118460442108735009e+01 1.632024897491494153e+00 8.953817558055064685e-02
1.274245069961824761e+01 1.305240157375174848e+00 7.182287117649729935e-02
1.451728140926205768e+01 9.364297113298849506e-01 5.641627064427710142e-02
1.653931920034971981e+01 7.816321472338583209e-01 4.763878235498542751e-02
1.884299628142029093e+01 6.043462643876384988e-01 4.001163777536793920e-02
2.146754074702852577e+01 4.416008973270695304e-01 3.390598232174374393e-02
2.445764457215044274e+01 3.091239279840110044e-01 2.926194413288110696e-02
2.786422464810916466e+01 2.435062960561589218e-01 2.651173231459631047e-02
3.174528981929791982e+01 1.847240207167568649e-01 2.434378009938093987e-02
3.616692868500850011e+01 1.281867057115191333e-01 2.254479121207737108e-02
4.120443498711833286e+01 8.078466481441970437e-02 2.114604170120159762e-02
4.694358974726586098e+01 4.977389142803367861e-02 2.021407200823002737e-02
