1.069642439726958605e+00 -1.820629768279391492e+00 nan
1.218627458003121777e+00 2.266538961483210990e-02 2.250751773816577028e+01
1.388363836590320144e+00 -6.424713963320292098e-01 1.129415364253884846e+01
1.581741926207981042e+00 -1.333776595744680549e+00 nan
1.802054659727066133e+00 -1.313654212253587694e+00 nan
2.053053625776520175e+00 -1.543168850897675970e+00 nan
2.339012952555230562e+00 -5.155874536513949113e-01 5.906485836197097328e+00
2.664802089693036891e+00 -5.674650361879054472e-01 4.634442577635258687e+00
3.035968727524477995e+00 -1.177809283450250710e+00 nan
3.458833265763586962e+00 6.717840562198923671e+00 1.330466519659707458e+01
3.940596440236666886e+00 -8.788365245454392571e-01 1.367892397556023543e+00
4.489461940391565875e+00 2.566532942932727046e+00 6.099210063630832401e+00
5.114776105571953835e+00 3.656871843016287649e+00 5.733072267070300931e+00
5.827187078870319503e+00 9.896574348870007753e+00 7.249360132520523692e+00
6.638826128706195817e+00 1.077916988394852105e+01 6.217921774953456548e+00
7.563514225758552811e+00 1.134727802567660859e+01 5.270658372768888711e+00
8.616997392941321721e+00 8.253825883440473632e+00 3.759634481557601937e+00
9.817214836071872952e+00 7.582588438768548045e+00 2.996551161706638489e+00
1.118460442108735009e+01 8.616472644845741158e+00 2.651391024945608077e+00
1.274245069961824761e+01 1.766025842894064946e+00 1.141262016617994757e+00
1.451728140926205768e+01 3.719583926658166284e+00 1.259294542792132710e+00
1.653931920034971981e+01 2.635572836504287864e+00 9.144435125749212911e-01
1.884299628142029093e+01 1.537870586766909575e+00 6.288467393336840683e-01
2.146754074702852577e+01 1.520176407154850473e+00 5.273180772124381743e-01
2.445764457215044274e+01 9.492988074885335692e-01 3.852242061100461523e-01
2.786422464810916466e+01 4.612295495491520736e-01 2.765648275294991243e-01
3.174528981929791982e+01 3.134004768512808070e-01 2.215461536260089070e-01
3.616692868500850011e+01 4.585901589427077152e-01 2.047558083354491520e-01
4.120443498711833286e+01 1.575475190223858402e-01 1.539441956270488909e-01
4.694358974726586098e+01 1.153175105384420807e-01 1.330329439220508392e-01
