1.069642439726958605e+00 -1.290933583096253390e+00 nan
1.218627458003121777e+00 -7.639943044976937880e-01 3.658504289925535335e+00
1.388363836590320144e+00 -1.779220415188947246e+00 nan
1.581741926207981042e+00 -1.000814332247557115e+00 nan
1.802054659727066133e+00 -1.099824287239735909e+00 nan
2.053053625776520175e+00 -1.151643798933658758e+00 nan
2.339012952555230562e+00 -6.348818286998598737e-01 1.735127819239713709e+00
2.664802089693036891e+00 -8.013553809285274276e-01 1.062702690850647835e+00
3.035968727524477995e+00 -1.211038329606100472e+00 nan
3.458833265763586962e+00 3.467363201858838728e+00 3.427517146724921915e+00
3.940596440236666886e+00 6.619681365578427901e+00 3.686577213411866616e+00
4.489461940391565875e+00 8.933778093030717571e+00 3.470008521811754676e+00
5.114776105571953835e+00 1.026798268106981915e+01 3.054492697697588799e+00
5.827187078870319503e+00 9.767551616909511125e+00 2.470302925338412781e+00
6.638826128706195817e+00 9.274455810291849289e+00 1.998484135576076293e+00
7.563514225758552811e+00 7.060877587516983134e+00 1.463140105242143107e+00
8.616997392941321721e+00 5.731581218086943430e+00 1.107732976682832327e+00
9.817214836071872952e+00 4.503788752161427489e+00 8.298759719847178529e-01
1.118460442108735009e+01 2.915460336236962213e+00 5.770926170992074500e-01
1.274245069961824761e+01 2.842932958849444525e+00 4.797510567485331334e-01
1.451728140926205768e+01 2.070787856901683988e+00 3.569931199652336407e-01
1.653931920034971981e+01 1.529235239088575060e+00 2.708575393261537512e-01
1.884299628142029093e+01 1.090769687134871324e+00 2.063939350136436146e-01
2.146754074702852577e+01 7.703031484017841546e-01 1.603281508367113695e-01
2.445764457215044274e+01 6.444266330459507142e-01 1.329092044255856253e-01
2.786422464810916466e+01 5.265067279780011322e-01 1.113090274668656204e-01
3.174528981929791982e+01 4.005060026134479312e-01 9.352573387896365165e-02
3.616692868500850011e+01 2.988104023371414009e-01 8.016274750303697960e-02
4.120443498711833286e+01 2.236165712972253417e-01 7.044532967730232631e-02
4.694358974726586098e+01 1.179488238907340225e-01 6.110948125722068941e-02
