1.069642439726958605e+00 -1.474802606229987489e+00 nan
1.218627458003121777e+00 -8.196243142422139361e-01 2.137093730335629660e-01
1.388363836590320144e+00 -4.320682734535530312e-01 3.218794108197777226e-01
1.581741926207981042e+00 1.953797556619352171e-01 3.804382398540854249e-01
1.802054659727066133e+00 2.659878007886105511e+00 5.486003727883070891e-01
2.053053625776520175e+00 4.349864029251657271e+00 5.455687956673158645e-01
2.339012952555230562e+00 6.812751517444795013e+00 5.440204148483593904e-01
2.664802089693036891e+00 7.713344368690720820e+00 4.812130308653275179e-01
3.035968727524477995e+00 8.059427295237995281e+00 4.095617128456971456e-01
3.458833265763586962e+00 7.140622400235105971e+00 3.230226091099050456e-01
3.940596440236666886e+00 6.136820121379382265e+00 2.516546067346500104e-01
4.489461940391565875e+00 5.122597739210966061e+00 1.942292987393883785e-01
5.114776105571953835e+00 4.226519578576348302e+00 1.501115711418615495e-01
5.827187078870319503e+00 3.281835419330927817e+00 1.137108385620097528e-01
6.638826128706195817e+00 2.696766136701329142e+00 8.913471299915914914e-02
7.563514225758552811e+00 2.059800239696997437e+00 6.847017779972690288e-02
8.616997392941321721e+00 1.705254959009558036e+00 5.513826427921363765e-02
9.817214836071872952e+00 1.337204772171759259e+00 4.402687836953800976e-02
1.118460442108735009e+01 1.065681016515924284e+00 3.600911377354691634e-02
1.274245069961824761e+01 8.534636077723343206e-01 3.003980124262599360e-02
1.451728140926205768e+01 6.536043573864644962e-01 2.521159601735816283e-02
1.653931920034971981e+01 5.094750466799944366e-01 2.176279463274545523e-02
1.884299628142029093e+01 3.990224445339003445e-01 1.922094064367716945e-02
2.146754074702852577e+01 2.947993428450124132e-01 1.712723742899524906e-02
2.445764457215044274e+01 2.162989609811900582e-01 1.559887957650971102e-02
2.786422464810916466e+01 1.604218721847374685e-01 1.452194210325398818e-02
3.174528981929791982e+01 1.201370877284475558e-01 1.375878607019248578e-02
3.616692868500850011e+01 8.876656916616076920e-02 1.319148856330984443e-02
4.120443498711833286e+01 5.935785909564472718e-02 1.271005087593118921e-02
4.694358974726586098e+01 3.974596475136515927e-02 1.238711443891540691e-02
