1.069642439726958605e+00 -2.229433427632883991e+00 nan
1.218627458003121777e+00 -1.084380296662465160e+00 nan
1.388363836590320144e+00 -1.852019799529995847e-01 5.740626072207274611e+00
1.581741926207981042e+00 -1.986374104401228191e+00 nan
1.802054659727066133e+00 -1.195678729950157670e+00 nan
2.053053625776520175e+00 -9.506883105742496287e-01 7.748872628728706857e-01
2.339012952555230562e+00 -6.905897152839926001e-01 1.589370563260645408e+00
2.664802089693036891e+00 -7.374609244097516392e-01 1.215686110411506649e+00
3.035968727524477995e+00 4.808014407911584964e-01 2.382552677338761971e+00
3.458833265763586962e+00 2.492732284185683156e+00 3.014532385636650602e+00
3.940596440236666886e+00 4.899394315370667385e+00 3.224635976874209664e+00
4.489461940391565875e+00 7.668016415363340776e+00 3.222018836466982616e+00
5.114776105571953835e+00 1.299980375868537230e+01 3.399610538337675791e+00
5.827187078870319503e+00 1.140034690132664608e+01 2.645977700852030878e+00
6.638826128706195817e+00 7.400023480941937848e+00 1.789332773896816553e+00
7.563514225758552811e+00 8.199368704771188732e+00 1.562437572924137097e+00
8.616997392941321721e+00 5.465544192831425896e+00 1.078825282333125024e+00
9.817214836071872952e+00 3.671071358662603146e+00 7.556613096974234001e-01
1.118460442108735009e+01 3.989734307407901248e+00 6.568042260991839854e-01
1.274245069961824761e+01 2.736791858653045306e+00 4.700303330331123131e-01
1.451728140926205768e+01 2.137392560967936284e+00 3.597894392369804240e-01
1.653931920034971981e+01 1.474057516468324280e+00 2.661557535806524100e-01
1.884299628142029093e+01 1.101853266451964242e+00 2.061401904018635156e-01
2.146754074702852577e+01 9.126675337302430080e-01 1.676002729164289551e-01
2.445764457215044274e+01 5.414415997680246395e-01 1.268693474197623572e-01
2.786422464810916466e+01 4.225396917029717869e-01 1.055989430491526132e-01
3.174528981929791982e+01 3.382887114569956832e-01 9.013604869374128303e-02
3.616692868500850011e+01 2.053842020032836668e-01 7.543397914785306135e-02
4.120443498711833286e+01 2.045763103965256846e-01 6.931869599099878265e-02
4.694358974726586098e+01 7.999578776549909342e-02 5.916336292320974188e-02
