1.069642439726958605e+00 -1.342056637949014419e+00 nan
1.218627458003121777e+00 -1.047055604574259835e+00 nan
1.388363836590320144e+00 -9.351146586200920208e-01 2.698735260619815612e-01
1.581741926207981042e+00 -9.116207190564160623e-01 2.564784345880757321e-01
1.802054659727066133e+00 -5.029766312307559772e-01 5.001292581703495888e-01
2.053053625776520175e+00 7.770701946448101971e-01 7.756406313964352428e-01
2.339012952555230562e+00 2.804490776147734010e+00 9.310792360680684165e-01
2.664802089693036891e+00 5.465400499148445057e+00 1.012051378950700409e+00
3.035968727524477995e+00 7.870808181517222835e+00 9.848155480300142539e-01
3.458833265763586962e+00 7.666083687135794023e+00 8.060150805323514911e-01
3.940596440236666886e+00 8.233902785904247068e+00 6.911506469815170695e-01
4.489461940391565875e+00 7.583728391407631442e+00 5.533701928564693784e-01
5.114776105571953835e+00 5.889983985478067119e+00 4.105720128744927977e-01
5.827187078870319503e+00 5.133686530577069362e+00 3.234522647015232732e-01
6.638826128706195817e+00 4.216551669063008490e+00 2.489452328181553098e-01
7.563514225758552811e+00 3.538149468786548013e+00 1.951275209438303460e-01
8.616997392941321721e+00 2.465980813810936922e+00 1.419139179608146228e-01
9.817214836071872952e+00 2.046785056403676695e+00 1.126695139846501659e-01
1.118460442108735009e+01 1.538542210415599243e+00 8.700148000347499022e-02
1.274245069961824761e+01 1.315984840839672598e+00 7.167867949692002805e-02
1.451728140926205768e+01 9.873021689621597208e-01 5.716973100001498942e-02
1.653931920034971981e+01 7.487568480124331405e-01 4.676370078369571776e-02
1.884299628142029093e+01 6.011795174249032758e-01 3.976935469043617333e-02
2.146754074702852577e+01 4.322941767573655891e-01 3.358291118305010287e-02
2.445764457215044274e+01 3.251278613470822698e-01 2.944242518448804066e-02
2.786422464810916466e+01 2.240632735165213330e-01 2.604584267924603055e-02
3.174528981929791982e+01 1.680095873022633413e-01 2.394301282710685486e-02
3.616692868500850011e+01 1.229884055681069732e-01 2.236804609695065491e-02
4.120443498711833286e+01 7.634098830284297144e-02 2.099082294853841027e-02
4.694358974726586098e+01 5.113982910803382964e-02 2.017133465122332436e-02
