1.069642439726958605e+00 -9.614832016828782635e-01 3.222732307978741217e-01
1.218627458003121777e+00 -1.009701386393887734e+00 nan
1.388363836590320144e+00 -1.223838796738311974e+00 nan
1.581741926207981042e+00 -1.059192022500639485e+00 nan
1.802054659727066133e+00 -3.821998974094986679e-01 5.573947607879987665e-01
2.053053625776520175e+00 -5.504680564491362116e-01 3.896953315813678209e-01
2.339012952555230562e+00 2.539173563809146827e+00 8.974923203706887120e-01
2.664802089693036891e+00 5.557040043462061263e+00 1.018896441869586056e+00
3.035968727524477995e+00 7.558848049807825653e+00 9.664938149221126151e-01
3.458833265763586962e+00 7.951005930945278521e+00 8.193692957770362106e-01
3.940596440236666886e+00 8.540592931175114089e+00 7.029735986245012613e-01
4.489461940391565875e+00 7.745456669007994677e+00 5.587775512532232591e-01
5.114776105571953835e+00 5.868409210544935029e+00 4.097118280554359893e-01
5.827187078870319503e+00 4.965067019793632852e+00 3.183180563321055256e-01
6.638826128706195817e+00 4.105957837152102385e+00 2.458103041376787090e-01
7.563514225758552811e+00 3.195969296759059830e+00 1.862497842622106436e-01
8.616997392941321721e+00 2.571273569571593143e+00 1.444463495304602607e-01
9.817214836071872952e+00 2.093461966833669585e+00 1.137064292578175012e-01
1.118460442108735009e+01 1.589895754243451087e+00 8.810489263945672778e-02
1.274245069961824761e+01 1.241799186806001654e+00 7.009499724199717841e-02
1.451728140926205768e+01 1.007498092392388189e+00 5.756153285444333412e-02
1.653931920034971981e+01 7.700581937897779117e-01 4.716985085669165439e-02
1.884299628142029093e+01 6.055573373445324314e-01 3.984230656602531090e-02
2.146754074702852577e+01 4.277249257907203006e-01 3.348691030954595305e-02
2.445764457215044274e+01 3.129616688395939761e-01 2.920624474440048149e-02
2.786422464810916466e+01 2.315373673509932839e-01 2.617876495234996298e-02
3.174528981929791982e+01 1.775632166346519103e-01 2.411470572379988478e-02
3.616692868500850011e+01 1.170699857520975939e-01 2.225338157044040935e-02
4.120443498711833286e+01 7.471605096827116377e-02 2.095616968905315500e-02
4.694358974726586098e+01 3.968392177674995303e-02 1.995534760593119933e-02
