1.069642439726958605e+00 -9.024252712337983429e-01 5.140825956093754145e-01
1.218627458003121777e+00 -3.366729499513441137e-01 1.018661377051233607e+00
1.388363836590320144e+00 -8.727007942461713075e-01 3.786994110084073717e-01
1.581741926207981042e+00 -8.451460664559666824e-01 3.401214508027017303e-01
1.802054659727066133e+00 -4.988860753847292884e-01 5.030987687786347973e-01
2.053053625776520175e+00 -7.475871529150523997e-03 5.804935547711125299e-01
2.339012952555230562e+00 2.109795491579935067e+00 8.428828918979696105e-01
2.664802089693036891e+00 4.745452419942580491e+00 9.550276261761856400e-01
3.035968727524477995e+00 7.298055915585083042e+00 9.533527293174669515e-01
3.458833265763586962e+00 9.410163671408202646e+00 8.884823873542778694e-01
3.940596440236666886e+00 7.630986755384300047e+00 6.680570862167362067e-01
4.489461940391565875e+00 7.159523816034382371e+00 5.393708981347234976e-01
5.114776105571953835e+00 6.333953210188153271e+00 4.256372494981290333e-01
5.827187078870319503e+00 5.105695336803806050e+00 3.231750633825128949e-01
6.638826128706195817e+00 4.073850049853479760e+00 2.454270255153210012e-01
7.563514225758552811e+00 3.043989439311903578e+00 1.826426208262607320e-01
8.616997392941321721e+00 2.531481961061244235e+00 1.437582462171303754e-01
9.817214836071872952e+00 1.992878011633630209e+00 1.115997400912416698e-01
1.118460442108735009e+01 1.614356709323075290e+00 8.881071353807479252e-02
1.274245069961824761e+01 1.199661051309059978e+00 6.933239641046301527e-02
1.451728140926205768e+01 9.973113501466785991e-01 5.745590942586518979e-02
1.653931920034971981e+01 7.427373949492397376e-01 4.670957493421223211e-02
1.884299628142029093e+01 5.897658537514134380e-01 3.960140426828043236e-02
2.146754074702852577e+01 4.326689289311769215e-01 3.363224681186937487e-02
2.445764457215044274e+01 3.201797367630259128e-01 2.938449727790728994e-02
2.786422464810916466e+01 2.386289892324986450e-01 2.634734951547857210e-02
3.174528981929791982e+01 1.657953279321380258e-01 2.392777745492638553e-02
3.616692868500850011e+01 1.240082996038367469e-01 2.241018644515828037e-02
4.120443498711833286e+01 8.578954063262655971e-02 2.118682619365696781e-02
4.694358974726586098e+01 5.818403727642085244e-02 2.032136792210924303e-02
