1.069642439726958605e+00 -1.281307176516453872e+00 nan
1.218627458003121777e+00 -1.136682817643128285e+00 nan
1.388363836590320144e+00 -9.934277895849068507e-01 5.202449211453789857e-02
1.581741926207981042e+00 -3.308326887571493291e-01 4.275754748745152489e-01
1.802054659727066133e+00 6.899724020622346465e-01 5.590357012167544992e-01
2.053053625776520175e+00 2.359369117717782238e+00 6.471854883076395559e-01
2.339012952555230562e+00 4.970851101537757444e+00 7.097144811381076446e-01
2.664802089693036891e+00 6.933361836892569130e+00 6.838812497021563575e-01
3.035968727524477995e+00 8.359448384079403382e+00 6.189847152010330422e-01
3.458833265763586962e+00 7.994997394727841211e+00 5.043429761617611584e-01
3.940596440236666886e+00 7.229716884821610456e+00 4.008529569219277389e-01
4.489461940391565875e+00 6.543737976972771264e+00 3.199852438771430552e-01
5.114776105571953835e+00 5.029947559850111993e+00 2.375698256184557711e-01
5.827187078870319503e+00 4.081928280744144821e+00 1.823116867451189393e-01
6.638826128706195817e+00 3.123357560355278117e+00 1.370893898857797055e-01
7.563514225758552811e+00 2.516732382130381751e+00 1.066914635003308603e-01
8.616997392941321721e+00 2.041339875691620342e+00 8.411639612431900948e-02
9.817214836071872952e+00 1.617220791064561070e+00 6.646864429719566425e-02
1.118460442108735009e+01 1.265161407869796584e+00 5.308926091468593039e-02
1.274245069961824761e+01 1.005580005885455819e+00 4.338336519618063436e-02
1.451728140926205768e+01 7.679708608924871172e-01 3.567734633860348420e-02
1.653931920034971981e+01 6.142330977252625779e-01 3.042512749697392008e-02
1.884299628142029093e+01 4.766162142896133158e-01 2.626248752548773768e-02
2.146754074702852577e+01 3.451838224901564445e-01 2.283302546219461229e-02
2.445764457215044274e+01 2.635426196186509973e-01 2.058075155598775713e-02
2.786422464810916466e+01 1.806559067794077933e-01 1.863320853208191852e-02
3.174528981929791982e+01 1.381333341520358804e-01 1.749864242198249931e-02
3.616692868500850011e+01 9.246219660849086530e-02 1.648077618586234888e-02
4.120443498711833286e+01 6.251894843271577074e-02 1.580191011795931480e-02
4.694358974726586098e+01 3.894526328099567891e-02 1.529332327558592663e-02
