1.069642439726958605e+00 -1.039184334063413040e+00 nan
1.218627458003121777e+00 -8.989991711855558343e-01 1.587740513616625604e-01
1.388363836590320144e+00 -4.692017025027319654e-01 3.089556901732219418e-01
1.581741926207981042e+00 1.990639831052734010e-01 3.783094444496137299e-01
1.802054659727066133e+00 2.717732060722961585e+00 5.490150963927038497e-01
2.053053625776520175e+00 5.466831668761674479e+00 5.964018747157224798e-01
2.339012952555230562e+00 6.771688643314589306e+00 5.387338634388817438e-01
2.664802089693036891e+00 7.589794745296726930e+00 4.743059874251709385e-01
3.035968727524477995e+00 7.562284147424030323e+00 3.946863273329062061e-01
3.458833265763586962e+00 7.201293623902928154e+00 3.221182690240892432e-01
3.940596440236666886e+00 6.188332016673599334e+00 2.509602979557598035e-01
4.489461940391565875e+00 5.062474952257116634e+00 1.918594906957345470e-01
5.114776105571953835e+00 4.194779643439898287e+00 1.486010170537888642e-01
5.827187078870319503e+00 3.413554865444147879e+00 1.150488645455181730e-01
6.638826128706195817e+00 2.640849210256880131e+00 8.774354296191934355e-02
7.563514225758552811e+00 2.117637946722278119e+00 6.886792545393698173e-02
8.616997392941321721e+00 1.705163053733624867e+00 5.480882910569920968e-02
9.817214836071872952e+00 1.328962688771980982e+00 4.366643719017895831e-02
1.118460442108735009e+01 1.077300279819768392e+00 3.595676678846113777e-02
1.274245069961824761e+01 8.474190300156994038e-01 2.980725644675984859e-02
1.451728140926205768e+01 6.407373821961683813e-01 2.492939764282561463e-02
1.653931920034971981e+01 5.049005165325819444e-01 2.160427468039974319e-02
1.884299628142029093e+01 3.763873980642769013e-01 1.886594143817665881e-02
2.146754074702852577e+01 2.933580370132484738e-01 1.703604887072437610e-02
2.445764457215044274e+01 2.121467661683842376e-01 1.548535247145547619e-02
2.786422464810916466e+01 1.584106409514556280e-01 1.444021435469905294e-02
3.174528981929791982e+01 1.149271473261748167e-01 1.364436169330520213e-02
3.616692868500850011e+01 8.101812630312865693e-02 1.305081659479620342e-02
4.120443498711833286e+01 5.950943350807214038e-02 1.266438693954767720e-02
4.694358974726586098e+01 4.143045739406980843e-02 1.236116329341936833e-02
