1.069642439726958605e+00 -1.331795934803731818e+00 nan
1.218627458003121777e+00 -5.285228859000394852e-01 3.432680881279412399e-01
1.388363836590320144e+00 -7.630511428089254977e-01 2.065153795837449680e-01
1.581741926207981042e+00 3.002374872954911567e-01 3.941889048141810625e-01
1.802054659727066133e+00 1.989499214551390116e+00 4.922883882682544399e-01
2.053053625776520175e+00 4.701106149969659143e+00 5.597578416812685198e-01
2.339012952555230562e+00 6.462844399000339024e+00 5.279129730628653316e-01
2.664802089693036891e+00 8.115313208830290392e+00 4.895344646577641234e-01
3.035968727524477995e+00 8.188968834889383430e+00 4.100557940556156522e-01
3.458833265763586962e+00 7.142298216190519966e+00 3.210265154345314231e-01
3.940596440236666886e+00 6.090596146556498169e+00 2.491897601138864382e-01
4.489461940391565875e+00 5.185100460578732751e+00 1.941577596951584439e-01
5.114776105571953835e+00 4.210111251548987354e+00 1.489328348786866374e-01
5.827187078870319503e+00 3.379182911192621042e+00 1.145678118284921970e-01
6.638826128706195817e+00 2.640289427975497372e+00 8.777838831517381646e-02
7.563514225758552811e+00 2.136255898757962068e+00 6.916405229084404693e-02
8.616997392941321721e+00 1.685832582331099783e+00 5.457312219232217376e-02
9.817214836071872952e+00 1.354987415649645977e+00 4.402462301410730444e-02
1.118460442108735009e+01 1.058216637368426749e+00 3.573165504083813254e-02
1.274245069961824761e+01 8.319766902026588529e-01 2.962950730896069321e-02
1.451728140926205768e+01 6.487428160402435307e-01 2.503598013943475822e-02
1.653931920034971981e+01 5.087734168239534949e-01 2.165855406420287219e-02
1.884299628142029093e+01 3.833343543867624437e-01 1.895485709110477160e-02
2.146754074702852577e+01 2.936574672911989037e-01 1.704533607728476660e-02
2.445764457215044274e+01 2.226657421007676163e-01 1.561378910155416556e-02
2.786422464810916466e+01 1.595769306016823208e-01 1.445838778289719635e-02
3.174528981929791982e+01 1.106674317631073379e-01 1.359866994526021111e-02
3.616692868500850011e+01 7.917834349373031877e-02 1.303317489734806371e-02
4.120443498711833286e+01 5.216665354982863434e-02 1.258224516534163680e-02
4.694358974726586098e+01 3.485307976542895148e-02 1.228784400167401425e-02
