1.069642439726958605e+00 -1.298433398927217208e+00 nan
1.218627458003121777e+00 -4.064512105741342474e-01 3.859457935396512496e-01
1.388363836590320144e+00 -5.336548704740691207e-01 2.903334564916621452e-01
1.581741926207981042e+00 4.400614565578777615e-01 4.157173723790603681e-01
1.802054659727066133e+00 2.336127587234503977e+00 5.212506641660482609e-01
2.053053625776520175e+00 5.586177708537324982e+00 6.035146649007311348e-01
2.339012952555230562e+00 6.704159042920087686e+00 5.376907360952141168e-01
2.664802089693036891e+00 7.769606941160203561e+00 4.806819458645437693e-01
3.035968727524477995e+00 7.634879047864364665e+00 3.974569211526864376e-01
3.458833265763586962e+00 6.853592008017800552e+00 3.154041142240598949e-01
3.940596440236666886e+00 6.232717068006531136e+00 2.524360613085450677e-01
4.489461940391565875e+00 4.935786807105099427e+00 1.900316308217139261e-01
5.114776105571953835e+00 4.082128884645322309e+00 1.470635757964481871e-01
5.827187078870319503e+00 3.342703696836261340e+00 1.142032347365610073e-01
6.638826128706195817e+00 2.703847252131057477e+00 8.888137047508529176e-02
7.563514225758552811e+00 2.146686781737596306e+00 6.943220107336298130e-02
8.616997392941321721e+00 1.660938788227251273e+00 5.432828764393073107e-02
9.817214836071872952e+00 1.336914469292018737e+00 4.386115585808292999e-02
1.118460442108735009e+01 1.088008576065515820e+00 3.616370638122581166e-02
1.274245069961824761e+01 8.322745287118393787e-01 2.967761628039251171e-02
1.451728140926205768e+01 6.383903085876920791e-01 2.494643156904613468e-02
1.653931920034971981e+01 5.071607732710272654e-01 2.166867779592727972e-02
1.884299628142029093e+01 3.861120257942589618e-01 1.901224009953127528e-02
2.146754074702852577e+01 2.948445088278144333e-01 1.708030761626088204e-02
2.445764457215044274e+01 2.230652253232843218e-01 1.563689809543988493e-02
2.786422464810916466e+01 1.736331631878273996e-01 1.463961079426317168e-02
3.174528981929791982e+01 1.195584996957379520e-01 1.371781292766316961e-02
3.616692868500850011e+01 8.706900314483911885e-02 1.313959233414935431e-02
4.120443498711833286e+01 5.954247734933404423e-02 1.268188814221691933e-02
4.694358974726586098e+01 3.529308429178978912e-02 1.230584847820916441e-02
