1.069642439726958605e+00 -1.120450474012935960e+00 nan
1.218627458003121777e+00 -9.738903755019490127e-01 2.017126061007323279e-01
1.388363836590320144e+00 -1.172005742946891527e+00 nan
1.581741926207981042e+00 -6.547600826791561968e-01 5.069315700590368845e-01
1.802054659727066133e+00 -5.619483510456761977e-01 4.694998930509769464e-01
2.053053625776520175e+00 2.984745004110256339e-02 5.902266982477136770e-01
2.339012952555230562e+00 2.784613279703867406e+00 9.286035925827803572e-01
2.664802089693036891e+00 6.276492782181466445e+00 1.074564510038960696e+00
3.035968727524477995e+00 7.884599240701451350e+00 9.855743520414240733e-01
3.458833265763586962e+00 8.791698191072578439e+00 8.589301132969000552e-01
3.940596440236666886e+00 8.937635752093768815e+00 7.186456345485628949e-01
4.489461940391565875e+00 7.203860348732325392e+00 5.399891308711948223e-01
5.114776105571953835e+00 6.175925043292687988e+00 4.198278911644192091e-01
5.827187078870319503e+00 5.069085049155146905e+00 3.215279652632209162e-01
6.638826128706195817e+00 4.044970524066116013e+00 2.442067596907419313e-01
7.563514225758552811e+00 3.359378534903386448e+00 1.905444841654604926e-01
8.616997392941321721e+00 2.616556768499412655e+00 1.455992824136847219e-01
9.817214836071872952e+00 2.001580973441511979e+00 1.116206983399909425e-01
1.118460442108735009e+01 1.623649563746149882e+00 8.887517884828312342e-02
1.274245069961824761e+01 1.286759855625296822e+00 7.106314452887642352e-02
1.451728140926205768e+01 9.808351193045941052e-01 5.703706146537943639e-02
1.653931920034971981e+01 7.564134370824335818e-01 4.691385423762983731e-02
1.884299628142029093e+01 5.588652893573791136e-01 3.895183364663884484e-02
2.146754074702852577e+01 4.228371241316781770e-01 3.340257940427586447e-02
2.445764457215044274e+01 3.193414410336097298e-01 2.933317868724264615e-02
2.786422464810916466e+01 2.307248479606127667e-01 2.616963373839804180e-02
3.174528981929791982e+01 1.646989404914935839e-01 2.388113543424782645e-02
3.616692868500850011e+01 1.209206536497848816e-01 2.232938822038887244e-02
4.120443498711833286e+01 7.878743773578045229e-02 2.103574037053759782e-02
4.694358974726586098e+01 5.547067577747033518e-02 2.025106493639291377e-02
