1.069642439726958605e+00 -1.568978632566460529e+00 nan
1.218627458003121777e+00 -5.058737500956507205e-01 5.356018120716101727e-01
1.388363836590320144e+00 -1.145081546441126363e+00 nan
1.581741926207981042e+00 -5.143759663949498684e-01 3.669753137917967645e-01
1.802054659727066133e+00 1.098833703902995840e+00 6.278503841568465749e-01
2.053053625776520175e+00 2.194736577125695476e+00 6.358016308831357932e-01
2.339012952555230562e+00 4.785354237218551354e+00 7.036891131650434561e-01
2.664802089693036891e+00 6.760172433055256391e+00 6.812141274770209254e-01
3.035968727524477995e+00 8.108246214415297359e+00 6.147432668990873150e-01
3.458833265763586962e+00 7.743654598881712481e+00 5.004268636027321415e-01
3.940596440236666886e+00 7.107666522771183715e+00 4.004903114195995650e-01
4.489461940391565875e+00 5.926445646554199698e+00 3.073552245675448824e-01
5.114776105571953835e+00 4.917126868981441135e+00 2.367048396023265222e-01
5.827187078870319503e+00 4.001389599353162296e+00 1.818889288013524896e-01
6.638826128706195817e+00 3.199319121061136695e+00 1.395329647201482837e-01
7.563514225758552811e+00 2.553528925807071914e+00 1.080941705977658540e-01
8.616997392941321721e+00 1.960570105911894734e+00 8.323632580925140190e-02
9.817214836071872952e+00 1.596264141392595093e+00 6.653738409184097036e-02
1.118460442108735009e+01 1.268590847702401492e+00 5.347077125312919843e-02
1.274245069961824761e+01 9.859726327927365030e-01 4.333170898937278859e-02
1.451728140926205768e+01 7.898009684347884196e-01 3.621195173910514431e-02
1.653931920034971981e+01 5.992916970675308264e-01 3.036456424004653487e-02
1.884299628142029093e+01 4.679300879866199470e-01 2.626794696343432919e-02
2.146754074702852577e+01 3.513922634949881996e-01 2.303453687052080257e-02
2.445764457215044274e+01 2.636705601715236824e-01 2.067757026897759295e-02
2.786422464810916466e+01 1.995401255155291320e-01 1.898923401134075539e-02
3.174528981929791982e+01 1.345927369548054475e-01 1.752185846568768066e-02
3.616692868500850011e+01 9.131879256688479884e-02 1.653223343203680251e-02
4.120443498711833286e+01 5.933603946340348934e-02 1.581955943800072983e-02
4.694358974726586098e+01 3.911184030791781119e-02 1.535615170680674872e-02
