1.069642439726958605e+00 -9.395360663880587548e-01 2.475435195415836287e-01
1.218627458003121777e+00 -1.038521006727965990e+00 nan
1.388363836590320144e+00 -8.601508778502764407e-01 2.428048910971351837e-01
1.581741926207981042e+00 -7.273312681747472475e-01 2.760950141453031303e-01
1.802054659727066133e+00 4.076755038323460756e-01 5.161069000546186780e-01
2.053053625776520175e+00 2.375652693518472969e+00 6.563442305029711932e-01
2.339012952555230562e+00 5.278249711517053022e+00 7.364964945035687993e-01
2.664802089693036891e+00 6.548496423181173753e+00 6.743474007732642717e-01
3.035968727524477995e+00 8.364944431502287614e+00 6.262613250999804482e-01
3.458833265763586962e+00 7.837155928100862923e+00 5.052770891151320276e-01
3.940596440236666886e+00 7.379233981209320170e+00 4.093326046689325648e-01
4.489461940391565875e+00 6.121781093636176507e+00 3.133418023846044620e-01
5.114776105571953835e+00 4.692373639192600088e+00 2.324875313923869258e-01
5.827187078870319503e+00 4.164518562132946577e+00 1.860082774891509694e-01
6.638826128706195817e+00 3.224971448852490319e+00 1.405623586838691541e-01
7.563514225758552811e+00 2.619165834006672355e+00 1.097140439950322344e-01
8.616997392941321721e+00 2.080189832954862261e+00 8.565623741948746872e-02
9.817214836071872952e+00 1.596386217957131537e+00 6.677057277940078028e-02
1.118460442108735009e+01 1.262692975245442994e+00 5.355430782498778880e-02
1.274245069961824761e+01 9.858191894203049976e-01 4.346904459989597153e-02
1.451728140926205768e+01 7.814631003628982331e-01 3.619584185360812112e-02
1.653931920034971981e+01 6.001758715774918596e-01 3.046696702459932363e-02
1.884299628142029093e+01 4.554437553775225744e-01 2.615633722706244002e-02
2.146754074702852577e+01 3.541041558158282143e-01 2.313529000055967663e-02
2.445764457215044274e+01 2.696443526555651893e-01 2.081677199282443505e-02
2.786422464810916466e+01 1.885373224884145937e-01 1.887527441486566010e-02
3.174528981929791982e+01 1.330916566026572045e-01 1.754084415183194620e-02
3.616692868500850011e+01 8.853147839797892438e-02 1.652915441167546878e-02
4.120443498711833286e+01 6.821040723262217220e-02 1.598272952624973237e-02
4.694358974726586098e+01 4.494926101039076194e-02 1.547371920498746313e-02
