1.069642439726958605e+00 -1.070440802756798426e+00 nan
1.218627458003121777e+00 -8.950129300922262665e-01 2.496368751117500340e-01
1.388363836590320144e+00 -8.235542466200997946e-01 2.746604263995119921e-01
1.581741926207981042e+00 -2.857543814747023347e-01 4.500851326140891118e-01
1.802054659727066133e+00 7.069184354606239395e-01 5.724305196777319527e-01
2.053053625776520175e+00 2.359029044616560711e+00 6.593325168268879821e-01
2.339012952555230562e+00 4.920619106952724309e+00 7.199200631991243826e-01
2.664802089693036891e+00 6.781139397902685495e+00 6.897127502802335997e-01
3.035968727524477995e+00 7.624511255486242867e+00 6.040315382918324261e-01
3.458833265763586962e+00 8.608432015333471909e+00 5.319387285437525703e-01
3.940596440236666886e+00 7.528362124355044926e+00 4.160721290520220661e-01
4.489461940391565875e+00 5.930657185851176294e+00 3.107274243193351437e-01
5.114776105571953835e+00 5.076967595269434419e+00 2.428196359667115500e-01
5.827187078870319503e+00 4.003901584914173917e+00 1.838233794439552427e-01
6.638826128706195817e+00 3.248269934707643358e+00 1.419250393483122707e-01
7.563514225758552811e+00 2.584965200144941910e+00 1.097609848647954217e-01
8.616997392941321721e+00 2.113727143771769956e+00 8.677449676083255625e-02
9.817214836071872952e+00 1.657314161903937988e+00 6.820175317003575322e-02
1.118460442108735009e+01 1.265032541605738636e+00 5.390038987067522630e-02
1.274245069961824761e+01 9.949011533145286634e-01 4.385258791720828692e-02
1.451728140926205768e+01 7.946226026971334733e-01 3.658901136010489497e-02
1.653931920034971981e+01 6.217405272648652836e-01 3.094498537633961696e-02
1.884299628142029093e+01 4.774230128587078070e-01 2.660778499248609569e-02
2.146754074702852577e+01 3.635724854358213243e-01 2.337950634886968443e-02
2.445764457215044274e+01 2.576807897079698151e-01 2.073166621432464066e-02
2.786422464810916466e+01 1.950892393048890838e-01 1.904881203679272689e-02
3.174528981929791982e+01 1.337902736060967435e-01 1.762084309903105481e-02
3.616692868500850011e+01 9.151420497522466668e-02 1.663628194283834141e-02
4.120443498711833286e+01 6.177490410427854961e-02 1.594945895869934530e-02
4.694358974726586098e+01 3.834715529428556202e-02 1.543507247135130628e-02
