1.069642439726958605e+00 -1.514608341621877852e+00 nan
1.218627458003121777e+00 -4.521661033932129481e-01 5.647619320987997682e+00
1.388363836590320144e+00 -8.504550072276428896e-01 2.504166111074732193e+00
1.581741926207981042e+00 -6.004429390307450820e-01 3.333155797992953584e+00
1.802054659727066133e+00 -1.416025382571691527e+00 nan
2.053053625776520175e+00 -9.378207444741715193e-01 8.860067484854766695e-01
2.339012952555230562e+00 -6.077448851250517592e-01 1.822201872254259891e+00
2.664802089693036891e+00 -9.930929183870966792e-01 2.007713947859134374e-01
3.035968727524477995e+00 -9.963927280880211512e-01 1.196912575337385209e-01
3.458833265763586962e+00 4.300241820089721223e+00 3.783796756223849922e+00
3.940596440236666886e+00 1.038102306988654533e+01 4.574512817147210697e+00
4.489461940391565875e+00 1.249468942046804898e+01 4.109556852449067321e+00
5.114776105571953835e+00 7.481498981537530568e+00 2.675345584014308997e+00
5.827187078870319503e+00 1.206467222158436492e+01 2.767625217803895143e+00
6.638826128706195817e+00 9.083399343018889738e+00 2.004241830978562344e+00
7.563514225758552811e+00 6.977286828666731111e+00 1.473678983116115226e+00
8.616997392941321721e+00 5.894462656523693056e+00 1.136323283238110715e+00
9.817214836071872952e+00 4.237550405934312536e+00 8.179847325112797884e-01
1.118460442108735009e+01 3.360355101854417548e+00 6.199261737269247119e-01
1.274245069961824761e+01 2.621223619551586115e+00 4.696706624192968360e-01
1.451728140926205768e+01 2.005724411193726908e+00 3.569282211769198021e-01
1.653931920034971981e+01 1.536260455139796921e+00 2.745606401243380623e-01
1.884299628142029093e+01 1.516545712120953793e+00 2.339334730887894509e-01
2.146754074702852577e+01 1.024196224989994075e+00 1.764809293784049549e-01
2.445764457215044274e+01 6.521399354949022342e-01 1.348006911681307041e-01
2.786422464810916466e+01 6.077461045165213349e-01 1.166216476084413339e-01
3.174528981929791982e+01 3.169951833976007993e-01 9.035539140725398766e-02
3.616692868500850011e+01 2.669840429487475575e-01 7.940953722426601080e-02
4.120443498711833286e+01 1.425703697038711582e-01 6.727197066144960380e-02
4.694358974726586098e+01 1.351290814907366578e-01 6.243607516324465451e-02
