1.069642439726958605e+00 -5.445001837957055280e-01 6.763644803035769648e+00
1.218627458003121777e+00 -1.118349046296007288e+00 nan
1.388363836590320144e+00 -6.863237879816705966e-01 3.619850813782413912e+00
1.581741926207981042e+00 -5.973907766990289581e-01 3.339481461055502809e+00
1.802054659727066133e+00 -8.355568667603210375e-01 1.754673531003023479e+00
2.053053625776520175e+00 -1.079184566207201712e+00 nan
2.339012952555230562e+00 -9.774829625084415774e-01 4.357314861741949930e-01
2.664802089693036891e+00 -9.781161462450220778e-01 3.566880132703179052e-01
3.035968727524477995e+00 -1.045822476520323008e+00 nan
3.458833265763586962e+00 2.682552940678733844e+00 3.145975306394172666e+00
3.940596440236666886e+00 5.634479655494903483e+00 3.476642811239044395e+00
4.489461940391565875e+00 8.443389428252480400e+00 3.419674534075703320e+00
5.114776105571953835e+00 1.089861874519552742e+01 3.176142311989329947e+00
5.827187078870319503e+00 8.940943023517663235e+00 2.396252095303865737e+00
6.638826128706195817e+00 9.341353002805877992e+00 2.027316392041566218e+00
7.563514225758552811e+00 7.482920612334773125e+00 1.519794211354242641e+00
8.616997392941321721e+00 5.620962297316202338e+00 1.109818170412189220e+00
9.817214836071872952e+00 4.448907393006616751e+00 8.342400459195404849e-01
1.118460442108735009e+01 3.404767480129265778e+00 6.222753271413132836e-01
1.274245069961824761e+01 2.616196956214713598e+00 4.684645192695337523e-01
1.451728140926205768e+01 2.116448808992057451e+00 3.637890872299341383e-01
1.653931920034971981e+01 1.637955684919677024e+00 2.805210065847911216e-01
1.884299628142029093e+01 1.182537085875506211e+00 2.139762176150166173e-01
2.146754074702852577e+01 8.693513177344298626e-01 1.675296402532095719e-01
2.445764457215044274e+01 6.418178836457502090e-01 1.340313023355621525e-01
2.786422464810916466e+01 4.466109827634532348e-01 1.082365054873368621e-01
3.174528981929791982e+01 3.229534875376041114e-01 9.051570498506966711e-02
3.616692868500850011e+01 2.177488684243955586e-01 7.693580331832250430e-02
4.120443498711833286e+01 1.413554821033240483e-01 6.712502156679475696e-02
4.694358974726586098e+01 7.086812994814684075e-02 5.937357680191016063e-02
