1.069642439726958605e+00 -1.679646760954598417e+00 nan
1.218627458003121777e+00 2.262627680587687706e-01 8.361038603601224750e+00
1.388363836590320144e+00 -1.149497630057076503e+00 nan
1.581741926207981042e+00 -5.836627707115846775e-01 3.366753301971114887e+00
1.802054659727066133e+00 -1.283648071496525489e+00 nan
2.053053625776520175e+00 -7.497217340440440747e-01 1.758955268540336014e+00
2.339012952555230562e+00 -8.962101278034051433e-01 9.274626312334781630e-01
2.664802089693036891e+00 -9.832756842158376642e-01 3.091374456252420355e-01
3.035968727524477995e+00 1.616915693031048207e+00 3.192204942177910176e+00
3.458833265763586962e+00 1.606403423468301561e+00 2.622863401918385406e+00
3.940596440236666886e+00 7.883508189112919951e+00 3.993706341991540842e+00
4.489461940391565875e+00 1.012200392707437047e+01 3.684768009833913283e+00
5.114776105571953835e+00 1.268676475481162313e+01 3.385064672376199013e+00
5.827187078870319503e+00 9.524992233413954068e+00 2.447419078099050793e+00
6.638826128706195817e+00 8.095077032998760913e+00 1.879127191696018162e+00
7.563514225758552811e+00 7.604183735137372224e+00 1.518598109744019320e+00
8.616997392941321721e+00 5.573179293300233539e+00 1.096358481116345152e+00
9.817214836071872952e+00 3.642466838419278652e+00 7.586384532916589096e-01
1.118460442108735009e+01 3.625426262452227100e+00 6.341384437105025418e-01
1.274245069961824761e+01 2.522843398563485273e+00 4.579103690075387867e-01
1.451728140926205768e+01 1.691950730494447441e+00 3.318901043351585867e-01
1.653931920034971981e+01 1.436947816780273612e+00 2.656223410708104526e-01
1.884299628142029093e+01 9.346155596007896804e-01 1.974229170187009608e-01
2.146754074702852577e+01 6.585673250147061619e-01 1.543022660836743387e-01
2.445764457215044274e+01 5.779533606159126258e-01 1.296462959856192476e-01
2.786422464810916466e+01 4.710448584285009677e-01 1.087243242328969628e-01
3.174528981929791982e+01 2.582734429224506911e-01 8.672256299868977281e-02
3.616692868500850011e+01 1.919701101850153080e-01 7.521307208262627275e-02
4.120443498711833286e+01 8.422602788328625856e-02 6.404029128323542042e-02
4.694358974726586098e+01 9.118909177870526683e-02 5.997572112833862018e-02
