1.069642439726958605e+00 -1.038109163732657159e+00 nan
1.218627458003121777e+00 -1.111228787508693028e+00 nan
1.388363836590320144e+00 -3.301149736463344642e-01 3.490846316853857267e-01
1.581741926207981042e+00 2.116791099173549462e-01 3.824706370981000303e-01
1.802054659727066133e+00 2.396783496970948057e+00 5.276325968899805430e-01
2.053053625776520175e+00 4.985099997422141271e+00 5.766704498106647314e-01
2.339012952555230562e+00 7.160950030484029227e+00 5.555660793627459348e-01
2.664802089693036891e+00 8.263123464360955239e+00 4.961625968623418759e-01
3.035968727524477995e+00 7.937949976614341985e+00 4.060519584736824172e-01
3.458833265763586962e+00 7.240031900867066383e+00 3.247105931471370721e-01
3.940596440236666886e+00 6.116989197336696549e+00 2.509212269298429221e-01
4.489461940391565875e+00 4.952106570736813929e+00 1.908821954059131132e-01
5.114776105571953835e+00 4.216072643757819982e+00 1.497367924085598878e-01
5.827187078870319503e+00 3.250869889375710198e+00 1.130704978381047721e-01
6.638826128706195817e+00 2.731808079785714050e+00 8.954174267108544472e-02
7.563514225758552811e+00 2.141156882779023274e+00 6.954020799547878939e-02
8.616997392941321721e+00 1.688343903717654637e+00 5.484214737518613297e-02
9.817214836071872952e+00 1.362960494547881929e+00 4.431130871012394640e-02
1.118460442108735009e+01 1.060992868958978264e+00 3.590933008203681803e-02
1.274245069961824761e+01 8.219270112506409376e-01 2.961834810869227314e-02
1.451728140926205768e+01 6.514564553320625340e-01 2.515976046761603940e-02
1.653931920034971981e+01 4.852410599366479005e-01 2.145154631365171413e-02
1.884299628142029093e+01 3.770647513709814991e-01 1.894264859872097154e-02
2.146754074702852577e+01 2.927505947269595232e-01 1.708794923119199421e-02
2.445764457215044274e+01 2.195925910088734057e-01 1.562442839408711114e-02
2.786422464810916466e+01 1.572113637095131633e-01 1.447240693291344457e-02
3.174528981929791982e+01 1.100511239363639593e-01 1.362960408061692462e-02
3.616692868500850011e+01 7.882514454236644319e-02 1.306475673359528550e-02
4.120443498711833286e+01 5.187894163863093766e-02 1.261275281089957109e-02
4.694358974726586098e+01 3.451819352854990086e-02 1.231657365168367657e-02
