1.069642439726958605e+00 -1.149899352993466017e+00 nan
1.218627458003121777e+00 -1.066814912705282836e+00 nan
1.388363836590320144e+00 -1.921985832924817394e-01 3.805994771241636987e-01
1.581741926207981042e+00 5.778972601531180420e-01 4.334096764764828746e-01
1.802054659727066133e+00 2.102552330241457490e+00 5.005184911557587490e-01
2.053053625776520175e+00 5.291947386241607987e+00 5.872665596816245559e-01
2.339012952555230562e+00 7.117720863611143756e+00 5.501187888416069205e-01
2.664802089693036891e+00 7.827914039731997953e+00 4.804180990360459313e-01
3.035968727524477995e+00 7.996995052774579449e+00 4.046447093814674600e-01
3.458833265763586962e+00 7.291321384318155907e+00 3.235675883486698323e-01
3.940596440236666886e+00 5.943144053576167707e+00 2.458173817954632245e-01
4.489461940391565875e+00 5.238829888033436077e+00 1.947393972579485877e-01
5.114776105571953835e+00 4.166315886653892520e+00 1.479189063671462190e-01
5.827187078870319503e+00 3.236890751037013292e+00 1.121144738931500046e-01
6.638826128706195817e+00 2.692487042202713621e+00 8.839201676363432625e-02
7.563514225758552811e+00 2.172437200441564631e+00 6.955013470679073662e-02
8.616997392941321721e+00 1.711189207100955567e+00 5.482053327425480405e-02
9.817214836071872952e+00 1.331406397716516476e+00 4.364465490394130176e-02
1.118460442108735009e+01 1.079446689115050040e+00 3.594152208439883173e-02
1.274245069961824761e+01 8.252694691759270285e-01 2.950153018312961020e-02
1.451728140926205768e+01 6.565344106706954008e-01 2.509342573907460613e-02
1.653931920034971981e+01 5.066959535845918516e-01 2.160368603779306770e-02
1.884299628142029093e+01 3.842286917283055381e-01 1.894035730317183974e-02
2.146754074702852577e+01 2.966549872173309677e-01 1.705908189005026637e-02
2.445764457215044274e+01 2.203742283101861599e-01 1.556806435629016008e-02
2.786422464810916466e+01 1.643893206815478791e-01 1.449782692984497891e-02
3.174528981929791982e+01 1.170227180131346856e-01 1.365754559393365063e-02
3.616692868500850011e+01 8.322527758963915723e-02 1.306603162788808059e-02
4.120443498711833286e+01 6.220676196813657022e-02 1.268581282621456495e-02
4.694358974726586098e+01 4.432098533246753291e-02 1.238520870735680679e-02
