1.069642439726958605e+00 -1.473786777634509715e+00 nan
1.218627458003121777e+00 -6.850059231680485361e-01 7.021209977420068693e-01
1.388363836590320144e+00 -1.137009092903634944e+00 nan
1.581741926207981042e+00 -9.680771531100478278e-01 1.544624098102130028e-01
1.802054659727066133e+00 -8.153450663479384630e-01 3.054430772749406331e-01
2.053053625776520175e+00 9.074526267429563475e-01 8.053131578625302156e-01
2.339012952555230562e+00 1.892755881983009036e+00 8.130135523987924717e-01
2.664802089693036891e+00 6.199026394631040660e+00 1.070975276760394390e+00
3.035968727524477995e+00 6.958524220382837910e+00 9.333864974146451887e-01
3.458833265763586962e+00 9.780730993484322511e+00 9.051384792507898291e-01
3.940596440236666886e+00 7.629138123246936409e+00 6.681477982114075731e-01
4.489461940391565875e+00 7.171291741739403314e+00 5.399230867912339082e-01
5.114776105571953835e+00 6.140691264913490599e+00 4.195321476940169769e-01
5.827187078870319503e+00 5.074212951992965515e+00 3.223170214533478406e-01
6.638826128706195817e+00 4.276968437140892476e+00 2.510813541201339927e-01
7.563514225758552811e+00 3.217184338472318217e+00 1.872243377441155099e-01
8.616997392941321721e+00 2.553087565795884473e+00 1.443214061160851547e-01
9.817214836071872952e+00 1.852377413508543125e+00 1.083429659339772283e-01
1.118460442108735009e+01 1.446008093358239321e+00 8.509957335866326356e-02
1.274245069961824761e+01 1.257801990240121182e+00 7.057617486910998383e-02
1.451728140926205768e+01 9.443182515163028867e-01 5.638871848317470598e-02
1.653931920034971981e+01 6.971666922405757028e-01 4.581627446526993774e-02
1.884299628142029093e+01 5.373108271237221345e-01 3.859441886661234972e-02
2.146754074702852577e+01 4.130400029179710497e-01 3.326478384517889131e-02
2.445764457215044274e+01 3.021206879537439161e-01 2.904973027065594487e-02
2.786422464810916466e+01 2.193305040063091571e-01 2.599121094620689479e-02
3.174528981929791982e+01 1.511462971182757631e-01 2.365910537142719774e-02
3.616692868500850011e+01 9.916962830086140102e-02 2.195292924069152524e-02
4.120443498711833286e+01 6.860913625232201163e-02 2.087173562283316935e-02
4.694358974726586098e+01 4.888232158051963872e-02 2.015207778085421203e-02
