1.069642439726958605e+00 -8.710911123336995132e-01 5.910076225217434365e-01
1.218627458003121777e+00 -8.863665741369362028e-01 4.216766296577565409e-01
1.388363836590320144e+00 -9.917900836877164839e-01 9.618998878020112997e-02
1.581741926207981042e+00 -8.804999430426612150e-01 2.988408851648449160e-01
1.802054659727066133e+00 -3.129740019770708148e-01 5.892308293526528074e-01
2.053053625776520175e+00 -1.601268122119270387e-01 5.340561187512981034e-01
2.339012952555230562e+00 2.843692486971595823e+00 9.377782895461184154e-01
2.664802089693036891e+00 3.906264698243899769e+00 8.819071256409418691e-01
3.035968727524477995e+00 8.156771403995040970e+00 1.003004461202941400e+00
3.458833265763586962e+00 8.784756739561611738e+00 8.603337053592901018e-01
3.940596440236666886e+00 7.341322573338025848e+00 6.562494749780841685e-01
4.489461940391565875e+00 7.382159974064024688e+00 5.473674573767043361e-01
5.114776105571953835e+00 6.274254543858591049e+00 4.238065258872811270e-01
5.827187078870319503e+00 5.328731180224182573e+00 3.298184669982857087e-01
6.638826128706195817e+00 3.996251517970927924e+00 2.433159257194161262e-01
7.563514225758552811e+00 3.190274662122282390e+00 1.865130638754690373e-01
8.616997392941321721e+00 2.337118158859456507e+00 1.389760024644922376e-01
9.817214836071872952e+00 1.961277740206765596e+00 1.108843170340230444e-01
1.118460442108735009e+01 1.586392278317726223e+00 8.820946325746607808e-02
1.274245069961824761e+01 1.280112324164920379e+00 7.104313913410353898e-02
1.451728140926205768e+01 9.680627425027201749e-01 5.686999621948266026e-02
1.653931920034971981e+01 7.270637699197730619e-01 4.640655586843793479e-02
1.884299628142029093e+01 5.402175563296127692e-01 3.864908318023526496e-02
2.146754074702852577e+01 4.217686663234809785e-01 3.342954671875935507e-02
2.445764457215044274e+01 3.233247681129456375e-01 2.944747953656543654e-02
2.786422464810916466e+01 2.361834666929829574e-01 2.630496255589003310e-02
3.174528981929791982e+01 1.598623498886957428e-01 2.382032932552555562e-02
3.616692868500850011e+01 1.220140871152286532e-01 2.237576238596809125e-02
4.120443498711833286e+01 7.783239263600538749e-02 2.104183902508074966e-02
4.694358974726586098e+01 5.473634427921170165e-02 2.025976052086400636e-02
