1.069642439726958605e+00 -1.498550262809311029e+00 nan
1.218627458003121777e+00 -1.663801892855121256e+00 nan
1.388363836590320144e+00 -1.078460524319371228e+00 nan
1.581741926207981042e+00 -9.612745944080083316e-01 1.031040735947599041e+00
1.802054659727066133e+00 -7.198305764541057528e-01 2.280070293275329174e+00
2.053053625776520175e+00 -1.021718282228977426e+00 nan
2.339012952555230562e+00 -7.911116527839778811e-01 1.321225819748786501e+00
2.664802089693036891e+00 -9.247369577301309818e-01 6.585189297738788250e-01
3.035968727524477995e+00 1.743823018005447922e+00 3.282332873427761033e+00
3.458833265763586962e+00 3.344329377685565152e+00 3.402540287595347213e+00
3.940596440236666886e+00 5.615202676967371076e+00 3.456029373287247797e+00
4.489461940391565875e+00 1.075582386201791785e+01 3.805880776593858261e+00
5.114776105571953835e+00 9.322290908425298284e+00 2.939474055906753147e+00
5.827187078870319503e+00 1.005009784406549223e+01 2.520304038383270218e+00
6.638826128706195817e+00 9.044622093565134691e+00 1.987743022236627688e+00
7.563514225758552811e+00 7.856781830999022276e+00 1.548396245003893723e+00
8.616997392941321721e+00 4.853259774240484603e+00 1.034496495698913332e+00
9.817214836071872952e+00 4.201551743933269023e+00 8.099458214623845853e-01
1.118460442108735009e+01 3.380361339203662219e+00 6.177300264313079214e-01
1.274245069961824761e+01 2.800985781227745441e+00 4.797813274798456984e-01
1.451728140926205768e+01 2.145922805088685159e+00 3.642539174514236588e-01
1.653931920034971981e+01 1.286218391648737303e+00 2.568643534588794242e-01
1.884299628142029093e+01 1.236584476185179859e+00 2.163219589182274194e-01
2.146754074702852577e+01 8.833548506905730680e-01 1.676620068750902526e-01
2.445764457215044274e+01 5.706248403238591838e-01 1.297069514628512443e-01
2.786422464810916466e+01 4.498241516278813634e-01 1.080053668475046552e-01
3.174528981929791982e+01 2.434792799010814246e-01 8.627025563070715719e-02
3.616692868500850011e+01 2.433654938892997333e-01 7.790731804012082651e-02
4.120443498711833286e+01 1.708107693527858295e-01 6.829717993075933025e-02
4.694358974726586098e+01 1.118725724812745792e-01 6.109762531038116090e-02
