1.069642439726958605e+00 -9.817837809738505506e-01 8.899457363129148479e-02
1.218627458003121777e+00 -9.411279202961866375e-01 1.215815825802043226e-01
1.388363836590320144e+00 -7.307518703352724465e-01 2.206813394331277600e-01
1.581741926207981042e+00 1.957926273471779499e-01 3.789250430102980571e-01
1.802054659727066133e+00 2.467922828040554073e+00 5.317235459485252225e-01
2.053053625776520175e+00 5.758575239290895986e+00 6.117417566526475170e-01
2.339012952555230562e+00 6.705679707360094000e+00 5.379630332157401273e-01
2.664802089693036891e+00 7.514466575403451643e+00 4.735140917514606418e-01
3.035968727524477995e+00 7.957455023200576072e+00 4.054617753170668415e-01
3.458833265763586962e+00 7.121476168071115609e+00 3.213280992851135220e-01
3.940596440236666886e+00 6.179904748893988220e+00 2.515070626311612934e-01
4.489461940391565875e+00 5.141832608180699538e+00 1.938232370952320538e-01
5.114776105571953835e+00 4.084793773343918133e+00 1.471639077577999444e-01
5.827187078870319503e+00 3.311806948151646335e+00 1.137582333974701126e-01
6.638826128706195817e+00 2.629556216580331451e+00 8.780737186829307150e-02
7.563514225758552811e+00 2.096676696209292423e+00 6.874854763780510747e-02
8.616997392941321721e+00 1.712341299519234195e+00 5.504299708313591805e-02
9.817214836071872952e+00 1.362415743334672413e+00 4.420779115711048757e-02
1.118460442108735009e+01 1.051466965470382320e+00 3.571384288686201697e-02
1.274245069961824761e+01 8.114536382076369403e-01 2.942988363548303121e-02
1.451728140926205768e+01 6.517744933656088868e-01 2.511569269873787508e-02
1.653931920034971981e+01 4.973725559442172539e-01 2.155764752993885244e-02
1.884299628142029093e+01 3.749355310733399893e-01 1.888476781680451660e-02
2.146754074702852577e+01 2.939061364784634200e-01 1.707350521204954383e-02
2.445764457215044274e+01 2.207214217806494627e-01 1.561309996681812563e-02
2.786422464810916466e+01 1.574515308277679715e-01 1.445325404192229247e-02
3.174528981929791982e+01 1.150696320442434750e-01 1.366830143213418162e-02
3.616692868500850011e+01 7.433016671245895601e-02 1.299333289688416049e-02
4.120443498711833286e+01 5.734581224595780569e-02 1.265890049741304375e-02
4.694358974726586098e+01 3.878586758864899231e-02 1.234932629249565865e-02
