1.069642439726958605e+00 -7.247051613578272544e-01 1.566044884728879083e+01
1.218627458003121777e+00 -1.656008977319320508e+00 nan
1.388363836590320144e+00 -1.630328482923053546e+00 nan
1.581741926207981042e+00 -1.061241610738254959e+00 nan
1.802054659727066133e+00 -8.219741881730391331e-01 5.437478211459165323e+00
2.053053625776520175e+00 -1.015803773401255494e+00 nan
2.339012952555230562e+00 -3.514705365613690624e-01 6.964801546487577433e+00
2.664802089693036891e+00 -7.638027772333833010e-01 3.490105715842654277e+00
3.035968727524477995e+00 -6.079392828837273388e-01 3.709413880402222308e+00
3.458833265763586962e+00 -1.163043593149747590e+00 nan
3.940596440236666886e+00 -9.043756354889738169e-01 1.238419122548946927e+00
4.489461940391565875e+00 6.372098563654194692e+00 8.946008331145305803e+00
5.114776105571953835e+00 1.534890634220044348e+00 4.306588486294352869e+00
5.827187078870319503e+00 1.388218789679653575e+01 8.654058508562119556e+00
6.638826128706195817e+00 1.345701631947208021e+01 7.035786426725622711e+00
7.563514225758552811e+00 1.401306471606199722e+01 5.941935813779426923e+00
8.616997392941321721e+00 9.168969377657564479e+00 4.022242318551563223e+00
9.817214836071872952e+00 1.029438137572676482e+01 3.528539666297679567e+00
1.118460442108735009e+01 3.198203817136439753e+00 1.744042471937864214e+00
1.274245069961824761e+01 2.155720441349026739e+00 1.244946557166633827e+00
1.451728140926205768e+01 3.662680290690403240e+00 1.273928646889338490e+00
1.653931920034971981e+01 2.772814761237565762e+00 9.501760706199052775e-01
1.884299628142029093e+01 1.328143138106519405e+00 6.107693767625814729e-01
2.146754074702852577e+01 1.215654687672251599e+00 4.990539406561193547e-01
2.445764457215044274e+01 1.254610153758882074e+00 4.266220802248586463e-01
2.786422464810916466e+01 5.136932767213562290e-01 2.872649432717777618e-01
3.174528981929791982e+01 5.085979631766215370e-01 2.452387172476602206e-01
3.616692868500850011e+01 3.063868510216827268e-01 1.937557276752011892e-01
4.120443498711833286e+01 2.563552984692190062e-01 1.652601068358847125e-01
4.694358974726586098e+01 1.104105382656346279e-01 1.346077967366109129e-01
