1.069642439726958605e+00 -2.814299135183091938e+00 nan
1.218627458003121777e+00 -9.824543800996625720e-01 9.965025797019980702e-01
1.388363836590320144e+00 -1.221091650186282074e+00 nan
1.581741926207981042e+00 -1.524747388251412872e+00 nan
1.802054659727066133e+00 -8.487908700073665269e-01 1.662124322882973182e+00
2.053053625776520175e+00 -8.389591967742999756e-01 1.405863274146873731e+00
2.339012952555230562e+00 -1.113555358489449532e+00 nan
2.664802089693036891e+00 8.817796094300482945e-01 3.268463109742391293e+00
3.035968727524477995e+00 -1.081048545096186864e+00 nan
3.458833265763586962e+00 2.563186023051605034e+00 3.056846881947388184e+00
3.940596440236666886e+00 7.231922984377582075e+00 3.829256402738550502e+00
4.489461940391565875e+00 9.311842556857378383e+00 3.532955054182024934e+00
5.114776105571953835e+00 8.912965276347478039e+00 2.857225272740961053e+00
5.827187078870319503e+00 1.183258492069528067e+01 2.704171767554198968e+00
6.638826128706195817e+00 9.184506091013181717e+00 1.987254048621934333e+00
7.563514225758552811e+00 7.093912314291281440e+00 1.464863055486209209e+00
8.616997392941321721e+00 5.269268708709443416e+00 1.065168654436735807e+00
9.817214836071872952e+00 4.271370281597592466e+00 8.098146477343828309e-01
1.118460442108735009e+01 3.415538438400948174e+00 6.159333102418697026e-01
1.274245069961824761e+01 2.205695472416653757e+00 4.329307167831423775e-01
1.451728140926205768e+01 1.942381758374803757e+00 3.480039082429150499e-01
1.653931920034971981e+01 1.452116584578055924e+00 2.657164430107733510e-01
1.884299628142029093e+01 1.225113539347467029e+00 2.141650999536082456e-01
2.146754074702852577e+01 6.261039038683831048e-01 1.519440584384835757e-01
2.445764457215044274e+01 5.139385212465841235e-01 1.258132463688414748e-01
2.786422464810916466e+01 5.194069658911883991e-01 1.108578869847847287e-01
3.174528981929791982e+01 4.006388324621359409e-01 9.345826665842120462e-02
3.616692868500850011e+01 3.427597168683405027e-01 8.218776872329543182e-02
4.120443498711833286e+01 1.899235096265170508e-01 6.882342658886068942e-02
4.694358974726586098e+01 7.361106885906765207e-02 5.902206260050080200e-02
