1.069642439726958605e+00 -1.499650552378756885e+00 nan
1.218627458003121777e+00 -9.358942741057822978e-01 1.935168289237489958e-01
1.388363836590320144e+00 -7.731111630346636510e-01 3.089834670836603125e-01
1.581741926207981042e+00 -1.810121883064041981e-01 4.781455701166761885e-01
1.802054659727066133e+00 8.411639094787570770e-01 5.898352205416232952e-01
2.053053625776520175e+00 2.742466547797389076e+00 6.906454355952004187e-01
2.339012952555230562e+00 5.363865693131646850e+00 7.408865871066422359e-01
2.664802089693036891e+00 7.840521748377641487e+00 7.307377737446558719e-01
3.035968727524477995e+00 8.638338073179093968e+00 6.351871082548915526e-01
3.458833265763586962e+00 7.537380832917791373e+00 4.956425665923732682e-01
3.940596440236666886e+00 6.964841584712353928e+00 3.978588085621958537e-01
4.489461940391565875e+00 6.002936754590793456e+00 3.101601406935300953e-01
5.114776105571953835e+00 4.822012918040696761e+00 2.352481035352918526e-01
5.827187078870319503e+00 4.010952664580141658e+00 1.826242631113405568e-01
6.638826128706195817e+00 3.304482601430400734e+00 1.420099542723655961e-01
7.563514225758552811e+00 2.590513503835659481e+00 1.090894662342171001e-01
8.616997392941321721e+00 2.095514183631044247e+00 8.585696859585588425e-02
9.817214836071872952e+00 1.567235149978627007e+00 6.622427116689438842e-02
1.118460442108735009e+01 1.279079560522022430e+00 5.377934768755501804e-02
1.274245069961824761e+01 1.017205253159459755e+00 4.392975173245301790e-02
1.451728140926205768e+01 7.884380820032046433e-01 3.627709778083523101e-02
1.653931920034971981e+01 5.810644413406023112e-01 3.015980827446295906e-02
1.884299628142029093e+01 4.566362071467462425e-01 2.615735074323626702e-02
2.146754074702852577e+01 3.486834119962205492e-01 2.304190411653480805e-02
2.445764457215044274e+01 2.551862253881800324e-01 2.059422086015729597e-02
2.786422464810916466e+01 1.850387560127890740e-01 1.881410740244533752e-02
3.174528981929791982e+01 1.348727852929916260e-01 1.755734563745137491e-02
3.616692868500850011e+01 1.002029126673398274e-01 1.668951620509078262e-02
4.120443498711833286e+01 7.164801818637189790e-02 1.602442382676583232e-02
4.694358974726586098e+01 4.728870800981987976e-02 1.549992231240223881e-02
