1.069642439726958605e+00 -1.696330829338265733e+00 nan
1.218627458003121777e+00 -8.907756748129520563e-01 2.510817940372013890e+00
1.388363836590320144e+00 -9.225607766127936760e-01 1.794216700155552457e+00
1.581741926207981042e+00 -9.122276029055689239e-01 1.555457317638482273e+00
1.802054659727066133e+00 -9.747290794658347579e-01 6.861873397288389409e-01
2.053053625776520175e+00 -1.218858375964800178e+00 nan
2.339012952555230562e+00 -9.726948681682276998e-01 4.786662311874658182e-01
2.664802089693036891e+00 -8.283929326477565969e-01 9.964440940787481216e-01
3.035968727524477995e+00 3.085945253773294095e+00 4.015170834851868875e+00
3.458833265763586962e+00 6.158978981124835883e+00 4.381672530917859909e+00
3.940596440236666886e+00 9.139972778525521591e+00 4.296310940726372429e+00
4.489461940391565875e+00 1.194071078869500369e+01 4.005257907171114518e+00
5.114776105571953835e+00 1.188775419878635020e+01 3.301645408813346450e+00
5.827187078870319503e+00 1.224364544707762903e+01 2.775634462857534235e+00
6.638826128706195817e+00 9.565904702695579687e+00 2.045584788276386679e+00
7.563514225758552811e+00 6.003918009351212781e+00 1.369904697287547268e+00
8.616997392941321721e+00 6.366043093292479860e+00 1.172736453882380125e+00
9.817214836071872952e+00 4.056078393651667113e+00 7.991716568558189238e-01
1.118460442108735009e+01 2.964208233818939053e+00 5.858959501484022336e-01
1.274245069961824761e+01 2.552640752126164259e+00 4.627688150795624122e-01
1.451728140926205768e+01 2.195449953344283500e+00 3.682593271396248924e-01
1.653931920034971981e+01 1.693284040481757291e+00 2.833705406766793278e-01
1.884299628142029093e+01 1.240228526516271579e+00 2.169367730580526732e-01
2.146754074702852577e+01 9.865483053593055995e-01 1.737335396946597388e-01
2.445764457215044274e+01 7.883612657867635765e-01 1.415339006895858787e-01
2.786422464810916466e+01 4.246981381131116340e-01 1.068992046296713128e-01
3.174528981929791982e+01 3.838203400973263513e-01 9.334130263709204678e-02
3.616692868500850011e+01 2.185896641664732964e-01 7.683838842440447736e-02
4.120443498711833286e+01 1.704621226247631238e-01 6.837940201250362893e-02
4.694358974726586098e+01 7.340339857567301785e-02 5.939613076013448151e-02
