1.069642439726958605e+00 -1.092191230780906519e+00 nan
1.218627458003121777e+00 -7.757225893832369046e-01 5.921599285757545017e-01
1.388363836590320144e+00 -1.175530019964397432e+00 nan
1.581741926207981042e+00 -9.059253038799852664e-01 2.650356923818319999e-01
1.802054659727066133e+00 -2.949720704689706707e-01 5.966494428803034156e-01
2.053053625776520175e+00 3.574717734817494108e-01 6.788489640066681652e-01
2.339012952555230562e+00 2.019921483600775947e+00 8.303692695014378566e-01
2.664802089693036891e+00 5.375780546359592016e+00 1.006506671528603514e+00
3.035968727524477995e+00 8.407962028247570885e+00 1.016637871697219309e+00
3.458833265763586962e+00 8.168444049997557244e+00 8.312901973230325536e-01
3.940596440236666886e+00 8.545778117495785864e+00 7.045337899072318111e-01
4.489461940391565875e+00 7.146236291972650534e+00 5.387792965771064368e-01
5.114776105571953835e+00 6.092547887589724098e+00 4.177835908082952465e-01
5.827187078870319503e+00 5.285175687157304125e+00 3.284077098662135374e-01
6.638826128706195817e+00 3.897200271958587869e+00 2.404522049811466666e-01
7.563514225758552811e+00 3.270086513803931894e+00 1.885164997822917632e-01
8.616997392941321721e+00 2.554825941624219166e+00 1.443013973954160867e-01
9.817214836071872952e+00 2.027026798117067319e+00 1.123694214030854649e-01
1.118460442108735009e+01 1.567462486059745697e+00 8.775951506319473738e-02
1.274245069961824761e+01 1.237928876913055198e+00 7.012859135394351739e-02
1.451728140926205768e+01 9.945307290283715851e-01 5.738902118345255710e-02
1.653931920034971981e+01 7.583044840980577295e-01 4.700914046648901196e-02
1.884299628142029093e+01 5.820946727513516272e-01 3.944670878772114225e-02
2.146754074702852577e+01 4.611201793933465964e-01 3.416765947027836092e-02
2.445764457215044274e+01 3.145358826366504434e-01 2.927399026077748267e-02
2.786422464810916466e+01 2.334981174750778710e-01 2.624784438435365588e-02
3.174528981929791982e+01 1.594061563631918865e-01 2.380580010281046002e-02
3.616692868500850011e+01 1.232867527465857371e-01 2.239390201356381699e-02
4.120443498711833286e+01 8.926620007109842270e-02 2.124851682652634938e-02
4.694358974726586098e+01 6.293717923761077415e-02 2.040679684670375360e-02
