1.069642439726958605e+00 -1.568932422928144721e+00 nan
1.218627458003121777e+00 -8.315281773565748047e-01 5.134728163688639935e-01
1.388363836590320144e+00 -8.336065673679333710e-01 4.330756360378347214e-01
1.581741926207981042e+00 -6.139885596418139802e-01 5.371644263098812599e-01
1.802054659727066133e+00 -9.955630087921198967e-01 4.734429344253460181e-02
2.053053625776520175e+00 -1.622150825016572817e-01 5.334215733512710500e-01
2.339012952555230562e+00 1.509528030030113488e+00 7.570305667127743554e-01
2.664802089693036891e+00 5.292787366154495743e+00 1.000326003646608841e+00
3.035968727524477995e+00 7.162628258081584320e+00 9.455806527764341052e-01
3.458833265763586962e+00 9.283431175173955552e+00 8.830265466547501108e-01
3.940596440236666886e+00 7.637998857324232560e+00 6.685103151070617145e-01
4.489461940391565875e+00 7.484899218270243182e+00 5.510122764116529570e-01
5.114776105571953835e+00 6.265892046853811514e+00 4.235612508729397208e-01
5.827187078870319503e+00 4.860706029082154878e+00 3.159255754360226209e-01
6.638826128706195817e+00 3.964501439809373196e+00 2.424433316573617325e-01
7.563514225758552811e+00 3.230421899796529939e+00 1.875689773914936409e-01
8.616997392941321721e+00 2.609725538156523861e+00 1.457071042804214400e-01
9.817214836071872952e+00 2.029795317839899305e+00 1.124812244309785492e-01
1.118460442108735009e+01 1.566087229221712507e+00 8.776540607273226879e-02
1.274245069961824761e+01 1.282039793634995206e+00 7.108707064380130614e-02
1.451728140926205768e+01 1.007031737326072207e+00 5.766510774626047026e-02
1.653931920034971981e+01 7.428007055847349882e-01 4.671995255115931472e-02
1.884299628142029093e+01 5.671672361722226441e-01 3.917203989185733676e-02
2.146754074702852577e+01 4.731132603674303994e-01 3.440687763927967324e-02
2.445764457215044274e+01 3.458488121918583680e-01 2.987205568621173479e-02
2.786422464810916466e+01 2.537911940590282800e-01 2.663459472431241315e-02
3.174528981929791982e+01 1.925566422740327965e-01 2.442881617457019761e-02
3.616692868500850011e+01 1.340239598843944169e-01 2.259914629102624875e-02
4.120443498711833286e+01 9.878954262039219003e-02 2.143049762903059471e-02
4.694358974726586098e+01 6.459167772658847007e-02 2.044270669251780845e-02
