1.069642439726958605e+00 -1.195793533160729005e+00 nan
1.218627458003121777e+00 -1.118308381736850432e+00 nan
1.388363836590320144e+00 -5.521421477567396430e-01 2.843822610550740260e-01
1.581741926207981042e+00 7.420660744551221821e-01 4.570955468249698894e-01
1.802054659727066133e+00 2.458378936179233865e+00 5.305164267732359606e-01
2.053053625776520175e+00 4.390875514712197614e+00 5.449429009701801663e-01
2.339012952555230562e+00 6.713306295971435134e+00 5.377648838732891345e-01
2.664802089693036891e+00 7.955959943685265046e+00 4.857700837805987160e-01
3.035968727524477995e+00 8.033970056618109368e+00 4.069560923946104469e-01
3.458833265763586962e+00 7.038484378348989878e+00 3.192674400956366232e-01
3.940596440236666886e+00 6.269420157486187861e+00 2.530335307753726615e-01
4.489461940391565875e+00 4.982738290697979799e+00 1.907971917027415365e-01
5.114776105571953835e+00 4.062979746045174423e+00 1.466765281683075628e-01
5.827187078870319503e+00 3.370319540842007910e+00 1.145884092401200927e-01
6.638826128706195817e+00 2.641422736261658688e+00 8.791536589345999575e-02
7.563514225758552811e+00 2.108683796790612686e+00 6.886604431216342137e-02
8.616997392941321721e+00 1.750821187007690849e+00 5.552151026249486920e-02
9.817214836071872952e+00 1.341783254255534352e+00 4.390764814953489886e-02
1.118460442108735009e+01 1.072230693364273790e+00 3.595136035202299574e-02
1.274245069961824761e+01 8.464954300611802207e-01 2.984225587167191676e-02
1.451728140926205768e+01 6.442050042746134686e-01 2.500838484662368244e-02
1.653931920034971981e+01 5.236348842667850612e-01 2.185847547228959159e-02
1.884299628142029093e+01 4.035909207633228135e-01 1.921342998161413435e-02
2.146754074702852577e+01 3.098357864286021002e-01 1.725192211374170989e-02
2.445764457215044274e+01 2.284719099622516403e-01 1.569602557032686099e-02
2.786422464810916466e+01 1.641213101668437258e-01 1.452421149678407436e-02
3.174528981929791982e+01 1.249623258845549145e-01 1.377750395354432854e-02
3.616692868500850011e+01 8.667536681892795691e-02 1.313164158094324609e-02
4.120443498711833286e+01 6.341675212927055938e-02 1.272403792074664440e-02
4.694358974726586098e+01 4.082406921251835463e-02 1.236750330881282792e-02
