1.069642439726958605e+00 -1.117447010835564747e+00 nan
1.218627458003121777e+00 -1.890274937678384504e+00 nan
1.388363836590320144e+00 -1.401954712699907901e+00 nan
1.581741926207981042e+00 -6.179775280898880396e-02 5.082951539713683076e+00
1.802054659727066133e+00 -9.378194736338767434e-01 1.075808484523161024e+00
2.053053625776520175e+00 -9.766525283640883348e-01 5.402882148884828872e-01
2.339012952555230562e+00 -1.052478086946291302e+00 nan
2.664802089693036891e+00 -9.500172743845867185e-01 5.374778275560404550e-01
3.035968727524477995e+00 1.726305001058959787e+00 3.276909815154060990e+00
3.458833265763586962e+00 -2.692917265722063469e-01 1.395655437033545221e+00
3.940596440236666886e+00 3.274157439084713239e+00 2.778566095776756395e+00
4.489461940391565875e+00 9.486552225470065380e+00 3.596254731241053548e+00
5.114776105571953835e+00 1.072137435871710487e+01 3.142582428770075431e+00
5.827187078870319503e+00 9.509570724549055498e+00 2.459242970909950809e+00
6.638826128706195817e+00 1.067934910581464081e+01 2.155849312196418399e+00
7.563514225758552811e+00 5.900130165716126029e+00 1.358484112923304732e+00
8.616997392941321721e+00 6.173337694753005422e+00 1.155478860832353849e+00
9.817214836071872952e+00 4.029117601028119111e+00 7.964653354482174041e-01
1.118460442108735009e+01 3.749110414232675215e+00 6.469678682892867627e-01
1.274245069961824761e+01 2.014023479757615309e+00 4.220692964028383010e-01
1.451728140926205768e+01 2.229409081060539588e+00 3.703412245487575638e-01
1.653931920034971981e+01 1.617528467004685222e+00 2.784880331722815461e-01
1.884299628142029093e+01 1.253802542929026931e+00 2.176384940568909521e-01
2.146754074702852577e+01 9.771299827005044403e-01 1.731320015309427141e-01
2.445764457215044274e+01 7.018694321224105970e-01 1.368985017211540867e-01
2.786422464810916466e+01 5.088042702756949698e-01 1.111532564106743892e-01
3.174528981929791982e+01 4.190678360050121842e-01 9.503221330214685347e-02
3.616692868500850011e+01 2.928926397349074229e-01 8.036548740191570839e-02
4.120443498711833286e+01 1.914615251732050272e-01 6.934042917408958506e-02
4.694358974726586098e+01 1.054331263394012730e-01 6.086152434141035850e-02
