1.069642439726958605e+00 -7.137930390988944662e-01 5.288023960693609027e+00
1.218627458003121777e+00 -7.594696953035309228e-01 3.683933524531326054e+00
1.388363836590320144e+00 -8.216603072177739442e-01 2.692091536499491511e+00
1.581741926207981042e+00 -9.431643296853626790e-01 1.237540487446959991e+00
1.802054659727066133e+00 -5.974529262100969351e-01 2.707821565986511470e+00
2.053053625776520175e+00 -1.241508204595917153e+00 nan
2.339012952555230562e+00 -9.024697887495436444e-01 8.944464908099838407e-01
2.664802089693036891e+00 -1.149468181357624186e+00 nan
3.035968727524477995e+00 -1.160359570606502633e+00 nan
3.458833265763586962e+00 5.937853134421955392e-01 2.039695907757658855e+00
3.940596440236666886e+00 8.378860896384125567e+00 4.083764370082120010e+00
4.489461940391565875e+00 7.651601221169959999e+00 3.226571064568769298e+00
5.114776105571953835e+00 9.987493371764752936e+00 3.007555907295580422e+00
5.827187078870319503e+00 1.039042361759894817e+01 2.537228880100653949e+00
6.638826128706195817e+00 9.224756989624317782e+00 1.988407585755896489e+00
7.563514225758552811e+00 6.517709114250624047e+00 1.406497909295222337e+00
8.616997392941321721e+00 5.676729689185679106e+00 1.100146684489286875e+00
9.817214836071872952e+00 4.874466833555850087e+00 8.578749814070261159e-01
1.118460442108735009e+01 3.353935092721120892e+00 6.102792254125098959e-01
1.274245069961824761e+01 2.622295111656460787e+00 4.628912764377826616e-01
1.451728140926205768e+01 1.968853981124064845e+00 3.492983003025116884e-01
1.653931920034971981e+01 1.597521371357549125e+00 2.745123653449774159e-01
1.884299628142029093e+01 1.173358623841851411e+00 2.108234352774078779e-01
2.146754074702852577e+01 9.945029237131473021e-01 1.724769977835476642e-01
2.445764457215044274e+01 7.643666464121297022e-01 1.389448829941126728e-01
2.786422464810916466e+01 5.937324856540235896e-01 1.144626880413117942e-01
3.174528981929791982e+01 4.193094707280549116e-01 9.425661628869272390e-02
3.616692868500850011e+01 2.789473571410472363e-01 7.906949092462936535e-02
4.120443498711833286e+01 2.045157960359846872e-01 6.943051752479267869e-02
4.694358974726586098e+01 1.193816677867232112e-01 6.107270289244911415e-02
