1.069642439726958605e+00 -7.769967540160167552e-01 4.839920363006981141e+00
1.218627458003121777e+00 -3.682684545392351794e-01 6.190499710611220507e+00
1.388363836590320144e+00 -1.217336385048239045e+00 nan
1.581741926207981042e+00 -5.247340425531914487e-01 3.710680362812231348e+00
1.802054659727066133e+00 -4.723254077977376841e-01 3.214600653997280677e+00
2.053053625776520175e+00 -8.543939537795552930e-01 1.383963920677115489e+00
2.339012952555230562e+00 -8.565946307229586054e-01 1.124603245696678799e+00
2.664802089693036891e+00 -1.183021618107531037e+00 nan
3.035968727524477995e+00 -1.014473587191481840e+00 nan
3.458833265763586962e+00 2.756270637521987421e+00 3.249410856745079013e+00
3.940596440236666886e+00 5.305860928726101378e+00 3.465449806233407148e+00
4.489461940391565875e+00 9.583144934558415429e+00 3.705143658289034025e+00
5.114776105571953835e+00 1.135506155892981006e+01 3.310687676025785731e+00
5.827187078870319503e+00 1.302012643644747136e+01 2.930008560053797950e+00
6.638826128706195817e+00 7.017681242452325385e+00 1.813601525968312034e+00
7.563514225758552811e+00 6.671836377527412765e+00 1.472564709290738350e+00
8.616997392941321721e+00 5.467883672253807781e+00 1.119947894926964116e+00
9.817214836071872952e+00 4.346955634154287651e+00 8.436354840899100704e-01
1.118460442108735009e+01 3.114305208415105497e+00 6.122735587100589516e-01
1.274245069961824761e+01 2.549211793996349229e+00 4.734518914838738990e-01
1.451728140926205768e+01 1.919429727403005437e+00 3.577769781345382927e-01
1.653931920034971981e+01 1.383435864528607340e+00 2.697578523238655102e-01
1.884299628142029093e+01 1.245002590976307166e+00 2.220813471982102383e-01
2.146754074702852577e+01 9.130452224097136416e-01 1.733376567643850341e-01
2.445764457215044274e+01 6.701683625531824617e-01 1.381371761771368056e-01
2.786422464810916466e+01 6.521399874370525929e-01 1.208340892627851743e-01
3.174528981929791982e+01 3.056170259906181297e-01 9.124340058227337069e-02
3.616692868500850011e+01 2.167658297094088304e-01 7.817772567811359652e-02
4.120443498711833286e+01 1.860615723529976950e-01 7.031823085516283878e-02
4.694358974726586098e+01 1.314069885691198092e-01 6.310878048046553168e-02
