1.069642439726958605e+00 -9.205421078890245745e-01 2.838334081596276537e-01
1.218627458003121777e+00 -8.260900354032161275e-01 3.191097858640937202e-01
1.388363836590320144e+00 -9.331301250341486053e-01 1.679290130204968701e-01
1.581741926207981042e+00 -4.417749946660396443e-01 3.951688031416469293e-01
1.802054659727066133e+00 6.490039258660400545e-01 5.587889441612836627e-01
2.053053625776520175e+00 2.394675905591056697e+00 6.583384867785503358e-01
2.339012952555230562e+00 4.755870708727597318e+00 7.048918256644349789e-01
2.664802089693036891e+00 7.885389036223594772e+00 7.334759979361528126e-01
3.035968727524477995e+00 7.822979117866317722e+00 6.071713558593165860e-01
3.458833265763586962e+00 8.156182024544953890e+00 5.150138809480886426e-01
3.940596440236666886e+00 6.884324594429531707e+00 3.961113202729872329e-01
4.489461940391565875e+00 6.240537348817073671e+00 3.162902678756469022e-01
5.114776105571953835e+00 4.995960348428980069e+00 2.394492113289709012e-01
5.827187078870319503e+00 4.164704514184052186e+00 1.860479187491378694e-01
6.638826128706195817e+00 3.224078796844265682e+00 1.405713126095825272e-01
7.563514225758552811e+00 2.644613084512533518e+00 1.102074782294251293e-01
8.616997392941321721e+00 2.129768972609302757e+00 8.654607135746941737e-02
9.817214836071872952e+00 1.677751047444518306e+00 6.815561456978909416e-02
1.118460442108735009e+01 1.347487744821674216e+00 5.493786623301209759e-02
1.274245069961824761e+01 1.050572896395669753e+00 4.449234155349413022e-02
1.451728140926205768e+01 7.978488415139453060e-01 3.645217112256299991e-02
1.653931920034971981e+01 5.969257515309405182e-01 3.042271205477425564e-02
1.884299628142029093e+01 4.801867691916421599e-01 2.652617291675892983e-02
2.146754074702852577e+01 3.704505297743700964e-01 2.337801152795901741e-02
2.445764457215044274e+01 2.783411090245335728e-01 2.094616536479153648e-02
2.786422464810916466e+01 2.019458589838936113e-01 1.907230045492255485e-02
3.174528981929791982e+01 1.386482335199963334e-01 1.762343898498304473e-02
3.616692868500850011e+01 9.635350642805562416e-02 1.664427408277861092e-02
4.120443498711833286e+01 6.757341567523633685e-02 1.597529555337895424e-02
4.694358974726586098e+01 4.677061660122472375e-02 1.550175394444414621e-02
