1.069642439726958605e+00 -9.017213511414079452e-01 5.157427210779959026e-01
1.218627458003121777e+00 -9.585080144241515665e-01 2.546583232503912275e-01
1.388363836590320144e+00 -1.175220415305098243e+00 nan
1.581741926207981042e+00 -1.124192377753742811e+00 nan
1.802054659727066133e+00 -3.894234702130510151e-01 5.551501453335470071e-01
2.053053625776520175e+00 -8.870025368441236679e-02 5.560054989682875481e-01
2.339012952555230562e+00 2.343611166044710536e+00 8.738256819689005361e-01
2.664802089693036891e+00 5.048942647970309672e+00 9.798862587024045334e-01
3.035968727524477995e+00 7.544570375218711433e+00 9.674285233383260740e-01
3.458833265763586962e+00 8.892146511054029645e+00 8.647702579400721179e-01
3.940596440236666886e+00 7.679782980918364643e+00 6.698100643361619699e-01
4.489461940391565875e+00 7.584838813041743677e+00 5.541792868078359025e-01
5.114776105571953835e+00 6.180868735132309055e+00 4.205775164567343571e-01
5.827187078870319503e+00 4.848589121497782983e+00 3.153744480688659979e-01
6.638826128706195817e+00 4.102206917647748696e+00 2.461278859168320732e-01
7.563514225758552811e+00 3.204379987209267089e+00 1.867837697865424862e-01
8.616997392941321721e+00 2.625095912290431599e+00 1.460003326999918805e-01
9.817214836071872952e+00 1.959366516922216750e+00 1.107843987215115511e-01
1.118460442108735009e+01 1.589251104045369622e+00 8.822966770190640573e-02
1.274245069961824761e+01 1.168905006053393869e+00 6.865916851360200079e-02
1.451728140926205768e+01 9.753609806444298869e-01 5.699276320711161442e-02
1.653931920034971981e+01 7.631867436546577732e-01 4.710048354651040492e-02
1.884299628142029093e+01 5.623584916287958091e-01 3.906126954073275981e-02
2.146754074702852577e+01 4.538367930424676011e-01 3.402595466788445322e-02
2.445764457215044274e+01 3.300691567017783878e-01 2.956328162810426333e-02
2.786422464810916466e+01 2.564149217656119806e-01 2.667318828185991433e-02
3.174528981929791982e+01 1.813746577443855479e-01 2.421199632204105306e-02
3.616692868500850011e+01 1.335455776083287471e-01 2.258221748226933723e-02
4.120443498711833286e+01 9.105351372910686081e-02 2.127992959602646728e-02
4.694358974726586098e+01 6.085926325935475667e-02 2.036680854234608137e-02
