1.069642439726958605e+00 4.268735807942852789e-01 3.554316834811515946e+01
1.218627458003121777e+00 -3.239035998629757884e-01 1.859260683202963804e+01
1.388363836590320144e+00 -9.070589141148006629e-01 5.850288530343865645e+00
1.581741926207981042e+00 -5.806742151312402900e-01 1.011894618672970658e+01
1.802054659727066133e+00 -1.243723897318116833e+00 nan
2.053053625776520175e+00 -1.153120308660152915e+00 nan
2.339012952555230562e+00 -7.322392371056793969e-01 4.461357227693511618e+00
2.664802089693036891e+00 -5.924734850411350617e-01 4.570251499220882252e+00
3.035968727524477995e+00 -8.738991283154387002e-01 2.097171591752710285e+00
3.458833265763586962e+00 -9.881371104530098926e-01 5.293993712565445708e-01
3.940596440236666886e+00 -1.063581421570264585e+00 nan
4.489461940391565875e+00 9.671095029245694974e+00 1.074007253015018826e+01
5.114776105571953835e+00 2.318051738847878696e+01 1.338136434222374049e+01
5.827187078870319503e+00 1.376815557145756586e+01 8.593850402998638671e+00
6.638826128706195817e+00 1.214925268925097157e+01 6.681622995064525838e+00
7.563514225758552811e+00 7.248817112807348195e+00 4.351672769597842994e+00
8.616997392941321721e+00 6.596216912646808872e+00 3.448407839780340378e+00
9.817214836071872952e+00 6.132550844508937615e+00 2.762683637143628079e+00
1.118460442108735009e+01 5.445333343119969527e+00 2.175072046007612503e+00
1.274245069961824761e+01 4.306575990556393840e+00 1.631254822561778672e+00
1.451728140926205768e+01 3.749060105028961587e+00 1.282856224687644042e+00
1.653931920034971981e+01 2.140634538229353012e+00 8.572526745579874818e-01
1.884299628142029093e+01 2.394796216629472063e+00 7.504058428701055883e-01
2.146754074702852577e+01 1.161035444652920745e+00 4.906926968528552702e-01
2.445764457215044274e+01 1.686442694379869156e+00 4.720268388096761081e-01
2.786422464810916466e+01 5.576398560379405289e-01 2.913090131272591532e-01
3.174528981929791982e+01 5.168242174528003829e-01 2.453929939260149351e-01
3.616692868500850011e+01 3.892887964259945655e-01 2.010554997601025906e-01
4.120443498711833286e+01 2.154733527095467061e-01 1.611877035344329301e-01
4.694358974726586098e+01 4.748358513391970348e-02 1.288491983116386574e-01
