1.069642439726958605e+00 -1.370734742732660827e+00 nan
1.218627458003121777e+00 -7.730711519576238810e-01 3.651416091154646715e-01
1.388363836590320144e+00 -1.093372872741052326e+00 nan
1.581741926207981042e+00 -4.456815189012213185e-01 3.944494934221640103e-01
1.802054659727066133e+00 4.437834827253761549e-01 5.236881020489247973e-01
2.053053625776520175e+00 2.701438590869473799e+00 6.887738980527341459e-01
2.339012952555230562e+00 4.715579888352171345e+00 7.035668074524644711e-01
2.664802089693036891e+00 7.720011047665087389e+00 7.276216669219708333e-01
3.035968727524477995e+00 8.054801608259918311e+00 6.164711025521776300e-01
3.458833265763586962e+00 8.430462307093307572e+00 5.240433027790963871e-01
3.940596440236666886e+00 6.988048759131223697e+00 3.995724815504887451e-01
4.489461940391565875e+00 6.168468522899036799e+00 3.150441108951438363e-01
5.114776105571953835e+00 5.215253185022991289e+00 2.447579746719701355e-01
5.827187078870319503e+00 4.175824923760427687e+00 1.865702725854008481e-01
6.638826128706195817e+00 3.361112795658159236e+00 1.434889492363489727e-01
7.563514225758552811e+00 2.628504293013118609e+00 1.100729254927148432e-01
8.616997392941321721e+00 2.069277575411529568e+00 8.560407599740577078e-02
9.817214836071872952e+00 1.616361226898987535e+00 6.721572610780417178e-02
1.118460442108735009e+01 1.278248056928144250e+00 5.389011338793461836e-02
1.274245069961824761e+01 1.026352839047184995e+00 4.417086287539147976e-02
1.451728140926205768e+01 7.708140782585568562e-01 3.608408222259693737e-02
1.653931920034971981e+01 6.053240221665032728e-01 3.058554833650656973e-02
1.884299628142029093e+01 4.707191129934831242e-01 2.641625714545929940e-02
2.146754074702852577e+01 3.634111125414669630e-01 2.330009295109611647e-02
2.445764457215044274e+01 2.605250432941190741e-01 2.070794939259220854e-02
2.786422464810916466e+01 1.950757434702561355e-01 1.899132774826188530e-02
3.174528981929791982e+01 1.410644693165441499e-01 1.767529478265936899e-02
3.616692868500850011e+01 1.052811696087363469e-01 1.678900852439852917e-02
4.120443498711833286e+01 7.204879227842697631e-02 1.605450947233764969e-02
4.694358974726586098e+01 5.172783297154182058e-02 1.558723758515239734e-02
