1.069642439726958605e+00 -1.823490447557565286e+00 nan
1.218627458003121777e+00 -1.282760251234322357e+00 nan
1.388363836590320144e+00 -2.053397636386014025e+00 nan
1.581741926207981042e+00 -4.016861054766736050e-01 1.190938469588910564e+01
1.802054659727066133e+00 -1.631818997204374178e+00 nan
2.053053625776520175e+00 -9.093110972383413593e-01 3.124294530955196159e+00
2.339012952555230562e+00 -8.489955582341262019e-01 3.301038365349824311e+00
2.664802089693036891e+00 -8.632525243174311580e-01 2.608429104220125083e+00
3.035968727524477995e+00 -1.357978669258725901e+00 nan
3.458833265763586962e+00 -8.534205800048932922e-01 1.833566620918885670e+00
3.940596440236666886e+00 3.992480901539189109e+00 8.797923716120100934e+00
4.489461940391565875e+00 -9.734940299964269794e-01 5.257922602992540773e-01
5.114776105571953835e+00 8.355660504346946738e+00 8.150666373954081223e+00
5.827187078870319503e+00 1.018304642654049275e+01 7.352759950641727826e+00
6.638826128706195817e+00 1.291202195769111505e+01 6.777567065726989526e+00
7.563514225758552811e+00 1.130729298283792161e+01 5.267082137675533460e+00
8.616997392941321721e+00 9.330925566585509756e+00 3.984875573307594898e+00
9.817214836071872952e+00 8.973879840009109543e+00 3.246539402334176039e+00
1.118460442108735009e+01 2.154304879712594989e+00 1.478623790739034938e+00
1.274245069961824761e+01 3.086118262783664967e+00 1.400267848694923600e+00
1.451728140926205768e+01 2.787115952918628903e+00 1.119593146528113037e+00
1.653931920034971981e+01 2.329040075246725738e+00 8.723371953710070681e-01
1.884299628142029093e+01 1.741305600882824489e+00 6.567837880405593687e-01
2.146754074702852577e+01 9.957759098712266610e-01 4.628733631506639634e-01
2.445764457215044274e+01 9.142126538923733836e-01 3.815634995753731107e-01
2.786422464810916466e+01 5.704823437584596313e-01 2.887970648750358693e-01
3.174528981929791982e+01 4.938321112440757776e-01 2.399310998068171497e-01
3.616692868500850011e+01 4.296916461938729004e-01 2.022706716045269415e-01
4.120443498711833286e+01 3.813730483647652658e-01 1.738109829192149292e-01
4.694358974726586098e+01 1.968695378887603820e-01 1.400574625251600203e-01
