1.069642439726958605e+00 -1.082823298838168302e+00 nan
1.218627458003121777e+00 -6.037516161686389271e-01 7.835906873592436428e-01
1.388363836590320144e+00 -8.638910815518399122e-01 3.897425328809154821e-01
1.581741926207981042e+00 -9.235022812933941783e-01 2.379257813889953388e-01
1.802054659727066133e+00 -4.765496935156923186e-01 5.117743310472044893e-01
2.053053625776520175e+00 8.473586334577509760e-02 6.040351921007470759e-01
2.339012952555230562e+00 3.279551812019363410e+00 9.850055873468755996e-01
2.664802089693036891e+00 5.005099781887775379e+00 9.720768814629089372e-01
3.035968727524477995e+00 7.173750988420792396e+00 9.416081390547759167e-01
3.458833265763586962e+00 9.072959436577823666e+00 8.692949620528046539e-01
3.940596440236666886e+00 8.328224564225720883e+00 6.929406529980642881e-01
4.489461940391565875e+00 7.970747783983687995e+00 5.651850244222180741e-01
5.114776105571953835e+00 6.254201287305241941e+00 4.211927379546516192e-01
5.827187078870319503e+00 4.570376511747450188e+00 3.056649738991299436e-01
6.638826128706195817e+00 3.999862294863597789e+00 2.423091217218804327e-01
7.563514225758552811e+00 3.171340128534413161e+00 1.851850005900736174e-01
8.616997392941321721e+00 2.451341153749783341e+00 1.411853344551273759e-01
9.817214836071872952e+00 1.942844283994977328e+00 1.099789087784214664e-01
1.118460442108735009e+01 1.591552556779312289e+00 8.795394640553688692e-02
1.274245069961824761e+01 1.280113174420223210e+00 7.075613174694346530e-02
1.451728140926205768e+01 9.914877886785744554e-01 5.712336991323164331e-02
1.653931920034971981e+01 7.609196605434436211e-01 4.690044665931334539e-02
1.884299628142029093e+01 5.765368192386575164e-01 3.921147856716843128e-02
2.146754074702852577e+01 4.374034323848534633e-01 3.361283078714190353e-02
2.445764457215044274e+01 3.407576406331265240e-01 2.967979980456461608e-02
2.786422464810916466e+01 2.512698931699495208e-01 2.650553315142624780e-02
3.174528981929791982e+01 1.756699205999010527e-01 2.404389823921036784e-02
3.616692868500850011e+01 1.318259376253509974e-01 2.249459560985632781e-02
4.120443498711833286e+01 9.327113584890667219e-02 2.126999692871946873e-02
4.694358974726586098e+01 6.231381738661534442e-02 2.034621792924589528e-02
