1.069642439726958605e+00 -1.462840223309247012e+00 nan
1.218627458003121777e+00 -4.955833400353617524e-01 3.556832649236549293e-01
1.388363836590320144e+00 -4.964214633413797095e-01 3.016228708988636376e-01
1.581741926207981042e+00 6.043975510150452202e-01 4.387181565962391949e-01
1.802054659727066133e+00 3.266417284800875898e+00 5.897632355371428270e-01
2.053053625776520175e+00 4.728132969410649089e+00 5.620799949011117125e-01
2.339012952555230562e+00 7.099124701131781734e+00 5.515493845195039713e-01
2.664802089693036891e+00 7.911904806080181096e+00 4.846155511072371413e-01
3.035968727524477995e+00 7.764210919186741222e+00 4.005099923963378328e-01
3.458833265763586962e+00 6.906486689653165811e+00 3.164719600983500469e-01
3.940596440236666886e+00 6.167409192247941263e+00 2.511014198875073933e-01
4.489461940391565875e+00 4.925102117491809040e+00 1.897892266484119406e-01
5.114776105571953835e+00 4.194115113742633127e+00 1.489051228187903697e-01
5.827187078870319503e+00 3.302658030734614947e+00 1.135436837298574725e-01
6.638826128706195817e+00 2.644588882276522224e+00 8.797848079935416399e-02
7.563514225758552811e+00 2.108733396258085868e+00 6.887890919420923408e-02
8.616997392941321721e+00 1.661358442674011560e+00 5.432155208445769989e-02
9.817214836071872952e+00 1.331114308248810163e+00 4.377591148485250605e-02
1.118460442108735009e+01 1.038509830918882937e+00 3.553121543934679299e-02
1.274245069961824761e+01 8.504928240621214552e-01 2.989599495497491724e-02
1.451728140926205768e+01 6.591971785266879102e-01 2.519340017842406493e-02
1.653931920034971981e+01 4.897193293397488212e-01 2.145631852508535567e-02
1.884299628142029093e+01 3.829622001053440972e-01 1.897162041817950645e-02
2.146754074702852577e+01 2.869822805410697786e-01 1.698484569677463987e-02
2.445764457215044274e+01 2.195026158317987530e-01 1.559257634643953366e-02
2.786422464810916466e+01 1.657601322152126855e-01 1.454509061986717852e-02
3.174528981929791982e+01 1.114620852911176740e-01 1.362097000265623421e-02
3.616692868500850011e+01 7.837152722808493621e-02 1.303589808014533197e-02
4.120443498711833286e+01 5.316939442463208820e-02 1.260551453327751932e-02
4.694358974726586098e+01 3.428530121293782429e-02 1.229232315336278511e-02
