1.069642439726958605e+00 -1.581666795107929069e+00 nan
1.218627458003121777e+00 -8.469256889818532752e-01 2.973269243335750489e-01
1.388363836590320144e+00 -1.139588950093837649e+00 nan
1.581741926207981042e+00 -3.437549700935309538e-01 4.255341212604552559e-01
1.802054659727066133e+00 7.799706118298239677e-01 5.766130235359446798e-01
2.053053625776520175e+00 2.400314676847424167e+00 6.543750508516277264e-01
2.339012952555230562e+00 5.215252157708347269e+00 7.278922136954818489e-01
2.664802089693036891e+00 7.753017347521696578e+00 7.229020225589075643e-01
3.035968727524477995e+00 9.045192562230241151e+00 6.454881815595554517e-01
3.458833265763586962e+00 8.147886859599376308e+00 5.113461268259291703e-01
3.940596440236666886e+00 7.420667304339604087e+00 4.078185967203157847e-01
4.489461940391565875e+00 5.821168578703188601e+00 3.040256711989911542e-01
5.114776105571953835e+00 4.808680419933259564e+00 2.336845721698272704e-01
5.827187078870319503e+00 4.060901221936241257e+00 1.827074359333718534e-01
6.638826128706195817e+00 3.200547039411272721e+00 1.392335520291101414e-01
7.563514225758552811e+00 2.548490224074325461e+00 1.077548021081389806e-01
8.616997392941321721e+00 2.008487688466948473e+00 8.389920967529974904e-02
9.817214836071872952e+00 1.614181916776114889e+00 6.669565502024495107e-02
1.118460442108735009e+01 1.279406579621388484e+00 5.353437127387751515e-02
1.274245069961824761e+01 9.870421536545330721e-01 4.326174667352652298e-02
1.451728140926205768e+01 7.688576794097998768e-01 3.582352333407502060e-02
1.653931920034971981e+01 5.959995125776975655e-01 3.026002085334723868e-02
1.884299628142029093e+01 4.499295718888913775e-01 2.595709772680404939e-02
2.146754074702852577e+01 3.522022188149100952e-01 2.300850591853383434e-02
2.445764457215044274e+01 2.484994608114938774e-01 2.042485105645046664e-02
2.786422464810916466e+01 1.878173777778733289e-01 1.879115136406711573e-02
3.174528981929791982e+01 1.360816736282481898e-01 1.751806304676133130e-02
3.616692868500850011e+01 9.430900507509432096e-02 1.655222417654385325e-02
4.120443498711833286e+01 6.392144368569319113e-02 1.586405378474779748e-02
4.694358974726586098e+01 4.630325682442926194e-02 1.543920653971719154e-02
