1.069642439726958605e+00 -1.356211092534549412e+00 nan
1.218627458003121777e+00 -9.730047997358439726e-01 1.272489209127199983e-01
1.388363836590320144e+00 -1.090723543463727907e+00 nan
1.581741926207981042e+00 -5.099931203208671882e-01 3.747239312776391995e-01
1.802054659727066133e+00 4.163464838988955030e-01 5.240904092352739463e-01
2.053053625776520175e+00 2.336249795662249440e+00 6.605241622956428138e-01
2.339012952555230562e+00 5.673885490403532295e+00 7.690257190604187221e-01
2.664802089693036891e+00 6.263683870825516919e+00 6.692455672607928729e-01
3.035968727524477995e+00 8.436304434539197317e+00 6.363434390611227842e-01
3.458833265763586962e+00 8.167868421843699878e+00 5.214180808896476949e-01
3.940596440236666886e+00 7.282009602314840180e+00 4.115537278904056739e-01
4.489461940391565875e+00 6.274906527465515360e+00 3.207631376582696925e-01
5.114776105571953835e+00 5.300878987972325262e+00 2.490661517338779440e-01
5.827187078870319503e+00 4.053687893166072698e+00 1.857739055417237661e-01
6.638826128706195817e+00 3.157188639620105874e+00 1.407792532729385537e-01
7.563514225758552811e+00 2.534712660182226074e+00 1.093255897462787896e-01
8.616997392941321721e+00 2.077902602892180539e+00 8.653103436090485434e-02
9.817214836071872952e+00 1.621195146726927439e+00 6.788831407205914159e-02
1.118460442108735009e+01 1.283011202769671844e+00 5.442519939569468584e-02
1.274245069961824761e+01 1.020580407280033519e+00 4.443899374831850047e-02
1.451728140926205768e+01 7.711789238461017604e-01 3.637126773136890173e-02
1.653931920034971981e+01 6.214320323692597015e-01 3.105589207683611547e-02
1.884299628142029093e+01 4.768059157607735798e-01 2.669300286481654169e-02
2.146754074702852577e+01 3.498924588944238856e-01 2.325651116934873350e-02
2.445764457215044274e+01 2.606578894226208032e-01 2.084202719691399808e-02
2.786422464810916466e+01 1.864238430055749074e-01 1.898078175982587795e-02
3.174528981929791982e+01 1.384883253222011223e-01 1.774154444244535264e-02
3.616692868500850011e+01 9.151736711291347248e-02 1.668409365587315493e-02
4.120443498711833286e+01 6.361864094911218181e-02 1.602096533029599701e-02
4.694358974726586098e+01 4.052200763729318922e-02 1.550914516577085213e-02
