1.069642439726958605e+00 -1.356751989158620830e+00 nan
1.218627458003121777e+00 -1.008040649030622848e+00 nan
1.388363836590320144e+00 -7.960839221617761474e-01 1.946861072172593465e-01
1.581741926207981042e+00 3.522989391678237325e-01 4.085329440799839174e-01
1.802054659727066133e+00 2.296275149093267132e+00 5.254303560566598863e-01
2.053053625776520175e+00 4.683337846121461645e+00 5.678765264619173303e-01
2.339012952555230562e+00 6.634688302009753791e+00 5.426696927363945377e-01
2.664802089693036891e+00 8.537507417542787636e+00 5.092244750313965618e-01
3.035968727524477995e+00 7.913609990345648271e+00 4.097779263423780294e-01
3.458833265763586962e+00 7.226883011825661285e+00 3.278427415839270109e-01
3.940596440236666886e+00 6.523858748227628901e+00 2.614911433193434220e-01
4.489461940391565875e+00 5.300686656366152327e+00 1.991766066310692307e-01
5.114776105571953835e+00 4.213463577451276976e+00 1.512039252844759041e-01
5.827187078870319503e+00 3.309369458844965806e+00 1.151296716647239177e-01
6.638826128706195817e+00 2.707826695712583387e+00 9.005052118459826171e-02
7.563514225758552811e+00 2.185383620117824499e+00 7.082914438338480667e-02
8.616997392941321721e+00 1.753913681918435330e+00 5.624040438660144609e-02
9.817214836071872952e+00 1.346963348937829430e+00 4.449375635698538112e-02
1.118460442108735009e+01 1.080856440887821845e+00 3.646802068266885577e-02
1.274245069961824761e+01 8.496708633066980543e-01 3.020424400126015679e-02
1.451728140926205768e+01 6.818944515654878913e-01 2.572576463194320776e-02
1.653931920034971981e+01 5.231468991914505207e-01 2.206621006662156173e-02
1.884299628142029093e+01 4.122054797064012011e-01 1.949470771636340610e-02
2.146754074702852577e+01 3.044531916214097134e-01 1.734090052299687781e-02
2.445764457215044274e+01 2.326057767568099344e-01 1.587826960653515238e-02
2.786422464810916466e+01 1.756965391811255994e-01 1.477988676356046562e-02
3.174528981929791982e+01 1.230030914754836058e-01 1.386392619681607423e-02
3.616692868500850011e+01 8.229902131687016897e-02 1.318205512285326730e-02
4.120443498711833286e+01 5.830905412408005084e-02 1.276092480709923455e-02
4.694358974726586098e+01 3.843161034855335778e-02 1.243244982890899172e-02
