1.069642439726958605e+00 -1.379454342984409720e+00 nan
1.218627458003121777e+00 -3.741157556270096052e-01 1.856752377764443196e+01
1.388363836590320144e+00 -2.371178786475220956e-01 1.739705226870118793e+01
1.581741926207981042e+00 -1.132812500000000000e+00 nan
1.802054659727066133e+00 -1.439718704587917841e+00 nan
2.053053625776520175e+00 -9.368114628364245799e-01 2.747265422587850114e+00
2.339012952555230562e+00 -1.097594895287958394e+00 nan
2.664802089693036891e+00 -9.627852446335329883e-01 1.433445615065090717e+00
3.035968727524477995e+00 -1.296471968766450100e+00 nan
3.458833265763586962e+00 -1.285769470775265155e+00 nan
3.940596440236666886e+00 -1.206103025199975587e+00 nan
4.489461940391565875e+00 -1.100571091712498006e+00 nan
5.114776105571953835e+00 9.482132960994407611e+00 9.090720450891666360e+00
5.827187078870319503e+00 1.117110603788955991e+01 8.082459875497185919e+00
6.638826128706195817e+00 1.447577276011990399e+01 7.535692685535092750e+00
7.563514225758552811e+00 1.355988229545521939e+01 6.047283732673958134e+00
8.616997392941321721e+00 1.150778333312106838e+01 4.633019250081376050e+00
9.817214836071872952e+00 4.481417883732068397e+00 2.500307400050373552e+00
1.118460442108735009e+01 3.291102216708466699e+00 1.824073617707690165e+00
1.274245069961824761e+01 3.854780506794146966e+00 1.613173434709977316e+00
1.451728140926205768e+01 2.312158179123553037e+00 1.096443107860355592e+00
1.653931920034971981e+01 2.070551551816224300e+00 8.776713721478103247e-01
1.884299628142029093e+01 2.364887987718842233e+00 7.732249803079729311e-01
2.146754074702852577e+01 1.470749637347505079e+00 5.478843872022188810e-01
2.445764457215044274e+01 7.846691139884596211e-01 3.846801331889586062e-01
2.786422464810916466e+01 7.257967613212894520e-01 3.201528376621391447e-01
3.174528981929791982e+01 4.492309428219145584e-01 2.466167674104590424e-01
3.616692868500850011e+01 1.335127996860123734e-01 1.824540946951287157e-01
4.120443498711833286e+01 1.423895287424821188e-01 1.594812185847989672e-01
4.694358974726586098e+01 7.449192801368975658e-02 1.351262470075547673e-01
