1.069642439726958605e+00 -9.739858410591599736e-01 1.652543630998651036e-01
1.218627458003121777e+00 -6.187445563247575553e-01 4.807916768822478315e-01
1.388363836590320144e+00 -9.481238024370830519e-01 1.505040885965180097e-01
1.581741926207981042e+00 -1.660776264519494561e-01 4.915171570514188515e-01
1.802054659727066133e+00 7.319812097765572290e-01 5.827425629806510798e-01
2.053053625776520175e+00 2.259026721030455764e+00 6.562680808822238809e-01
2.339012952555230562e+00 5.432757130536549184e+00 7.587844074510875503e-01
2.664802089693036891e+00 6.637436062840404105e+00 6.903035089748436048e-01
3.035968727524477995e+00 8.529937871437525132e+00 6.429731384063919197e-01
3.458833265763586962e+00 8.055646405967177515e+00 5.206840316531859969e-01
3.940596440236666886e+00 7.110657509014050248e+00 4.089927449166433360e-01
4.489461940391565875e+00 6.297943709526419909e+00 3.229468888758803002e-01
5.114776105571953835e+00 5.186947673614945131e+00 2.477293424477686468e-01
5.827187078870319503e+00 4.090837209902652205e+00 1.874797455612369490e-01
6.638826128706195817e+00 3.223536548581663386e+00 1.427943444470607670e-01
7.563514225758552811e+00 2.623954871242125897e+00 1.115312221512985147e-01
8.616997392941321721e+00 2.012382387535798678e+00 8.575623531988715853e-02
9.817214836071872952e+00 1.659049888446368692e+00 6.883973799759486589e-02
1.118460442108735009e+01 1.272493331839789743e+00 5.448881621511355439e-02
1.274245069961824761e+01 1.017808405306757535e+00 4.458025258585229800e-02
1.451728140926205768e+01 7.807823305972743100e-01 3.666511875573764262e-02
1.653931920034971981e+01 6.153831514853520535e-01 3.108215304006965024e-02
1.884299628142029093e+01 4.559237868159544682e-01 2.647734550097883069e-02
2.146754074702852577e+01 3.702697019644145549e-01 2.363777869001860987e-02
2.445764457215044274e+01 2.702140081691157825e-01 2.105066685137687785e-02
2.786422464810916466e+01 1.973337234478036439e-01 1.919998991776702621e-02
3.174528981929791982e+01 1.493742947554785871e-01 1.795406702019107861e-02
3.616692868500850011e+01 9.649663166737898479e-02 1.680546761401692166e-02
4.120443498711833286e+01 6.361170376544089677e-02 1.606643748956354187e-02
4.694358974726586098e+01 4.393867943213125571e-02 1.560228705111524165e-02
