1.069642439726958605e+00 -1.189137092266273843e+00 nan
1.218627458003121777e+00 -8.680104216216950608e-01 4.682226398971435777e-01
1.388363836590320144e+00 -1.092871539226200284e+00 nan
1.581741926207981042e+00 -8.563391232908865724e-01 3.375845901479443412e-01
1.802054659727066133e+00 -6.465314972241698044e-01 4.353906952029009680e-01
2.053053625776520175e+00 2.120311219316621809e-01 6.610980411738993645e-01
2.339012952555230562e+00 2.975269320426604747e+00 9.825832038681724390e-01
2.664802089693036891e+00 5.355794780326698756e+00 1.035566580793787272e+00
3.035968727524477995e+00 7.753430535298685200e+00 1.009321618914145624e+00
3.458833265763586962e+00 9.055218849174529794e+00 8.985008875213271740e-01
3.940596440236666886e+00 8.721630421132831046e+00 7.325614674281367700e-01
4.489461940391565875e+00 7.950981253100456669e+00 5.836138402422655913e-01
5.114776105571953835e+00 6.382009760187264291e+00 4.395291196262778866e-01
5.827187078870319503e+00 4.959571551342269125e+00 3.279568790586939731e-01
6.638826128706195817e+00 4.270184462899901945e+00 2.579056958072600270e-01
7.563514225758552811e+00 3.147609145036045941e+00 1.905312884174008847e-01
8.616997392941321721e+00 2.637234944465409736e+00 1.503344299976378806e-01
9.817214836071872952e+00 1.955154203315516481e+00 1.136862326783380228e-01
1.118460442108735009e+01 1.644174261444319551e+00 9.178594917389978902e-02
1.274245069961824761e+01 1.240126860066778525e+00 7.195462088735327111e-02
1.451728140926205768e+01 9.576828015783642734e-01 5.802317125149055593e-02
1.653931920034971981e+01 7.913118976642481428e-01 4.877029928035215428e-02
1.884299628142029093e+01 5.428710653158428379e-01 3.955276502346784240e-02
2.146754074702852577e+01 4.438333776984910717e-01 3.455398854349096133e-02
2.445764457215044274e+01 3.405529217512515139e-01 3.035895354222518938e-02
2.786422464810916466e+01 2.326858339551280963e-01 2.673289919172436996e-02
3.174528981929791982e+01 1.847959241696974786e-01 2.471818054037649287e-02
3.616692868500850011e+01 1.232080568746833915e-01 2.278280882556103434e-02
4.120443498711833286e+01 9.044660029774487242e-02 2.162848401176264979e-02
4.694358974726586098e+01 5.261717715043157106e-02 2.054736432649828179e-02
