1.069642439726958605e+00 -4.302921885535644364e-01 8.005603843148158205e+00
1.218627458003121777e+00 -6.519644827281039223e-01 4.755026077185177336e+00
1.388363836590320144e+00 -9.546916470843194169e-01 1.456018973242208192e+00
1.581741926207981042e+00 -1.141422018348623890e+00 nan
1.802054659727066133e+00 -1.323572629810704893e+00 nan
2.053053625776520175e+00 -1.046978720355560277e+00 nan
2.339012952555230562e+00 -8.870106633363754600e-01 1.033040878505642857e+00
2.664802089693036891e+00 -1.093536501200236266e+00 nan
3.035968727524477995e+00 4.904428449238007914e+00 5.122706479465293228e+00
3.458833265763586962e+00 3.094115216152991010e+00 3.510936842926818624e+00
3.940596440236666886e+00 9.778015361876811085e+00 4.699323075595026822e+00
4.489461940391565875e+00 7.273873806577757506e+00 3.383080361585037110e+00
5.114776105571953835e+00 1.200470287143994597e+01 3.515928352727656137e+00
5.827187078870319503e+00 9.661829322669380105e+00 2.627057044327957502e+00
6.638826128706195817e+00 8.812058760274309677e+00 2.084125124750947577e+00
7.563514225758552811e+00 7.219664607684379121e+00 1.578985103633330889e+00
8.616997392941321721e+00 6.015569978473677359e+00 1.209128740058978746e+00
9.817214836071872952e+00 5.026458097590944973e+00 9.303878745845808318e-01
1.118460442108735009e+01 3.848585442389524935e+00 6.924118339375803233e-01
1.274245069961824761e+01 2.906472394126716985e+00 5.159772981796472147e-01
1.451728140926205768e+01 2.142863330085089224e+00 3.852521654716053456e-01
1.653931920034971981e+01 1.495099533083975363e+00 2.859021412966101239e-01
1.884299628142029093e+01 1.317553573216772467e+00 2.334457809505277315e-01
2.146754074702852577e+01 9.599814827742454426e-01 1.813332927142169426e-01
2.445764457215044274e+01 6.631773130470417499e-01 1.418142095658440072e-01
2.786422464810916466e+01 5.760123969686534728e-01 1.202171788151297355e-01
3.174528981929791982e+01 3.232960789677852276e-01 9.463408571806047886e-02
3.616692868500850011e+01 1.659128819776620745e-01 7.766819470718031027e-02
4.120443498711833286e+01 1.214554537720291538e-01 6.888658642518773190e-02
4.694358974726586098e+01 7.425690315917976569e-02 6.181695680144395910e-02
