1.069642439726958605e+00 -1.104342779139347641e+00 nan
1.218627458003121777e+00 -1.057708753177476702e+00 nan
1.388363836590320144e+00 -5.693192334847321234e-01 2.836544813422864908e-01
1.581741926207981042e+00 4.522953913609448762e-01 4.244317345612922399e-01
1.802054659727066133e+00 2.787487902050399757e+00 5.648309462797149738e-01
2.053053625776520175e+00 4.622365032030391063e+00 5.661585707255176736e-01
2.339012952555230562e+00 7.294181396302882092e+00 5.676642503659995453e-01
2.664802089693036891e+00 7.572156054517450663e+00 4.827329159207195963e-01
3.035968727524477995e+00 7.715097292827165276e+00 4.058559691298518346e-01
3.458833265763586962e+00 7.165856721945218055e+00 3.272863224782947555e-01
3.940596440236666886e+00 6.281328589417290331e+00 2.573611283135922023e-01
4.489461940391565875e+00 4.961093250461491522e+00 1.934512279543851576e-01
5.114776105571953835e+00 4.034907506441939518e+00 1.485066535987300818e-01
5.827187078870319503e+00 3.371165187551025788e+00 1.163710545722084211e-01
6.638826128706195817e+00 2.653818737427845686e+00 8.943278402439755470e-02
7.563514225758552811e+00 2.110040954906245769e+00 6.990156651160707446e-02
8.616997392941321721e+00 1.728519355327462481e+00 5.600920815080258353e-02
9.817214836071872952e+00 1.327784444246185025e+00 4.432946487679838288e-02
1.118460442108735009e+01 1.052499575540464249e+00 3.617584559428512619e-02
1.274245069961824761e+01 8.196307375796769712e-01 2.988547530071119021e-02
1.451728140926205768e+01 6.463541234069201113e-01 2.533636731315059079e-02
1.653931920034971981e+01 4.988352868192813538e-01 2.180949136560375937e-02
1.884299628142029093e+01 3.868150592990153847e-01 1.922184253085758993e-02
2.146754074702852577e+01 2.808794800710776585e-01 1.708665375472543171e-02
2.445764457215044274e+01 2.069210039496292008e-01 1.559677915200487902e-02
2.786422464810916466e+01 1.537800429144378089e-01 1.454119368824164510e-02
3.174528981929791982e+01 1.120550473055861307e-01 1.375320391001951144e-02
3.616692868500850011e+01 7.614511267391765870e-02 1.312666500145523441e-02
4.120443498711833286e+01 5.463621478031321921e-02 1.273397856693505963e-02
4.694358974726586098e+01 3.494889400484679776e-02 1.240712139167035946e-02
