1.069642439726958605e+00 -1.343292422878263448e+00 nan
1.218627458003121777e+00 -9.546692207703357802e-01 2.733197468979066125e-01
1.388363836590320144e+00 -1.192970051146610366e+00 nan
1.581741926207981042e+00 -7.952127659574468321e-01 4.014824601054903797e-01
1.802054659727066133e+00 -7.688904066722206387e-01 3.506640666609959767e-01
2.053053625776520175e+00 7.041292384771373758e-01 7.810193463090362442e-01
2.339012952555230562e+00 2.687109983162854654e+00 9.424075288127461425e-01
2.664802089693036891e+00 5.713965446727019781e+00 1.060602495990626837e+00
3.035968727524477995e+00 8.076633511466937421e+00 1.024316773801146052e+00
3.458833265763586962e+00 7.774391731272508821e+00 8.337521312243282301e-01
3.940596440236666886e+00 9.151865607761459742e+00 7.467813422989654226e-01
4.489461940391565875e+00 7.516119173763136985e+00 5.659772446753825736e-01
5.114776105571953835e+00 6.481514762101505234e+00 4.411306599754185598e-01
5.827187078870319503e+00 5.150048452022109480e+00 3.325460327610341160e-01
6.638826128706195817e+00 4.153436477580025432e+00 2.536921451484306367e-01
7.563514225758552811e+00 3.322899427913486914e+00 1.945019602723285501e-01
8.616997392941321721e+00 2.676800416925418258e+00 1.507881854797269716e-01
9.817214836071872952e+00 2.012053704103649920e+00 1.146418965331180012e-01
1.118460442108735009e+01 1.601391850220989621e+00 9.052056740503393317e-02
1.274245069961824761e+01 1.311777300025221749e+00 7.325643419762853381e-02
1.451728140926205768e+01 1.014242478533486480e+00 5.901057515277858406e-02
1.653931920034971981e+01 7.429350713631850400e-01 4.765429242159376078e-02
1.884299628142029093e+01 5.921554158928119538e-01 4.040628166282940470e-02
2.146754074702852577e+01 4.202521500024696266e-01 3.400539737492110082e-02
2.445764457215044274e+01 3.241519984385390352e-01 2.996822888931155449e-02
2.786422464810916466e+01 2.536972032293351997e-01 2.706489332554802216e-02
3.174528981929791982e+01 1.703057890296961752e-01 2.438760477077942315e-02
3.616692868500850011e+01 1.244262793655246391e-01 2.275461319262908969e-02
4.120443498711833286e+01 9.227799330648855936e-02 2.161600042149016895e-02
4.694358974726586098e+01 6.022392971656120864e-02 2.064660280296206143e-02
