1.069642439726958605e+00 -1.308592545951867248e+00 nan
1.218627458003121777e+00 -5.257297627139603247e-01 3.523463110875174609e-01
1.388363836590320144e+00 -7.573420046068097822e-01 2.138833835977370923e-01
1.581741926207981042e+00 6.635259772285160285e-01 4.563973979813827908e-01
1.802054659727066133e+00 3.102170237467724245e+00 5.906826179415648470e-01
2.053053625776520175e+00 5.245786205305600802e+00 5.999091188011844711e-01
2.339012952555230562e+00 6.617371519300235150e+00 5.458227227219247801e-01
2.664802089693036891e+00 7.951291858806071922e+00 4.959963539525554799e-01
3.035968727524477995e+00 8.268152989536343256e+00 4.212551922755201073e-01
3.458833265763586962e+00 6.691528435402897657e+00 3.182400661092789629e-01
3.940596440236666886e+00 6.315501449151157409e+00 2.591552772737987231e-01
4.489461940391565875e+00 5.173486125352505738e+00 1.981782717328712806e-01
5.114776105571953835e+00 4.035369699663410081e+00 1.491447470112947926e-01
5.827187078870319503e+00 3.320610790220597242e+00 1.160459239779473156e-01
6.638826128706195817e+00 2.748139999858480564e+00 9.122023333491310892e-02
7.563514225758552811e+00 2.159819058678536852e+00 7.089416984158566915e-02
8.616997392941321721e+00 1.698318569225964136e+00 5.581089843536259087e-02
9.817214836071872952e+00 1.350177439138172231e+00 4.479037320519094201e-02
1.118460442108735009e+01 1.050302488267488510e+00 3.627720108612971645e-02
1.274245069961824761e+01 8.196497663335780004e-01 2.998798338959199339e-02
1.451728140926205768e+01 6.243434839905768197e-01 2.514924081913160608e-02
1.653931920034971981e+01 4.927572171087508668e-01 2.180354561686079912e-02
1.884299628142029093e+01 3.935730187687509485e-01 1.935930891599370318e-02
2.146754074702852577e+01 2.892501699933045511e-01 1.723433804531062513e-02
2.445764457215044274e+01 2.139613507528612679e-01 1.572230167297544376e-02
2.786422464810916466e+01 1.535019166713522676e-01 1.457556448749516148e-02
3.174528981929791982e+01 1.092844728206576743e-01 1.375496664778726522e-02
3.616692868500850011e+01 7.770931660806712493e-02 1.317737504280006716e-02
4.120443498711833286e+01 5.302704051292095322e-02 1.274562738933027357e-02
4.694358974726586098e+01 3.609240194847584959e-02 1.245013754580062519e-02
