1.069642439726958605e+00 -1.255982515405605682e+00 nan
1.218627458003121777e+00 -1.102783905824442634e+00 nan
1.388363836590320144e+00 -1.107145561629262254e+00 nan
1.581741926207981042e+00 -4.089167471638945894e-01 4.148089258494064846e-01
1.802054659727066133e+00 3.485740784374273815e-01 5.153927109052994782e-01
2.053053625776520175e+00 2.700589768468540708e+00 7.013110803547079053e-01
2.339012952555230562e+00 5.566351508967367856e+00 7.686510158298340833e-01
2.664802089693036891e+00 7.453134268141159424e+00 7.290368349524888325e-01
3.035968727524477995e+00 8.450955039402050062e+00 6.417460709061865165e-01
3.458833265763586962e+00 8.584388720945968387e+00 5.379736666014051094e-01
3.940596440236666886e+00 7.499199648564729870e+00 4.205179232957792501e-01
4.489461940391565875e+00 6.448113695688343583e+00 3.273901751100711799e-01
5.114776105571953835e+00 5.422849369740222691e+00 2.536362426050413621e-01
5.827187078870319503e+00 4.203918217413839642e+00 1.903181983823086787e-01
6.638826128706195817e+00 3.164499062170652799e+00 1.419304731621153781e-01
7.563514225758552811e+00 2.570317566496757244e+00 1.107648159614295774e-01
8.616997392941321721e+00 2.069917297082483287e+00 8.697655879136544088e-02
9.817214836071872952e+00 1.668855176535735785e+00 6.915228760503380756e-02
1.118460442108735009e+01 1.328104408078077503e+00 5.551334785406832062e-02
1.274245069961824761e+01 9.711909086538168534e-01 4.392612475138915618e-02
1.451728140926205768e+01 8.046913758589868682e-01 3.710391174752967341e-02
1.653931920034971981e+01 5.889525983299919165e-01 3.073652575198321246e-02
1.884299628142029093e+01 4.600894794139798183e-01 2.658466725612708761e-02
2.146754074702852577e+01 3.553343079438562313e-01 2.345460432206792484e-02
2.445764457215044274e+01 2.675374214315813237e-01 2.104356939438548069e-02
2.786422464810916466e+01 1.993098450086367990e-01 1.925717770447600216e-02
3.174528981929791982e+01 1.395996091699216457e-01 1.783635352257181145e-02
3.616692868500850011e+01 1.008642122143914577e-01 1.689235862565179394e-02
4.120443498711833286e+01 6.748797176165877154e-02 1.614455949386932668e-02
4.694358974726586098e+01 4.206112522656990649e-02 1.559532921402881703e-02
