1.069642439726958605e+00 -2.703718289966863697e+00 nan
1.218627458003121777e+00 -7.823896165006665182e-01 1.136107483831114173e+01
1.388363836590320144e+00 -2.837498164235925380e-01 1.749253509698704079e+01
1.581741926207981042e+00 -1.042960088691795573e+00 nan
1.802054659727066133e+00 -1.071375767733180773e+00 nan
2.053053625776520175e+00 -7.779156222046113012e-01 5.344608745114996395e+00
2.339012952555230562e+00 -6.065836100114927465e-01 5.824603910918086491e+00
2.664802089693036891e+00 -8.223736032564346043e-01 3.249783671742017876e+00
3.035968727524477995e+00 -4.833178371044983823e-01 4.572409678571237812e+00
3.458833265763586962e+00 -1.141325058542238313e+00 nan
3.940596440236666886e+00 -8.780821525963498075e-01 1.501481104637946373e+00
4.489461940391565875e+00 3.244402258761120983e+00 7.281472756120559886e+00
5.114776105571953835e+00 -9.375384384233984569e-01 7.251129771820207237e-01
5.827187078870319503e+00 2.182126105295268914e+01 1.155191930875495210e+01
6.638826128706195817e+00 1.568162435838939217e+01 8.123013738936272432e+00
7.563514225758552811e+00 1.544106271419260956e+01 6.679289624221037336e+00
8.616997392941321721e+00 1.074002310232590673e+01 4.647411147960078814e+00
9.817214836071872952e+00 1.004478952805375513e+01 3.736025530480739931e+00
1.118460442108735009e+01 3.571878520291231762e+00 1.954720281894373857e+00
1.274245069961824761e+01 2.450192514001019894e+00 1.398240152869145270e+00
1.451728140926205768e+01 3.159943376807422322e+00 1.282930489994373868e+00
1.653931920034971981e+01 2.664017211039361843e+00 1.000726233499214635e+00
1.884299628142029093e+01 1.523585060114241330e+00 6.830744013952048110e-01
2.146754074702852577e+01 1.285464323140543819e+00 5.429238880931043232e-01
2.445764457215044274e+01 1.315405868494321062e+00 4.624648400431264905e-01
2.786422464810916466e+01 6.129977534140860218e-01 3.181982752431189998e-01
3.174528981929791982e+01 5.234786178192469830e-01 2.627670588027624099e-01
3.616692868500850011e+01 3.291355515055698344e-01 2.082913041074101190e-01
4.120443498711833286e+01 2.027020270775132804e-01 1.702121658208132216e-01
4.694358974726586098e+01 2.432651626950810275e-02 1.346330475729643761e-01
