1.069642439726958605e+00 -8.365881789720239770e-01 1.284845534562542113e+01
1.218627458003121777e+00 -6.061490978577332989e-02 2.341025059467685310e+01
1.388363836590320144e+00 -7.824291019018283500e-01 9.561410057288602715e+00
1.581741926207981042e+00 -2.208012644310060502e+00 nan
1.802054659727066133e+00 -7.119121701441535333e-01 7.365859751058787985e+00
2.053053625776520175e+00 -1.299897064170795424e+00 nan
2.339012952555230562e+00 -9.017227260821636392e-01 2.887118666342668227e+00
2.664802089693036891e+00 -1.338918072827389949e+00 nan
3.035968727524477995e+00 -1.122222381924975476e+00 nan
3.458833265763586962e+00 -8.949644650517314393e-01 1.682708683824277740e+00
3.940596440236666886e+00 4.813966293605549396e+00 1.029374169693378427e+01
4.489461940391565875e+00 7.315280882006122809e+00 1.011883370094181167e+01
5.114776105571953835e+00 7.141795496476948557e+00 8.236746441097174909e+00
5.827187078870319503e+00 2.707542130029816718e+01 1.274681462115872854e+01
6.638826128706195817e+00 1.414546101607084161e+01 7.667018996580023504e+00
7.563514225758552811e+00 7.613152002290412668e+00 4.748765302521131382e+00
8.616997392941321721e+00 7.708335421824257239e+00 3.948308745397468567e+00
9.817214836071872952e+00 6.423158445185757515e+00 3.008990855772401218e+00
1.118460442108735009e+01 6.937137634418363064e+00 2.588945533667069476e+00
1.274245069961824761e+01 3.619622093417420139e+00 1.615933380771759298e+00
1.451728140926205768e+01 2.598660114870775750e+00 1.178105437063624139e+00
1.653931920034971981e+01 4.003942613898213487e+00 1.179170683621794780e+00
1.884299628142029093e+01 1.619083130837084106e+00 6.915934640173648784e-01
2.146754074702852577e+01 1.782976926376285576e+00 6.020930360292711114e-01
2.445764457215044274e+01 9.373437140022256031e-01 4.140343181178091636e-01
2.786422464810916466e+01 9.364171609801363871e-01 3.519321243226526952e-01
3.174528981929791982e+01 3.188966441785205941e-01 2.390017584661144334e-01
3.616692868500850011e+01 3.223772873227015445e-01 2.061364155311457558e-01
4.120443498711833286e+01 1.202996413185219993e-01 1.612703575745481621e-01
4.694358974726586098e+01 1.395279336321544328e-01 1.440933355502756474e-01
