1.069642439726958605e+00 -1.003013810429848718e+00 nan
1.218627458003121777e+00 -1.015403992799861044e+00 nan
1.388363836590320144e+00 -4.944205273645825294e-01 3.096367449351982715e-01
1.581741926207981042e+00 2.719486114497382534e-01 4.001320024883213144e-01
1.802054659727066133e+00 2.356021639971066506e+00 5.354585556668360891e-01
2.053053625776520175e+00 4.588534934658893505e+00 5.686198441078171850e-01
2.339012952555230562e+00 6.679778180674468935e+00 5.496557960328023462e-01
2.664802089693036891e+00 7.852530892408795538e+00 4.945024113228529972e-01
3.035968727524477995e+00 8.235136742160277024e+00 4.216113817678426301e-01
3.458833265763586962e+00 7.605849449669321416e+00 3.391741340381478897e-01
3.940596440236666886e+00 6.368989821031945553e+00 2.609068563099461446e-01
4.489461940391565875e+00 5.000730777197334831e+00 1.955336247123993509e-01
5.114776105571953835e+00 4.166384238244752680e+00 1.517816639491460229e-01
5.827187078870319503e+00 3.313229748713427902e+00 1.162259895809813065e-01
6.638826128706195817e+00 2.739314364938959301e+00 9.131647369965002758e-02
7.563514225758552811e+00 2.146918925540001410e+00 7.088281628519907396e-02
8.616997392941321721e+00 1.705195252384745119e+00 5.603847793984507303e-02
9.817214836071872952e+00 1.377191030241875058e+00 4.525029049958052135e-02
1.118460442108735009e+01 1.078781881559546907e+00 3.672229549747531990e-02
1.274245069961824761e+01 8.409492662021529341e-01 3.031759087533510491e-02
1.451728140926205768e+01 6.684219856896980172e-01 2.574064251714617418e-02
1.653931920034971981e+01 5.255258504315261092e-01 2.224185877640464520e-02
1.884299628142029093e+01 3.984262822233417545e-01 1.945270074816464120e-02
2.146754074702852577e+01 3.117674845535234329e-01 1.753281047118153066e-02
2.445764457215044274e+01 2.279008779885989266e-01 1.591414244312978205e-02
2.786422464810916466e+01 1.655086791073125951e-01 1.474137241621840781e-02
3.174528981929791982e+01 1.157158093414485389e-01 1.385256591308273340e-02
3.616692868500850011e+01 8.295000897961357644e-02 1.325944345908456820e-02
4.120443498711833286e+01 5.715980152775590462e-02 1.281355409227634586e-02
4.694358974726586098e+01 3.175868988916552560e-02 1.241712271489663066e-02
