1.069642439726958605e+00 -1.982283429343073777e+00 nan
1.218627458003121777e+00 -7.222447071061610657e-01 1.240221074047065564e+01
1.388363836590320144e+00 -1.728948190370624083e+00 nan
1.581741926207981042e+00 -1.467528119978575685e+00 nan
1.802054659727066133e+00 -4.455128401142225414e-01 9.956213116660444840e+00
2.053053625776520175e+00 -1.315459659909426815e+00 nan
2.339012952555230562e+00 -8.027535284929490089e-01 3.985013301129213925e+00
2.664802089693036891e+00 -1.485947494457626750e+00 nan
3.035968727524477995e+00 -1.232133702028932021e+00 nan
3.458833265763586962e+00 -1.228227336267264214e+00 nan
3.940596440236666886e+00 -1.050942399847899278e+00 nan
4.489461940391565875e+00 6.694774663473539889e+00 9.482584075231399012e+00
5.114776105571953835e+00 1.225508462162346746e+01 1.026146459120115573e+01
5.827187078870319503e+00 6.009752931475236259e+00 6.131181052762452843e+00
6.638826128706195817e+00 1.093506337234528836e+01 6.614723702523386706e+00
7.563514225758552811e+00 1.681073773411650762e+01 6.733676303128001805e+00
8.616997392941321721e+00 8.261768694293458282e+00 3.972953021673435003e+00
9.817214836071872952e+00 9.484995912716287947e+00 3.515460314955714427e+00
1.118460442108735009e+01 4.769372942209660238e+00 2.133508820669423045e+00
1.274245069961824761e+01 3.706015957383717918e+00 1.590982577150241939e+00
1.451728140926205768e+01 3.203106272927497500e+00 1.248031035887521734e+00
1.653931920034971981e+01 2.579948853959110444e+00 9.562683341750468635e-01
1.884299628142029093e+01 1.951788311050138391e+00 7.206122691575294059e-01
2.146754074702852577e+01 1.472225047750381766e+00 5.494416713688295983e-01
2.445764457215044274e+01 7.715104722731263021e-01 3.840201554344446766e-01
2.786422464810916466e+01 6.499525262767578138e-01 3.125150851804490704e-01
3.174528981929791982e+01 6.030100032276159983e-01 2.630186109371970282e-01
3.616692868500850011e+01 2.878202979217368007e-01 1.981824635681672664e-01
4.120443498711833286e+01 3.360055098748591096e-01 1.775973723087595491e-01
4.694358974726586098e+01 7.197660060889710110e-02 1.351921523586643581e-01
