1.069642439726958605e+00 -1.208903826375542057e+00 nan
1.218627458003121777e+00 -6.918787223151088295e-01 2.828472226359670105e-01
1.388363836590320144e+00 -7.999001637947578125e-01 1.934415611724411566e-01
1.581741926207981042e+00 6.751051913841061847e-01 4.561495504897091213e-01
1.802054659727066133e+00 2.490670361754906192e+00 5.424277408769374587e-01
2.053053625776520175e+00 4.947385489780565138e+00 5.828593411683791192e-01
2.339012952555230562e+00 6.929994325672213407e+00 5.550167597501811656e-01
2.664802089693036891e+00 7.848960451088100143e+00 4.910904826468808770e-01
3.035968727524477995e+00 8.219904844400792499e+00 4.184539819217438228e-01
3.458833265763586962e+00 7.293984769639253685e+00 3.302510680519978870e-01
3.940596440236666886e+00 6.318655628659207935e+00 2.582349127540393141e-01
4.489461940391565875e+00 5.246863057564092436e+00 1.987672424839623531e-01
5.114776105571953835e+00 4.176864323027752235e+00 1.510050953695717957e-01
5.827187078870319503e+00 3.401917282877409132e+00 1.169213782845421046e-01
6.638826128706195817e+00 2.619395421788537348e+00 8.895871226458385017e-02
7.563514225758552811e+00 2.158150382012427926e+00 7.062526729791346325e-02
8.616997392941321721e+00 1.689914246526625696e+00 5.550844252555267588e-02
9.817214836071872952e+00 1.332910220231027232e+00 4.441778834706183038e-02
1.118460442108735009e+01 1.105090886464311417e+00 3.686249896397351261e-02
1.274245069961824761e+01 8.378256905746581662e-01 3.012480415225425243e-02
1.451728140926205768e+01 6.399186743762248497e-01 2.526810565985588425e-02
1.653931920034971981e+01 5.201300787736282683e-01 2.207472813970513467e-02
1.884299628142029093e+01 3.891889147013225525e-01 1.925732682378987135e-02
2.146754074702852577e+01 3.031063214987563814e-01 1.735688943475750465e-02
2.445764457215044274e+01 2.194651870249213488e-01 1.575066933103639114e-02
2.786422464810916466e+01 1.683931590341967155e-01 1.471871833752869813e-02
3.174528981929791982e+01 1.225633188674377649e-01 1.388167048005863567e-02
3.616692868500850011e+01 8.594395977843549694e-02 1.324639308673921864e-02
4.120443498711833286e+01 5.960747806405786164e-02 1.279650832907159794e-02
4.694358974726586098e+01 3.540737827411311045e-02 1.241624409366134593e-02
