1.069642439726958605e+00 -1.105932359069731863e+00 nan
1.218627458003121777e+00 -9.645645524282464578e-01 2.405636307491461623e-01
1.388363836590320144e+00 -1.263935436054412609e+00 nan
1.581741926207981042e+00 -8.764728986645720088e-01 3.104027028202581140e-01
1.802054659727066133e+00 -8.476390256777157628e-01 2.834294778547044591e-01
2.053053625776520175e+00 4.366224455521510173e-01 7.137783250073983510e-01
2.339012952555230562e+00 2.704069933212230215e+00 9.403358583114147518e-01
2.664802089693036891e+00 5.101021373329077235e+00 1.005854574141359814e+00
3.035968727524477995e+00 6.792924660399788372e+00 9.430509047411363976e-01
3.458833265763586962e+00 9.450649991994067634e+00 9.092592174786026105e-01
3.940596440236666886e+00 8.420457242361898409e+00 7.145566230562734322e-01
4.489461940391565875e+00 7.472059881822310956e+00 5.619506211502902637e-01
5.114776105571953835e+00 6.845265116637456515e+00 4.508990180382618784e-01
5.827187078870319503e+00 5.036774926203623437e+00 3.277085788105180142e-01
6.638826128706195817e+00 3.995736991027093676e+00 2.481819356642428753e-01
7.563514225758552811e+00 3.292852240494749338e+00 1.929097443973415149e-01
8.616997392941321721e+00 2.618880697208258113e+00 1.487457144201157211e-01
9.817214836071872952e+00 2.086122674532346011e+00 1.159276417843634888e-01
1.118460442108735009e+01 1.617869808398480824e+00 9.053979375914947281e-02
1.274245069961824761e+01 1.181496811248382794e+00 7.019414729179217216e-02
1.451728140926205768e+01 9.582745115962394422e-01 5.764520099830681282e-02
1.653931920034971981e+01 7.201416407342966508e-01 4.703292535926131140e-02
1.884299628142029093e+01 5.754830388247651474e-01 3.994760643910189729e-02
2.146754074702852577e+01 4.426605728159085373e-01 3.433007828261361999e-02
2.445764457215044274e+01 3.133677991656160788e-01 2.967418965316436646e-02
2.786422464810916466e+01 2.468985396876219873e-01 2.686041048644339027e-02
3.174528981929791982e+01 1.702767233244404377e-01 2.432145007768985248e-02
3.616692868500850011e+01 1.216608781428252239e-01 2.264406923292943200e-02
4.120443498711833286e+01 8.491952033688576762e-02 2.142442058300912666e-02
4.694358974726586098e+01 4.836701683105815164e-02 2.037478616345433230e-02
