1.069642439726958605e+00 -1.233262327568739547e+00 nan
1.218627458003121777e+00 -9.711216265046502816e-01 8.652823951200730446e-02
1.388363836590320144e+00 -4.801424968677427962e-01 3.116256893874183587e-01
1.581741926207981042e+00 2.665667515277940769e-01 3.962907673183864721e-01
1.802054659727066133e+00 2.748085291256433749e+00 5.618214585163120445e-01
2.053053625776520175e+00 4.087259685940787257e+00 5.381480431118553787e-01
2.339012952555230562e+00 7.091334431661618254e+00 5.604312472450968530e-01
2.664802089693036891e+00 7.987534409668428204e+00 4.947762364020993342e-01
3.035968727524477995e+00 7.952922091289301498e+00 4.116839441404090416e-01
3.458833265763586962e+00 7.179901523364291549e+00 3.275666233615825429e-01
3.940596440236666886e+00 6.413576933364582899e+00 2.599303774342031637e-01
4.489461940391565875e+00 5.132569186049286358e+00 1.965714673808041379e-01
5.114776105571953835e+00 4.184193971336020113e+00 1.510377750922972107e-01
5.827187078870319503e+00 3.406369211178011724e+00 1.169224868145051360e-01
6.638826128706195817e+00 2.644055571447372355e+00 8.927910114037557188e-02
7.563514225758552811e+00 2.127390250484804568e+00 7.014518399318937780e-02
8.616997392941321721e+00 1.729254757922875640e+00 5.601545262626762833e-02
9.817214836071872952e+00 1.329240730072031695e+00 4.434574159982573871e-02
1.118460442108735009e+01 1.070852898113301865e+00 3.640762033211606546e-02
1.274245069961824761e+01 8.694916286937748318e-01 3.050363169370115882e-02
1.451728140926205768e+01 6.670126771845596991e-01 2.558715707941357567e-02
1.653931920034971981e+01 5.235053740637769515e-01 2.210562429372337975e-02
1.884299628142029093e+01 4.051156660599724013e-01 1.943947680896738334e-02
2.146754074702852577e+01 3.194665000276386557e-01 1.754428138464560541e-02
2.445764457215044274e+01 2.389282052745795859e-01 1.597508426371617787e-02
2.786422464810916466e+01 1.660829963607026727e-01 1.468595201062382338e-02
3.174528981929791982e+01 1.210117637651615397e-01 1.385835226933111557e-02
3.616692868500850011e+01 8.556510510985249063e-02 1.323726311154160493e-02
4.120443498711833286e+01 6.021224234473776526e-02 1.279922209069880162e-02
4.694358974726586098e+01 4.346429606792168165e-02 1.250704909524361780e-02
