1.069642439726958605e+00 -1.109123258649312049e+00 nan
1.218627458003121777e+00 -6.864639303886956867e-01 7.166798657089420432e-01
1.388363836590320144e+00 -1.213380842610905841e+00 nan
1.581741926207981042e+00 -6.453929263001401129e-01 5.267420941645174493e-01
1.802054659727066133e+00 -6.807980435677083442e-01 4.108869899202237663e-01
2.053053625776520175e+00 8.743950991019580066e-01 8.167198554889856243e-01
2.339012952555230562e+00 2.033274391578716589e+00 8.518089803159081264e-01
2.664802089693036891e+00 4.538606189764015753e+00 9.592473589382431998e-01
3.035968727524477995e+00 8.000073613175926468e+00 1.016850056902030230e+00
3.458833265763586962e+00 8.770873715690449046e+00 8.791716606580888271e-01
3.940596440236666886e+00 8.575495066946814404e+00 7.218306780802676847e-01
4.489461940391565875e+00 7.012849164264620683e+00 5.461273182071508803e-01
5.114776105571953835e+00 6.530080020507946337e+00 4.414437084454169158e-01
5.827187078870319503e+00 5.046013539626793332e+00 3.284564677021147294e-01
6.638826128706195817e+00 4.102676547048693223e+00 2.515568798625928970e-01
7.563514225758552811e+00 3.082645775637597563e+00 1.875896790304026618e-01
8.616997392941321721e+00 2.449095800375735266e+00 1.447059934472633425e-01
9.817214836071872952e+00 1.980551593295555968e+00 1.135955572982950829e-01
1.118460442108735009e+01 1.599520871751668238e+00 9.024632971952074867e-02
1.274245069961824761e+01 1.220132326475779072e+00 7.111340303823462938e-02
1.451728140926205768e+01 9.532001908876113205e-01 5.761005260592709509e-02
1.653931920034971981e+01 7.266117177445272635e-01 4.721740234835167943e-02
1.884299628142029093e+01 5.456084763234956281e-01 3.940639055432768045e-02
2.146754074702852577e+01 4.334626388829005972e-01 3.418897106943137587e-02
2.445764457215044274e+01 3.138487847746578296e-01 2.971293002745807946e-02
2.786422464810916466e+01 2.328917594671917612e-01 2.662119072240539189e-02
3.174528981929791982e+01 1.635656708171402407e-01 2.421719526281086374e-02
3.616692868500850011e+01 1.131789096874242784e-01 2.250459313231648745e-02
4.120443498711833286e+01 7.326486711033664001e-02 2.122407573131217251e-02
4.694358974726586098e+01 5.079891278404935484e-02 2.043689480432508282e-02
