1.069642439726958605e+00 -8.574951437859101855e-01 6.385234170953586474e-01
1.218627458003121777e+00 -6.937187061632228424e-01 7.113863740541018776e-01
1.388363836590320144e+00 -1.263565139261986214e+00 nan
1.581741926207981042e+00 -9.053757462249796273e-01 2.732527536329223961e-01
1.802054659727066133e+00 -5.520076371585274089e-01 4.888857625745703372e-01
2.053053625776520175e+00 2.784055591466092494e-01 6.771934611178342944e-01
2.339012952555230562e+00 2.197204819407229337e+00 8.783822084290967558e-01
2.664802089693036891e+00 5.251748513421103048e+00 1.024256743043863160e+00
3.035968727524477995e+00 7.684824728161443907e+00 1.002641351224725419e+00
3.458833265763586962e+00 9.280836020907919703e+00 9.066343970255663631e-01
3.940596440236666886e+00 9.115624200843244651e+00 7.462896745825868816e-01
4.489461940391565875e+00 7.027135440570946301e+00 5.489135692852484816e-01
5.114776105571953835e+00 6.049439086611442917e+00 4.274773561424011770e-01
5.827187078870319503e+00 5.296654571299860947e+00 3.373743927025183997e-01
6.638826128706195817e+00 4.312827010647277248e+00 2.584690578486203427e-01
7.563514225758552811e+00 3.330949442565788399e+00 1.949433416258508356e-01
8.616997392941321721e+00 2.641390733051228068e+00 1.500826422115056069e-01
9.817214836071872952e+00 2.072332022170228605e+00 1.161945659672324327e-01
1.118460442108735009e+01 1.688864836243029632e+00 9.257837988514065752e-02
1.274245069961824761e+01 1.267323999342272245e+00 7.238170599416639261e-02
1.451728140926205768e+01 1.003374202610963550e+00 5.884652179462015326e-02
1.653931920034971981e+01 8.047912407945969626e-01 4.894248248384781147e-02
1.884299628142029093e+01 6.269823023923071226e-01 4.112671320606424430e-02
2.146754074702852577e+01 4.344705982873457994e-01 3.431026790709720831e-02
2.445764457215044274e+01 3.529181058623462874e-01 3.054220564312812997e-02
2.786422464810916466e+01 2.630534708187981519e-01 2.726372449527700997e-02
3.174528981929791982e+01 1.827297296052288189e-01 2.464045991167947494e-02
3.616692868500850011e+01 1.255631207851195530e-01 2.279273080511445490e-02
4.120443498711833286e+01 8.676977524923779050e-02 2.152798851492392432e-02
4.694358974726586098e+01 5.047720410888967280e-02 2.047810220613291432e-02
