1.069642439726958605e+00 -1.512317275841406961e+00 nan
1.218627458003121777e+00 -1.176264546982878301e+00 nan
1.388363836590320144e+00 -5.674346320325964754e-01 1.383168764506726589e+01
1.581741926207981042e+00 -3.857868020304568990e-01 1.342130159548453250e+01
1.802054659727066133e+00 -5.221502946944462931e-01 9.732738715840858035e+00
2.053053625776520175e+00 -5.730448429128320864e-01 7.540153141663927805e+00
2.339012952555230562e+00 -1.109256650809259170e+00 nan
2.664802089693036891e+00 -1.072382390272969221e+00 nan
3.035968727524477995e+00 -9.051225034581720230e-01 1.993562229210862569e+00
3.458833265763586962e+00 -7.765314894124732970e-01 2.518152529969394759e+00
3.940596440236666886e+00 1.155718744723429303e+01 1.553870161033544228e+01
4.489461940391565875e+00 3.410946065018639395e+00 7.552960710325123728e+00
5.114776105571953835e+00 1.366580510184506991e+01 1.136922408722077193e+01
5.827187078870319503e+00 6.963984374721471582e+00 6.884043792102906067e+00
6.638826128706195817e+00 1.104321133817867029e+01 6.993947562641666948e+00
7.563514225758552811e+00 7.961157638587241792e+00 4.970214261676535905e+00
8.616997392941321721e+00 8.142199924990395132e+00 4.152006001205502450e+00
9.817214836071872952e+00 9.285585182879914967e+00 3.659341936097945780e+00
1.118460442108735009e+01 5.442405952376988765e+00 2.377450875982521694e+00
1.274245069961824761e+01 4.446062678589382422e+00 1.807285953215884700e+00
1.451728140926205768e+01 3.561028753809957426e+00 1.370551963413429108e+00
1.653931920034971981e+01 2.163883872580214973e+00 9.397799516459963698e-01
1.884299628142029093e+01 1.643243761546104853e+00 7.122567005756073044e-01
2.146754074702852577e+01 1.152319938500387497e+00 5.337293043757781463e-01
2.445764457215044274e+01 9.141060166632593020e-01 4.210945739665216681e-01
2.786422464810916466e+01 4.338411297641886488e-01 3.019396146254308966e-01
3.174528981929791982e+01 1.376511183583168929e-01 2.240612809937110872e-01
3.616692868500850011e+01 1.243009473839467027e-01 1.904164082730609719e-01
4.120443498711833286e+01 2.353290952318634055e-01 1.757982517452445770e-01
4.694358974726586098e+01 1.167127125430476031e-01 1.449860957452266674e-01
