1.069642439726958605e+00 -1.550612796637372170e+00 nan
1.218627458003121777e+00 -9.017943727526291919e-01 3.990878305893736377e-01
1.388363836590320144e+00 -9.203357840736832163e-01 3.050502564026126295e-01
1.581741926207981042e+00 -1.154888231712620783e+00 nan
1.802054659727066133e+00 -9.140102239666858530e-01 2.121819391856885340e-01
2.053053625776520175e+00 5.104653551236646436e-01 7.293746896992477913e-01
2.339012952555230562e+00 2.696070551098883161e+00 9.360551835215741301e-01
2.664802089693036891e+00 5.441143099163731733e+00 1.030308935119598202e+00
3.035968727524477995e+00 8.597261490260281747e+00 1.045833160779731541e+00
3.458833265763586962e+00 8.480382393934970509e+00 8.612225204985431981e-01
3.940596440236666886e+00 8.268259454463958491e+00 7.060223010378199326e-01
4.489461940391565875e+00 8.200981821793936533e+00 5.856653329173975298e-01
5.114776105571953835e+00 6.266038078615186357e+00 4.308085489016110770e-01
5.827187078870319503e+00 5.072247654829336483e+00 3.277085721471996171e-01
6.638826128706195817e+00 3.942244407947919527e+00 2.458645519029168947e-01
7.563514225758552811e+00 3.227904298509208569e+00 1.905859065068401248e-01
8.616997392941321721e+00 2.525640825714672744e+00 1.459677261147017679e-01
9.817214836071872952e+00 2.057966424478253842e+00 1.149154977937617977e-01
1.118460442108735009e+01 1.517950038940713675e+00 8.803549198994900515e-02
1.274245069961824761e+01 1.238342454360672029e+00 7.120866503846635942e-02
1.451728140926205768e+01 1.001962625432512022e+00 5.838390759838564537e-02
1.653931920034971981e+01 7.156665503568337972e-01 4.681790596429843271e-02
1.884299628142029093e+01 5.577730939828000611e-01 3.950044145940440760e-02
2.146754074702852577e+01 4.279096661148267255e-01 3.396419183141272113e-02
2.445764457215044274e+01 3.344041806013919871e-01 3.000557908560476036e-02
2.786422464810916466e+01 2.309156880605849338e-01 2.650093152908184618e-02
3.174528981929791982e+01 1.842837973389293005e-01 2.453372952364460055e-02
3.616692868500850011e+01 1.127233662755513510e-01 2.243179905926385651e-02
4.120443498711833286e+01 7.483713329121255420e-02 2.119487221856868053e-02
4.694358974726586098e+01 4.892839965931994328e-02 2.034711347015962998e-02
