1.069642439726958605e+00 -1.261850980061009597e+00 nan
1.218627458003121777e+00 -6.520303350503713347e-01 4.616704306803572910e-01
1.388363836590320144e+00 -1.170393998866145591e+00 nan
1.581741926207981042e+00 -1.745435590078225907e-01 4.915141822686092121e-01
1.802054659727066133e+00 1.562903476835746375e-01 4.784280923426433296e-01
2.053053625776520175e+00 2.342888075360175293e+00 6.680927038403076113e-01
2.339012952555230562e+00 5.743341969131046554e+00 7.811151667729924197e-01
2.664802089693036891e+00 6.697055013770114584e+00 6.965605147762704563e-01
3.035968727524477995e+00 8.116209118102462483e+00 6.313636723336507606e-01
3.458833265763586962e+00 7.826745014577715764e+00 5.161870264239304396e-01
3.940596440236666886e+00 7.415998834348503266e+00 4.193172213075479493e-01
4.489461940391565875e+00 6.078202974538241321e+00 3.190650753838516485e-01
5.114776105571953835e+00 4.887943217747857005e+00 2.420465316574075820e-01
5.827187078870319503e+00 4.013790713079277594e+00 1.867113770578559262e-01
6.638826128706195817e+00 3.237168471843411943e+00 1.437308621787690144e-01
7.563514225758552811e+00 2.631784584326194665e+00 1.121855465671889734e-01
8.616997392941321721e+00 2.013202794940996299e+00 8.615197939669252958e-02
9.817214836071872952e+00 1.637691544922400322e+00 6.877012922275446694e-02
1.118460442108735009e+01 1.222089690467659917e+00 5.388393071774873894e-02
1.274245069961824761e+01 1.054418249805796348e+00 4.534040624247570594e-02
1.451728140926205768e+01 7.743169627808377253e-01 3.670526759241056480e-02
1.653931920034971981e+01 6.069270815936793628e-01 3.106692002048885501e-02
1.884299628142029093e+01 4.566850535544122458e-01 2.658056714181468091e-02
2.146754074702852577e+01 3.484981672242097872e-01 2.339246869997306175e-02
2.445764457215044274e+01 2.563016183841264617e-01 2.091146169975161354e-02
2.786422464810916466e+01 1.965206527284479865e-01 1.924557477934756358e-02
3.174528981929791982e+01 1.382061927184079497e-01 1.784212067977760871e-02
3.616692868500850011e+01 1.058208966182898614e-01 1.698895610443905760e-02
4.120443498711833286e+01 7.287470577777366287e-02 1.624578081188776321e-02
4.694358974726586098e+01 4.931402665206463531e-02 1.572265695801000618e-02
