1.069642439726958605e+00 -2.093290645879732459e+00 nan
1.218627458003121777e+00 -2.215430868167202583e+00 nan
1.388363836590320144e+00 -1.573205187586845355e+00 nan
1.581741926207981042e+00 -1.047499999999999876e+00 nan
1.802054659727066133e+00 -1.537307452771434324e+00 nan
2.053053625776520175e+00 -1.711536047970994012e+00 nan
2.339012952555230562e+00 -8.698560209424086587e-01 3.357469641471676702e+00
2.664802089693036891e+00 -1.148733320440920469e+00 nan
3.035968727524477995e+00 -1.339589401649412537e+00 nan
3.458833265763586962e+00 -8.819501976049681780e-01 1.802750078429363967e+00
3.940596440236666886e+00 1.148860506292914607e+01 1.526402958242535490e+01
4.489461940391565875e+00 -1.026942826642163187e+00 nan
5.114776105571953835e+00 1.906858266684777092e+00 4.963201539076051994e+00
5.827187078870319503e+00 4.762089860907724237e+00 5.760763578064427293e+00
6.638826128706195817e+00 1.447112195715833138e+01 7.831918544800364756e+00
7.563514225758552811e+00 1.643514838906682485e+01 6.901610311059612535e+00
8.616997392941321721e+00 1.309195946797288279e+01 5.124376772832568427e+00
9.817214836071872952e+00 5.355353081810422466e+00 2.804926968919168484e+00
1.118460442108735009e+01 5.745851039438889529e+00 2.400046777905802564e+00
1.274245069961824761e+01 4.300177373026933481e+00 1.755518855336819950e+00
1.451728140926205768e+01 2.709133745375232216e+00 1.209421353635606433e+00
1.653931920034971981e+01 2.079940640915728167e+00 9.129069405725072084e-01
1.884299628142029093e+01 1.758037140363573059e+00 7.186210209391588055e-01
2.146754074702852577e+01 1.747459284522356437e+00 6.035710013474175906e-01
2.445764457215044274e+01 9.425975950703939787e-01 4.187377509786806562e-01
2.786422464810916466e+01 7.767539421757851947e-01 3.375247234617006487e-01
3.174528981929791982e+01 5.486414134861357095e-01 2.659400999609248251e-01
3.616692868500850011e+01 3.121311381422038345e-01 2.069933258407465337e-01
4.120443498711833286e+01 2.687132280887660762e-02 1.537030763931931387e-01
4.694358974726586098e+01 2.121884373440152682e-01 1.518077949446107744e-01
