1.069642439726958605e+00 -9.095385624578000705e-01 5.052611611104886880e-01
1.218627458003121777e+00 -6.447694736461406784e-01 7.608978626182448801e-01
1.388363836590320144e+00 -1.288490096205931135e+00 nan
1.581741926207981042e+00 -1.079812974104106704e+00 nan
1.802054659727066133e+00 -4.830931374542526413e-01 5.215694412881614062e-01
2.053053625776520175e+00 9.475764781455153773e-02 6.223340022648986558e-01
2.339012952555230562e+00 2.829179174235575633e+00 9.551742566114667099e-01
2.664802089693036891e+00 4.654717524406804863e+00 9.669038999572916460e-01
3.035968727524477995e+00 9.052006742904834979e+00 1.073641181302027237e+00
3.458833265763586962e+00 9.193456498626233042e+00 8.965732575121372339e-01
3.940596440236666886e+00 8.708714067101066547e+00 7.253437800790231149e-01
4.489461940391565875e+00 7.526289767306515444e+00 5.633229840447981918e-01
5.114776105571953835e+00 6.129992596404873595e+00 4.273510640178810327e-01
5.827187078870319503e+00 4.894293166471595846e+00 3.230463737152615145e-01
6.638826128706195817e+00 3.895877177144569714e+00 2.451024822196703756e-01
7.563514225758552811e+00 3.302417258044267889e+00 1.929771280700585401e-01
8.616997392941321721e+00 2.563216139144739447e+00 1.472240760953598404e-01
9.817214836071872952e+00 1.876113077170986188e+00 1.108650911484556356e-01
1.118460442108735009e+01 1.613106419244678014e+00 9.035252942733010273e-02
1.274245069961824761e+01 1.230672557826978153e+00 7.118837428216372165e-02
1.451728140926205768e+01 9.346160644413226137e-01 5.710846568885649677e-02
1.653931920034971981e+01 7.412490546807111169e-01 4.741801345487596520e-02
1.884299628142029093e+01 5.726138273327445738e-01 3.986105706743654775e-02
2.146754074702852577e+01 4.563595888353837449e-01 3.456850996424725569e-02
2.445764457215044274e+01 3.261980646400226558e-01 2.989765906052822483e-02
2.786422464810916466e+01 2.531277175033512794e-01 2.696038018013032986e-02
3.174528981929791982e+01 1.795904497430738100e-01 2.448119828987321139e-02
3.616692868500850011e+01 1.229174535755694908e-01 2.265405947211475424e-02
4.120443498711833286e+01 8.784746226970074900e-02 2.146679987202666437e-02
4.694358974726586098e+01 5.106945551340080769e-02 2.041382588279400806e-02
