1.069642439726958605e+00 -1.283071911553444799e+00 nan
1.218627458003121777e+00 -1.090694000917080686e+00 nan
1.388363836590320144e+00 -9.806060489641301725e-01 1.520453561143564059e-01
1.581741926207981042e+00 -1.104889728494859558e+00 nan
1.802054659727066133e+00 -1.006481598712143821e+00 nan
2.053053625776520175e+00 -1.137266406444208400e-01 5.642186929388658401e-01
2.339012952555230562e+00 1.760011234348890730e+00 8.165513838935294366e-01
2.664802089693036891e+00 5.093425982147470776e+00 1.011889922841367140e+00
3.035968727524477995e+00 7.828252398788645650e+00 1.011953857751153540e+00
3.458833265763586962e+00 8.791898696026539284e+00 8.845968613062760166e-01
3.940596440236666886e+00 8.840201614755752502e+00 7.360180014341047849e-01
4.489461940391565875e+00 7.289013928380986052e+00 5.589345183387558480e-01
5.114776105571953835e+00 6.409522466448060563e+00 4.396812335829892171e-01
5.827187078870319503e+00 5.301642165231031711e+00 3.377934740753681386e-01
6.638826128706195817e+00 4.260925508032128661e+00 2.572192321175355012e-01
7.563514225758552811e+00 3.488691414909903088e+00 1.992411571972536877e-01
8.616997392941321721e+00 2.627628694855506097e+00 1.498543186515232939e-01
9.817214836071872952e+00 1.968721723907858934e+00 1.138297404391813011e-01
1.118460442108735009e+01 1.669476730443069101e+00 9.221217116476768116e-02
1.274245069961824761e+01 1.314134684269041564e+00 7.343616850051150335e-02
1.451728140926205768e+01 1.014131857891409805e+00 5.910867629982798077e-02
1.653931920034971981e+01 7.752832818080044319e-01 4.838222090378938023e-02
1.884299628142029093e+01 5.979609067732327699e-01 4.058305023160351660e-02
2.146754074702852577e+01 4.586612950008721601e-01 3.479738442589383474e-02
2.445764457215044274e+01 3.336245333412188874e-01 3.019113057578287282e-02
2.786422464810916466e+01 2.402441618055477512e-01 2.684618293689628593e-02
3.174528981929791982e+01 1.787514914328842686e-01 2.457791872659333132e-02
3.616692868500850011e+01 1.270464284587786707e-01 2.283169115337360319e-02
4.120443498711833286e+01 8.316242200774448534e-02 2.147035735317686864e-02
4.694358974726586098e+01 5.716923081757752101e-02 2.061301283225904987e-02
