1.069642439726958605e+00 -1.015823957206307249e+00 nan
1.218627458003121777e+00 -1.134223906675659421e+00 nan
1.388363836590320144e+00 -8.330781803775890726e-01 2.702970690918827246e-01
1.581741926207981042e+00 -4.690190274931653747e-01 3.926226445830920397e-01
1.802054659727066133e+00 3.698038122230471458e-01 5.187486996015437946e-01
2.053053625776520175e+00 2.767746497572265429e+00 7.067450246716457940e-01
2.339012952555230562e+00 4.987124791357709697e+00 7.324932970319560921e-01
2.664802089693036891e+00 7.107053449712825710e+00 7.126012648894618495e-01
3.035968727524477995e+00 8.262480143692133794e+00 6.341957341037086637e-01
3.458833265763586962e+00 7.767647403774653014e+00 5.123937372642681787e-01
3.940596440236666886e+00 7.171530864999657418e+00 4.111142971094122189e-01
4.489461940391565875e+00 6.044802007280488887e+00 3.170495655803836632e-01
5.114776105571953835e+00 5.189285342801039924e+00 2.480533217805814539e-01
5.827187078870319503e+00 4.049165894102181085e+00 1.867924978733355723e-01
6.638826128706195817e+00 3.253218171262856728e+00 1.435411293306949332e-01
7.563514225758552811e+00 2.636240447002579756e+00 1.118788050483435353e-01
8.616997392941321721e+00 1.962532230829014068e+00 8.494532371156029993e-02
9.817214836071872952e+00 1.646915322301816698e+00 6.870039963347375489e-02
1.118460442108735009e+01 1.352702547605425520e+00 5.585593057757342467e-02
1.274245069961824761e+01 1.038443406295975979e+00 4.494842691554145481e-02
1.451728140926205768e+01 8.037492550946443437e-01 3.705242051841902556e-02
1.653931920034971981e+01 6.247172542756458391e-01 3.124956391611079937e-02
1.884299628142029093e+01 4.902980434979269386e-01 2.701207469882372508e-02
2.146754074702852577e+01 3.744197683990913017e-01 2.371698627772288528e-02
2.445764457215044274e+01 2.840496016798423895e-01 2.126931885091449745e-02
2.786422464810916466e+01 2.056027078506030836e-01 1.933438795561442242e-02
3.174528981929791982e+01 1.402473551463949697e-01 1.783241859197250145e-02
3.616692868500850011e+01 1.013502061931419451e-01 1.688715397221494940e-02
4.120443498711833286e+01 7.376912014991665600e-02 1.622480348118240934e-02
4.694358974726586098e+01 4.858765105548390473e-02 1.567972236616243728e-02
