1.069642439726958605e+00 -2.037601288916267794e+00 nan
1.218627458003121777e+00 6.491619347335294554e-01 3.078130144794287659e+01
1.388363836590320144e+00 -2.634395356400223154e-01 1.745809507654019654e+01
1.581741926207981042e+00 -1.345744680851063801e+00 nan
1.802054659727066133e+00 -1.491627613196171431e+00 nan
2.053053625776520175e+00 -5.976317140254630011e-01 7.080159551791358474e+00
2.339012952555230562e+00 -1.091219226913222595e+00 nan
2.664802089693036891e+00 -9.693791480309581488e-01 1.327938424792087346e+00
3.035968727524477995e+00 -7.709657909375664531e-01 2.996026179892063990e+00
3.458833265763586962e+00 -1.091235898794391534e+00 nan
3.940596440236666886e+00 -1.165544634528048906e+00 nan
4.489461940391565875e+00 1.488454814143683080e+01 1.390726502923040009e+01
5.114776105571953835e+00 2.627003022179758318e+01 1.507325539481015575e+01
5.827187078870319503e+00 1.183775797886913672e+01 8.479542909604967704e+00
6.638826128706195817e+00 1.516706403721495278e+01 7.868515323619051038e+00
7.563514225758552811e+00 1.162174862340219228e+01 5.734078905960636519e+00
8.616997392941321721e+00 1.153737834150051356e+01 4.735164769020875575e+00
9.817214836071872952e+00 4.774919577449983521e+00 2.622267343001198014e+00
1.118460442108735009e+01 7.630822670666760565e+00 2.687027172635349626e+00
1.274245069961824761e+01 4.985868786534249253e+00 1.840362188062412141e+00
1.451728140926205768e+01 4.353779632905046881e+00 1.447721450424834577e+00
1.653931920034971981e+01 2.762449060500827169e+00 9.999594602063559545e-01
1.884299628142029093e+01 1.984468766612421664e+00 7.377417446503978793e-01
2.146754074702852577e+01 1.296622637274968293e+00 5.362986607459259147e-01
2.445764457215044274e+01 9.239519783254512841e-01 4.094703809127103189e-01
2.786422464810916466e+01 6.582680392121103008e-01 3.187349311407793873e-01
3.174528981929791982e+01 4.478085092326240524e-01 2.511334243757551987e-01
3.616692868500850011e+01 2.014340448831286601e-01 1.927343147406965218e-01
4.120443498711833286e+01 1.595087196065145818e-01 1.639245754023040125e-01
4.694358974726586098e+01 2.030480914912562440e-01 1.488471541151639432e-01
