1.069642439726958605e+00 -1.732643192761038620e+00 nan
1.218627458003121777e+00 -1.028959327872734253e+00 nan
1.388363836590320144e+00 -9.078597663215839386e-01 3.305608490980270764e-01
1.581741926207981042e+00 -9.648965849668427186e-01 1.661433840075112744e-01
1.802054659727066133e+00 -2.636087941540607993e-01 6.257755347122636591e-01
2.053053625776520175e+00 9.560521752539130613e-01 8.364965758418044794e-01
2.339012952555230562e+00 1.989080983443699324e+00 8.477226735793162993e-01
2.664802089693036891e+00 5.808312610970938650e+00 1.067669223030760284e+00
3.035968727524477995e+00 8.725797081562006952e+00 1.060899379240509477e+00
3.458833265763586962e+00 8.827673955881047974e+00 8.840518401010286631e-01
3.940596440236666886e+00 8.471372076787073269e+00 7.194439528385193627e-01
4.489461940391565875e+00 7.219987462208041329e+00 5.550476326756521583e-01
5.114776105571953835e+00 6.550624071953698113e+00 4.431854393309588858e-01
5.827187078870319503e+00 5.199861783292186068e+00 3.339146896423795807e-01
6.638826128706195817e+00 4.387323849101233186e+00 2.601301206010475653e-01
7.563514225758552811e+00 3.271203662234217546e+00 1.930577298748057113e-01
8.616997392941321721e+00 2.456370705647239916e+00 1.452242828307463984e-01
9.817214836071872952e+00 2.137206905216996855e+00 1.175412884494097671e-01
1.118460442108735009e+01 1.623874889880297712e+00 9.099054005721281257e-02
1.274245069961824761e+01 1.296874517487663692e+00 7.291127740210319452e-02
1.451728140926205768e+01 9.648070793158864955e-01 5.796865423556805952e-02
1.653931920034971981e+01 7.583592513294254989e-01 4.794788065348045553e-02
1.884299628142029093e+01 5.685441710612790800e-01 3.993052447653731851e-02
2.146754074702852577e+01 4.606009628887046681e-01 3.477291107314805368e-02
2.445764457215044274e+01 3.504153516542798386e-01 3.046002117162787542e-02
2.786422464810916466e+01 2.464021210132865125e-01 2.691951959951730325e-02
3.174528981929791982e+01 1.791530054381147430e-01 2.454782056086985895e-02
3.616692868500850011e+01 1.363678051328389706e-01 2.297316015108024842e-02
4.120443498711833286e+01 9.731098822168782192e-02 2.170514574803781779e-02
4.694358974726586098e+01 6.736992893211213307e-02 2.077563622397174403e-02
