1.069642439726958605e+00 -1.180245182157714900e+00 nan
1.218627458003121777e+00 -1.085928677517077556e+00 nan
1.388363836590320144e+00 -8.813475291026822145e-01 3.752267102153558631e-01
1.581741926207981042e+00 -1.252662838607872420e+00 nan
1.802054659727066133e+00 -8.974287715367230689e-01 2.335679236889167676e-01
2.053053625776520175e+00 5.635467717880144889e-01 7.479501317545375061e-01
2.339012952555230562e+00 2.463207284509400630e+00 9.130632058046070920e-01
2.664802089693036891e+00 4.881553359729286612e+00 9.916703865825530206e-01
3.035968727524477995e+00 8.050920934905482440e+00 1.022677594139935087e+00
3.458833265763586962e+00 9.681020916655315389e+00 9.236298689662385542e-01
3.940596440236666886e+00 7.572693103465153897e+00 6.826798805055189767e-01
4.489461940391565875e+00 6.991928733803115747e+00 5.468634756514575423e-01
5.114776105571953835e+00 6.630745771375339714e+00 4.458946540434869377e-01
5.827187078870319503e+00 5.181667231857714384e+00 3.334567785806138440e-01
6.638826128706195817e+00 4.029973199617636226e+00 2.501659745260812473e-01
7.563514225758552811e+00 3.229804015703789055e+00 1.920113143218026563e-01
8.616997392941321721e+00 2.549722605900199390e+00 1.476052529866841434e-01
9.817214836071872952e+00 2.033833458498602198e+00 1.151415150446951363e-01
1.118460442108735009e+01 1.560183947567003404e+00 8.958328447709966447e-02
1.274245069961824761e+01 1.272011785326455202e+00 7.239641505922368714e-02
1.451728140926205768e+01 9.957575112499577052e-01 5.862211421486083346e-02
1.653931920034971981e+01 7.764818033132152575e-01 4.832205354571256911e-02
1.884299628142029093e+01 6.000563341626117264e-01 4.055679577079100706e-02
2.146754074702852577e+01 4.276583659745607502e-01 3.414482617276602683e-02
2.445764457215044274e+01 3.222423221533088356e-01 2.992894488815020168e-02
2.786422464810916466e+01 2.296594233491775494e-01 2.660766390862829428e-02
3.174528981929791982e+01 1.804018796721080786e-01 2.457561058893815292e-02
3.616692868500850011e+01 1.175349274766532837e-01 2.262327490697151403e-02
4.120443498711833286e+01 9.285497866100045350e-02 2.162507726122004509e-02
4.694358974726586098e+01 6.237679776051208158e-02 2.068532627312568220e-02
