1.069642439726958605e+00 -1.236511152324533125e+00 nan
1.218627458003121777e+00 -8.744869272693773787e-01 2.765810921991834759e-01
1.388363836590320144e+00 -7.407222134316935325e-01 3.373784617969407540e-01
1.581741926207981042e+00 -4.812459023641380007e-01 3.886465038065740618e-01
1.802054659727066133e+00 4.457848354705926663e-01 5.337492185099179665e-01
2.053053625776520175e+00 2.322460641458287789e+00 6.644081467872404723e-01
2.339012952555230562e+00 5.364512942786630489e+00 7.566710347280336535e-01
2.664802089693036891e+00 6.998608545000267966e+00 7.087184023624419904e-01
3.035968727524477995e+00 8.800930209598233134e+00 6.541703741045022946e-01
3.458833265763586962e+00 7.816893499409613533e+00 5.146550752795271411e-01
3.940596440236666886e+00 7.536204870441035375e+00 4.215696154448508870e-01
4.489461940391565875e+00 6.398442630531644859e+00 3.262204020447860287e-01
5.114776105571953835e+00 5.205162585218664262e+00 2.487556263622611730e-01
5.827187078870319503e+00 3.879485107465644678e+00 1.833960342535407573e-01
6.638826128706195817e+00 3.315768481429255843e+00 1.449848304001127297e-01
7.563514225758552811e+00 2.718332127306982926e+00 1.135697466670206324e-01
8.616997392941321721e+00 2.057761530664135030e+00 8.676922352835146623e-02
9.817214836071872952e+00 1.673533315530479681e+00 6.924041208730662145e-02
1.118460442108735009e+01 1.288338627258112545e+00 5.486697914403493304e-02
1.274245069961824761e+01 1.011424227656886998e+00 4.457114072731337140e-02
1.451728140926205768e+01 7.953304033036199261e-01 3.696303745184664064e-02
1.653931920034971981e+01 6.115272692921052133e-01 3.108231031913813447e-02
1.884299628142029093e+01 4.646806180699396549e-01 2.665591536520376878e-02
2.146754074702852577e+01 3.610478381358876998e-01 2.354139451311426309e-02
2.445764457215044274e+01 2.629225797073155846e-01 2.097745102409612206e-02
2.786422464810916466e+01 1.917790416304063772e-01 1.914830403204932294e-02
3.174528981929791982e+01 1.365361596428911195e-01 1.779293887915168668e-02
3.616692868500850011e+01 1.006423484043943439e-01 1.689042869503582303e-02
4.120443498711833286e+01 6.900794251989594841e-02 1.616799636639899493e-02
4.694358974726586098e+01 4.773157793546101146e-02 1.567932777009878320e-02
