1.069642439726958605e+00 -2.021807038516965527e+00 nan
1.218627458003121777e+00 -6.700125307357669424e-01 7.362513409683385524e-01
1.388363836590320144e+00 -9.596363035719148726e-01 2.185239467416569548e-01
1.581741926207981042e+00 -9.804687500000000000e-01 1.237804369871972066e-01
1.802054659727066133e+00 -4.697679378641930192e-01 5.303321832564783511e-01
2.053053625776520175e+00 9.919022810893496356e-02 6.260490694247682342e-01
2.339012952555230562e+00 1.380211919758823402e+00 7.552329600856354519e-01
2.664802089693036891e+00 4.609957218606761664e+00 9.667950621951966195e-01
3.035968727524477995e+00 9.160786831741679848e+00 1.083800470429247431e+00
3.458833265763586962e+00 8.467781925965363499e+00 8.660096242414402345e-01
3.940596440236666886e+00 8.466986484669639879e+00 7.184328994656573597e-01
4.489461940391565875e+00 7.927221803377421772e+00 5.796772569969821376e-01
5.114776105571953835e+00 6.399252225807822825e+00 4.377747116984261333e-01
5.827187078870319503e+00 5.171575391061750793e+00 3.326857595078215324e-01
6.638826128706195817e+00 3.835896297834236801e+00 2.442814367222742034e-01
7.563514225758552811e+00 3.450783082974259397e+00 1.975684114472579245e-01
8.616997392941321721e+00 2.700884075820031427e+00 1.511630619975453116e-01
9.817214836071872952e+00 1.990836844412353868e+00 1.139759149318221032e-01
1.118460442108735009e+01 1.583472357420542487e+00 8.999218432358092878e-02
1.274245069961824761e+01 1.255340743936530057e+00 7.195008602792798968e-02
1.451728140926205768e+01 9.659446024985953727e-01 5.793678770082352075e-02
1.653931920034971981e+01 7.765326696207299761e-01 4.826820078103024464e-02
1.884299628142029093e+01 5.709236863453195365e-01 3.994231004231871274e-02
2.146754074702852577e+01 4.342629541332843068e-01 3.423686633957184755e-02
2.445764457215044274e+01 3.301031671136998025e-01 3.004936900596502994e-02
2.786422464810916466e+01 2.352438690506235552e-01 2.668847466926578191e-02
3.174528981929791982e+01 1.641349969429821698e-01 2.424771323670964207e-02
3.616692868500850011e+01 1.169996626288403174e-01 2.259396150077185028e-02
4.120443498711833286e+01 8.553137377557740173e-02 2.147005328912986524e-02
4.694358974726586098e+01 5.370936153264782575e-02 2.050646614100808465e-02
