1.069642439726958605e+00 -8.499033251859966498e-03 1.042544662976075642e+01
1.218627458003121777e+00 -7.472002543926112850e-01 4.000433009188679279e+00
1.388363836590320144e+00 -1.097341667114799080e+00 nan
1.581741926207981042e+00 -1.336397391776852128e+00 nan
1.802054659727066133e+00 -9.176765092326628626e-01 1.297052229997784911e+00
2.053053625776520175e+00 -9.701382313510884536e-01 6.402519744994730200e-01
2.339012952555230562e+00 -8.627437267131401466e-01 1.123943398858912479e+00
2.664802089693036891e+00 -1.148344127664169712e+00 nan
3.035968727524477995e+00 -9.625472589003514212e-01 4.021597213652369218e-01
3.458833265763586962e+00 3.964487880473714920e+00 3.817744802954218031e+00
3.940596440236666886e+00 6.889443143710167305e+00 3.962928967861634177e+00
4.489461940391565875e+00 9.164228246174456416e+00 3.707416248519020741e+00
5.114776105571953835e+00 1.153731090748440558e+01 3.406569558347273485e+00
5.827187078870319503e+00 1.357254506782828152e+01 3.052864389529527767e+00
6.638826128706195817e+00 7.454180170517995307e+00 1.903732335280876153e+00
7.563514225758552811e+00 8.232570085463878584e+00 1.658706285597161267e+00
8.616997392941321721e+00 5.956613680791015497e+00 1.188751121833089286e+00
9.817214836071872952e+00 4.892570492141403271e+00 9.077649904480636911e-01
1.118460442108735009e+01 3.332252551829416820e+00 6.427719714864366107e-01
1.274245069961824761e+01 2.598965260571498348e+00 4.868208795899317542e-01
1.451728140926205768e+01 2.668713267165302216e+00 4.163409361791338692e-01
1.653931920034971981e+01 1.618810648589394274e+00 2.906666154018593962e-01
1.884299628142029093e+01 1.211729446965371659e+00 2.243075920694959091e-01
2.146754074702852577e+01 1.058610621215928749e+00 1.849537423678558612e-01
2.445764457215044274e+01 7.271207140971125416e-01 1.437744082232148557e-01
2.786422464810916466e+01 5.309130614995480890e-01 1.166070629097571698e-01
3.174528981929791982e+01 4.120912709743520530e-01 9.816863284227109188e-02
3.616692868500850011e+01 2.885370451901279054e-01 8.295687182116608105e-02
4.120443498711833286e+01 1.871353764061882696e-01 7.142543512560385610e-02
4.694358974726586098e+01 1.352791769957462087e-01 6.418618008947711562e-02
