1.069642439726958605e+00 -1.178059215577412555e+00 nan
1.218627458003121777e+00 -7.220040973256725003e-01 2.696412673443562835e-01
1.388363836590320144e+00 -8.754208364026645484e-01 1.531851126100895744e-01
1.581741926207981042e+00 2.894217507448142435e-01 4.015766054770111837e-01
1.802054659727066133e+00 1.815076135736261698e+00 4.886143094794978547e-01
2.053053625776520175e+00 5.157467462508365408e+00 5.953615832789302953e-01
2.339012952555230562e+00 6.923436751736414152e+00 5.567736583453669619e-01
2.664802089693036891e+00 8.298291150992698206e+00 5.057746818216404261e-01
3.035968727524477995e+00 7.998579199017315844e+00 4.145210022170791597e-01
3.458833265763586962e+00 7.032151781930639167e+00 3.256779510680429812e-01
3.940596440236666886e+00 6.388918912292819385e+00 2.605034673386643629e-01
4.489461940391565875e+00 5.189385093270645122e+00 1.983968808410804807e-01
5.114776105571953835e+00 4.191205190846277517e+00 1.517543282023154916e-01
5.827187078870319503e+00 3.442609896388634017e+00 1.179534704646238580e-01
6.638826128706195817e+00 2.661492590043477602e+00 8.988290234848970994e-02
7.563514225758552811e+00 2.212873871288735916e+00 7.162963792000724694e-02
8.616997392941321721e+00 1.754666062726191633e+00 5.656450613288477314e-02
9.817214836071872952e+00 1.384806796445657628e+00 4.523287109780659704e-02
1.118460442108735009e+01 1.067722708571796630e+00 3.648913675066679796e-02
1.274245069961824761e+01 8.788753746133786127e-01 3.071750523427235757e-02
1.451728140926205768e+01 6.704955530031151412e-01 2.570742777620626043e-02
1.653931920034971981e+01 5.128950209650833258e-01 2.204121772646974037e-02
1.884299628142029093e+01 3.987536145050827319e-01 1.941659330567928332e-02
2.146754074702852577e+01 2.984573798342335937e-01 1.733994984684373783e-02
2.445764457215044274e+01 2.335529394856104002e-01 1.595129526632661776e-02
2.786422464810916466e+01 1.736493698601762059e-01 1.481107275524902629e-02
3.174528981929791982e+01 1.291484289502680127e-01 1.398713380384204383e-02
3.616692868500850011e+01 8.756700115203575052e-02 1.329125965699871383e-02
4.120443498711833286e+01 6.352471103537249419e-02 1.286718027762261130e-02
4.694358974726586098e+01 4.001715125191496192e-02 1.249406473557162535e-02
