1.069642439726958605e+00 -1.405150394204544018e+00 nan
1.218627458003121777e+00 -1.083432527970109582e+00 nan
1.388363836590320144e+00 -1.000764292724113602e+00 nan
1.581741926207981042e+00 -6.583423326133912568e-01 9.582788120537866661e+00
1.802054659727066133e+00 -1.129783891733336709e+00 nan
2.053053625776520175e+00 -8.071329415665993157e-01 4.851523064565198773e+00
2.339012952555230562e+00 -7.163905159838523939e-01 4.817162140750665067e+00
2.664802089693036891e+00 -9.143682390537362092e-01 2.197902316132098299e+00
3.035968727524477995e+00 -9.659751653978931873e-01 1.142895818849445577e+00
3.458833265763586962e+00 -1.069781534821879099e+00 nan
3.940596440236666886e+00 1.083437904173209354e+01 1.444072112779042705e+01
4.489461940391565875e+00 6.789680022137788207e+00 9.618263979437555733e+00
5.114776105571953835e+00 1.236454594272469620e+01 1.038723213432801806e+01
5.827187078870319503e+00 1.339385321233675441e+01 8.895473514663169823e+00
6.638826128706195817e+00 1.470024024046814937e+01 7.672515184344887551e+00
7.563514225758552811e+00 1.379910884446329611e+01 6.163256104959785375e+00
8.616997392941321721e+00 6.810844696061930215e+00 3.667554149851313561e+00
9.817214836071872952e+00 6.565482706468528384e+00 2.985813055605033295e+00
1.118460442108735009e+01 4.811634830778992900e+00 2.158617488480528479e+00
1.274245069961824761e+01 3.455820232648065371e+00 1.557985447898750264e+00
1.451728140926205768e+01 4.007513001838759692e+00 1.382339186905144901e+00
1.653931920034971981e+01 2.541520913905908508e+00 9.580203124044990304e-01
1.884299628142029093e+01 2.021639674733243019e+00 7.356069654043105865e-01
2.146754074702852577e+01 1.667337752664969086e+00 5.779587905627860955e-01
2.445764457215044274e+01 1.186560322735547679e+00 4.366474720854342517e-01
2.786422464810916466e+01 5.836167191259746811e-01 3.073210131942034629e-01
3.174528981929791982e+01 6.178565256467185574e-01 2.664110191305458786e-01
3.616692868500850011e+01 3.985563394380322588e-01 2.103719905059871220e-01
4.120443498711833286e+01 2.248887122146963069e-01 1.685828494069239458e-01
4.694358974726586098e+01 2.101794376493799632e-01 1.482716875052057792e-01
