1.069642439726958605e+00 -1.697353776305562612e+00 nan
1.218627458003121777e+00 -7.829097792323833627e-01 5.972667210620365985e-01
1.388363836590320144e+00 -1.041082034629383646e+00 nan
1.581741926207981042e+00 -1.032941464324621528e+00 nan
1.802054659727066133e+00 -7.558257711556495284e-01 3.599149853565887791e-01
2.053053625776520175e+00 7.777806846649850669e-01 7.965841465958457546e-01
2.339012952555230562e+00 1.932130698278606173e+00 8.387175042282156712e-01
2.664802089693036891e+00 5.262524365036934881e+00 1.022356801501825618e+00
3.035968727524477995e+00 8.068747587560975987e+00 1.022386001886668394e+00
3.458833265763586962e+00 8.313694225307905583e+00 8.587882758416112150e-01
3.940596440236666886e+00 8.337506650110302786e+00 7.133274089122010331e-01
4.489461940391565875e+00 7.821436458865308694e+00 5.760456284181338926e-01
5.114776105571953835e+00 6.424717254411919320e+00 4.386758028711814639e-01
5.827187078870319503e+00 5.102359711139538234e+00 3.306457568294501326e-01
6.638826128706195817e+00 3.960010472205302445e+00 2.478719461793706669e-01
7.563514225758552811e+00 3.253353376219562332e+00 1.924049084317810687e-01
8.616997392941321721e+00 2.625722390108897297e+00 1.493244282003244883e-01
9.817214836071872952e+00 1.991574560017019602e+00 1.140109138940628847e-01
1.118460442108735009e+01 1.523529346972568366e+00 8.865710483256347696e-02
1.274245069961824761e+01 1.260473693860999944e+00 7.207055431145030500e-02
1.451728140926205768e+01 9.524577964199953950e-01 5.766588602961595506e-02
1.653931920034971981e+01 7.555135081353081539e-01 4.785338712104543479e-02
1.884299628142029093e+01 5.842186066267298639e-01 4.020792136783772619e-02
2.146754074702852577e+01 4.174280010060993362e-01 3.391649957252728526e-02
2.445764457215044274e+01 3.112884990202189339e-01 2.969438911547064505e-02
2.786422464810916466e+01 2.294323739971435572e-01 2.658150951577601881e-02
3.174528981929791982e+01 1.655545124665305234e-01 2.427696261177353029e-02
3.616692868500850011e+01 1.295839906173117395e-01 2.283243097832806170e-02
4.120443498711833286e+01 8.925392266660381324e-02 2.154189941572543648e-02
4.694358974726586098e+01 5.265024791817474181e-02 2.048856179950171025e-02
