1.069642439726958605e+00 -2.016209730543617962e+00 nan
1.218627458003121777e+00 -3.934694986640097092e-01 1.853570095679046759e+01
1.388363836590320144e+00 -2.545420741214305949e-01 1.743950697288936169e+01
1.581741926207981042e+00 -8.301056338028169890e-01 6.779451432360299457e+00
1.802054659727066133e+00 -5.744151435496933633e-01 8.821743411622849251e+00
2.053053625776520175e+00 -2.021677688498863645e+00 nan
2.339012952555230562e+00 -4.687384779883490005e-01 6.614529636424031800e+00
2.664802089693036891e+00 -1.060269760119409099e+00 nan
3.035968727524477995e+00 -7.347307657137771564e-01 3.201622953274084526e+00
3.458833265763586962e+00 -8.672483000699349187e-01 1.864067732030250557e+00
3.940596440236666886e+00 -1.150294320200386800e+00 nan
4.489461940391565875e+00 6.922061101601566513e+00 9.731466342858276164e+00
5.114776105571953835e+00 1.225704984586069379e+01 1.037838122486123638e+01
5.827187078870319503e+00 2.072362456190096225e+01 1.101048331999888674e+01
6.638826128706195817e+00 7.469162874654188045e+00 5.617893440298606045e+00
7.563514225758552811e+00 8.162646573341037382e+00 4.830411822434477642e+00
8.616997392941321721e+00 1.355255752319998130e+01 5.085208577288322651e+00
9.817214836071872952e+00 6.232024985281397811e+00 2.925885710276799667e+00
1.118460442108735009e+01 4.853069697582878206e+00 2.173539121307233923e+00
1.274245069961824761e+01 4.689312593968534948e+00 1.778913931404213056e+00
1.451728140926205768e+01 2.390382199609388358e+00 1.125252418606275340e+00
1.653931920034971981e+01 3.498840845365173813e+00 1.095970088536553089e+00
1.884299628142029093e+01 2.177221324981314154e+00 7.587459124810770339e-01
2.146754074702852577e+01 1.808830984126615249e+00 5.970527058983352564e-01
2.445764457215044274e+01 1.209413218174735460e+00 4.406070102332783067e-01
2.786422464810916466e+01 5.622552374383056328e-01 3.057937170592895382e-01
3.174528981929791982e+01 4.105816539220266126e-01 2.456337086637912781e-01
3.616692868500850011e+01 3.708355493940309611e-01 2.082645854109462791e-01
4.120443498711833286e+01 2.625268113386975966e-01 1.725121977218378733e-01
4.694358974726586098e+01 2.671959650738437997e-01 1.536471730293925142e-01
