1.069642439726958605e+00 -1.372786870219479649e+00 nan
1.218627458003121777e+00 -6.518267156959358655e-01 7.565332590767346321e-01
1.388363836590320144e+00 -1.190153627263059288e+00 nan
1.581741926207981042e+00 -1.142524080560420430e+00 nan
1.802054659727066133e+00 -9.015298882920361745e-01 2.285900887430458994e-01
2.053053625776520175e+00 7.991349770613596082e-01 8.015026749534801542e-01
2.339012952555230562e+00 2.383440275695730470e+00 9.014095889740587619e-01
2.664802089693036891e+00 5.387727682781862981e+00 1.032841205618485247e+00
3.035968727524477995e+00 7.395224182668817647e+00 9.828509114260564061e-01
3.458833265763586962e+00 8.706770855473639159e+00 8.776353103260609023e-01
3.940596440236666886e+00 7.877934170391231561e+00 6.946419569175479314e-01
4.489461940391565875e+00 7.430447845384659189e+00 5.622037545466374020e-01
5.114776105571953835e+00 6.145555015867151027e+00 4.296090802577851031e-01
5.827187078870319503e+00 5.169254863083120988e+00 3.327251609328795157e-01
6.638826128706195817e+00 4.147108259832268828e+00 2.532117489319428150e-01
7.563514225758552811e+00 3.248939097986021096e+00 1.923187583936663558e-01
8.616997392941321721e+00 2.581388043141950916e+00 1.482445217858586461e-01
9.817214836071872952e+00 1.984235536702932290e+00 1.138548351552553239e-01
1.118460442108735009e+01 1.531569141031763115e+00 8.885169205594709019e-02
1.274245069961824761e+01 1.297587770922900452e+00 7.287554460756330565e-02
1.451728140926205768e+01 9.580633530679836252e-01 5.778996259687121939e-02
1.653931920034971981e+01 7.621407957854648973e-01 4.799268039185228957e-02
1.884299628142029093e+01 5.457228381005430062e-01 3.945824165210692902e-02
2.146754074702852577e+01 4.255563663241213046e-01 3.407734689211391194e-02
2.445764457215044274e+01 3.116394720588024914e-01 2.970450215609295869e-02
2.786422464810916466e+01 2.348709843705247824e-01 2.668726565940534798e-02
3.174528981929791982e+01 1.580068087895842854e-01 2.413742503374603776e-02
3.616692868500850011e+01 1.054683747612927824e-01 2.238201585483282421e-02
4.120443498711833286e+01 8.491828194718209488e-02 2.146271578603710373e-02
4.694358974726586098e+01 5.751130861347331091e-02 2.058153767687948693e-02
