1.069642439726958605e+00 -2.512233534839325433e+00 nan
1.218627458003121777e+00 -1.505530546623794486e+00 nan
1.388363836590320144e+00 -7.186528154568914140e-01 3.668679260955470589e+00
1.581741926207981042e+00 -1.051298701298701399e+00 nan
1.802054659727066133e+00 -1.195376493964827258e+00 nan
2.053053625776520175e+00 -8.110444847301634397e-01 1.649712265475548056e+00
2.339012952555230562e+00 -9.773987605513412280e-01 4.671630642935944433e-01
2.664802089693036891e+00 -1.116841174682984938e+00 nan
3.035968727524477995e+00 -1.205573032862908622e+00 nan
3.458833265763586962e+00 6.143299267854690271e+00 4.694310382544643723e+00
3.940596440236666886e+00 9.292260755052929255e+00 4.641834308316527213e+00
4.489461940391565875e+00 9.767005913450102383e+00 3.909603580240710752e+00
5.114776105571953835e+00 1.255283311283303149e+01 3.630894032648842806e+00
5.827187078870319503e+00 1.017910073151515427e+01 2.721800028228209545e+00
6.638826128706195817e+00 8.577580850557119163e+00 2.080234741799390275e+00
7.563514225758552811e+00 8.134473671971990782e+00 1.688031756933726868e+00
8.616997392941321721e+00 5.454655944701729098e+00 1.168775068856882093e+00
9.817214836071872952e+00 4.030579767613509112e+00 8.525548226196879575e-01
1.118460442108735009e+01 3.775115298569574840e+00 6.938198467957369386e-01
1.274245069961824761e+01 2.798310749732692670e+00 5.132002391046734946e-01
1.451728140926205768e+01 2.204628689519954943e+00 3.935929374624301258e-01
1.653931920034971981e+01 1.597315686094572307e+00 2.956757968734121667e-01
1.884299628142029093e+01 1.285477333449810855e+00 2.337764488407566565e-01
2.146754074702852577e+01 8.658518102197836352e-01 1.775437165129699346e-01
2.445764457215044274e+01 8.258126091900954702e-01 1.521775382545273447e-01
2.786422464810916466e+01 5.783091459373237431e-01 1.214236055992082702e-01
3.174528981929791982e+01 3.582943672975191785e-01 9.726028362034329355e-02
3.616692868500850011e+01 3.515610989889126348e-01 8.757287424130963394e-02
4.120443498711833286e+01 1.904182170028385634e-01 7.279856967149354874e-02
4.694358974726586098e+01 1.071116967743652726e-01 6.385829308648721669e-02
