1.069642439726958605e+00 -1.597165450792455754e+00 nan
1.218627458003121777e+00 -6.152146449350857083e-01 4.888542254209276905e+00
1.388363836590320144e+00 -1.077399236480230726e+00 nan
1.581741926207981042e+00 -8.182857911733045775e-01 2.321600647203300838e+00
1.802054659727066133e+00 -7.504665370426280013e-01 2.236733789728623911e+00
2.053053625776520175e+00 -1.251621506849665000e+00 nan
2.339012952555230562e+00 -1.096627221185872525e+00 nan
2.664802089693036891e+00 -1.127916743601342198e+00 nan
3.035968727524477995e+00 1.770260216561895916e+00 3.428221239247791541e+00
3.458833265763586962e+00 4.409812148094869322e+00 3.948126818235296653e+00
3.940596440236666886e+00 3.417146105735228812e+00 2.931565830778641413e+00
4.489461940391565875e+00 9.294629350259125289e+00 3.696322932035778663e+00
5.114776105571953835e+00 9.270324649093941716e+00 3.046134473537724485e+00
5.827187078870319503e+00 1.177287159324298216e+01 2.822886070634955225e+00
6.638826128706195817e+00 8.870021380447486337e+00 2.045202888485874837e+00
7.563514225758552811e+00 6.869706170323195416e+00 1.509695578953159423e+00
8.616997392941321721e+00 6.612081142510370491e+00 1.236460673196870585e+00
9.817214836071872952e+00 4.629214872254500790e+00 8.773801247705673712e-01
1.118460442108735009e+01 3.869130510526862743e+00 6.794312263104641536e-01
1.274245069961824761e+01 3.059660553134400551e+00 5.163304671162485260e-01
1.451728140926205768e+01 1.968746297440868709e+00 3.651875714879151968e-01
1.653931920034971981e+01 1.812120924830151747e+00 3.005452546624123311e-01
1.884299628142029093e+01 1.305449707755981237e+00 2.280849874158796531e-01
2.146754074702852577e+01 6.616107809339739632e-01 1.604313236160982981e-01
2.445764457215044274e+01 6.666030417989599055e-01 1.393234232662921568e-01
2.786422464810916466e+01 4.483254377954248859e-01 1.113915751254676567e-01
3.174528981929791982e+01 3.519917019467353470e-01 9.442685343617443494e-02
3.616692868500850011e+01 2.124747623460867541e-01 7.865417651928571785e-02
4.120443498711833286e+01 1.213229106841335891e-01 6.779336300337886201e-02
4.694358974726586098e+01 6.710902020765918685e-02 6.055885855716138660e-02
