1.069642439726958605e+00 -8.019168810949899306e-01 1.387885653106245165e+01
1.218627458003121777e+00 3.062716573533543762e-01 2.708461460055662684e+01
1.388363836590320144e+00 -1.498257463676549328e+00 nan
1.581741926207981042e+00 -8.222087378640776656e-01 6.905287670374856468e+00
1.802054659727066133e+00 -6.795945186042153807e-01 7.621351030604285981e+00
2.053053625776520175e+00 -1.782991228153309127e+00 nan
2.339012952555230562e+00 -1.521380826513495599e+00 nan
2.664802089693036891e+00 -1.051379707217059867e+00 nan
3.035968727524477995e+00 -8.455498920778130589e-01 2.432418435256832101e+00
3.458833265763586962e+00 -1.051521251008652236e+00 nan
3.940596440236666886e+00 4.802632312173470197e+00 1.008969739992853754e+01
4.489461940391565875e+00 2.834273255445701079e+00 6.733500774049256954e+00
5.114776105571953835e+00 1.744903170051114927e+01 1.221598334563831934e+01
5.827187078870319503e+00 1.164071424502005314e+01 8.318630119196532391e+00
6.638826128706195817e+00 1.360351253724699383e+01 7.384794047302805531e+00
7.563514225758552811e+00 1.044538513158530257e+01 5.391373097846726026e+00
8.616997392941321721e+00 1.127163862350735712e+01 4.630575395914543257e+00
9.817214836071872952e+00 5.794504501770560090e+00 2.820594191026207564e+00
1.118460442108735009e+01 5.339662205815523421e+00 2.256978007961962795e+00
1.274245069961824761e+01 3.474104942318019251e+00 1.559708646116588104e+00
1.451728140926205768e+01 2.575792224964171595e+00 1.152633631082639942e+00
1.653931920034971981e+01 2.680358839321773434e+00 9.773047430244898859e-01
1.884299628142029093e+01 2.590625943505090678e+00 8.092739943573792338e-01
2.146754074702852577e+01 1.514935666095653222e+00 5.584241059831152043e-01
2.445764457215044274e+01 1.335501231221805973e+00 4.533167466652650024e-01
2.786422464810916466e+01 8.876242407137435730e-01 3.406895890403206506e-01
3.174528981929791982e+01 3.952259959223767272e-01 2.430665898366518030e-01
3.616692868500850011e+01 4.076982063325798045e-01 2.110607244590652354e-01
4.120443498711833286e+01 2.835574845144832601e-01 1.738262970240325445e-01
4.694358974726586098e+01 1.730087679454359595e-01 1.448826548073487430e-01
