1.069642439726958605e+00 -1.361181178295667316e+00 nan
1.218627458003121777e+00 -9.937814124729369425e-01 6.171696372436356881e-02
1.388363836590320144e+00 -8.403944234936830959e-01 2.653614967137339353e-01
1.581741926207981042e+00 -7.431915861305318227e-01 2.741110761304626497e-01
1.802054659727066133e+00 5.621878720467694546e-01 5.562476944808043555e-01
2.053053625776520175e+00 2.322805737074027377e+00 6.661077035762127396e-01
2.339012952555230562e+00 5.256310105218972240e+00 7.519857420186343289e-01
2.664802089693036891e+00 7.528516661798594356e+00 7.342901547935085649e-01
3.035968727524477995e+00 8.730732525565699120e+00 6.533101112992204529e-01
3.458833265763586962e+00 7.824885102620948274e+00 5.161559674085884897e-01
3.940596440236666886e+00 7.247375644881252299e+00 4.147581620448587136e-01
4.489461940391565875e+00 5.691904563538241035e+00 3.093599672475987328e-01
5.114776105571953835e+00 4.925067893394931673e+00 2.429173934948848923e-01
5.827187078870319503e+00 4.025084038002958664e+00 1.869632127459036897e-01
6.638826128706195817e+00 3.069596910266780831e+00 1.403483825379840955e-01
7.563514225758552811e+00 2.600811452929235656e+00 1.116046617214017239e-01
8.616997392941321721e+00 2.083834001977698858e+00 8.742666402310503293e-02
9.817214836071872952e+00 1.599000335017076058e+00 6.810930116272763402e-02
1.118460442108735009e+01 1.245345272631129596e+00 5.427049075425736946e-02
1.274245069961824761e+01 9.989991084421698808e-01 4.446096125725955417e-02
1.451728140926205768e+01 7.913533327835891029e-01 3.697089552127837825e-02
1.653931920034971981e+01 6.171549509705984704e-01 3.122350491289514057e-02
1.884299628142029093e+01 4.497516438296242924e-01 2.647764154986317897e-02
2.146754074702852577e+01 3.560483850195714783e-01 2.350528611570642731e-02
2.445764457215044274e+01 2.586484165526015122e-01 2.094675226631512177e-02
2.786422464810916466e+01 1.958419767519634647e-01 1.923620937997014280e-02
3.174528981929791982e+01 1.436873978908312921e-01 1.792300137367070639e-02
3.616692868500850011e+01 9.378126278905263291e-02 1.681318644085320196e-02
4.120443498711833286e+01 7.000186204361269482e-02 1.620421057007154220e-02
4.694358974726586098e+01 4.001163176240440933e-02 1.558703243093036150e-02
