1.069642439726958605e+00 -1.543175069868914395e+00 nan
1.218627458003121777e+00 -1.014704590348952884e+00 nan
1.388363836590320144e+00 -1.210512391046379754e+00 nan
1.581741926207981042e+00 -9.243646425016105450e-01 2.444290013572760489e-01
1.802054659727066133e+00 -7.062972595508461016e-01 3.960343310455487487e-01
2.053053625776520175e+00 -6.746789392484267012e-01 3.416336306491877250e-01
2.339012952555230562e+00 3.207869543488697239e+00 1.008966353839747754e+00
2.664802089693036891e+00 6.226945628265611710e+00 1.102948578115931832e+00
3.035968727524477995e+00 8.188618368230514477e+00 1.032636483671857119e+00
3.458833265763586962e+00 8.653515859570866553e+00 8.777797781602867389e-01
3.940596440236666886e+00 8.506199827823177628e+00 7.224216279271401531e-01
4.489461940391565875e+00 7.554950334818244961e+00 5.683577081456568925e-01
5.114776105571953835e+00 6.427108516954832318e+00 4.401201376440058155e-01
5.827187078870319503e+00 5.140388238355353856e+00 3.328204750393094491e-01
6.638826128706195817e+00 3.963248524596514777e+00 2.487202915570097539e-01
7.563514225758552811e+00 3.063741167309013580e+00 1.879123325643154707e-01
8.616997392941321721e+00 2.694081169525253117e+00 1.514619411056824239e-01
9.817214836071872952e+00 2.017351275481295225e+00 1.149501782877506706e-01
1.118460442108735009e+01 1.511827206010535996e+00 8.864197008041062309e-02
1.274245069961824761e+01 1.184339133894773965e+00 7.062630115977025502e-02
1.451728140926205768e+01 9.767680669756566569e-01 5.832078255267111183e-02
1.653931920034971981e+01 7.444145806521931252e-01 4.775024942072915446e-02
1.884299628142029093e+01 5.476067114120761747e-01 3.958481230813841456e-02
2.146754074702852577e+01 4.144458907689314575e-01 3.393608403861807232e-02
2.445764457215044274e+01 2.925104169300272172e-01 2.939998235417192948e-02
2.786422464810916466e+01 2.277354648381262336e-01 2.660386486577702089e-02
3.174528981929791982e+01 1.652605773165112257e-01 2.431887896541945829e-02
3.616692868500850011e+01 1.131488254122838821e-01 2.256619388259517231e-02
4.120443498711833286e+01 8.503288773673789436e-02 2.150164989544236724e-02
4.694358974726586098e+01 5.847710173483311458e-02 2.063397644254073501e-02
