1.069642439726958605e+00 -1.615465261556846777e+00 nan
1.218627458003121777e+00 -1.091337150027448910e+00 nan
1.388363836590320144e+00 -5.899479207853681739e-01 4.313000054488186130e+00
1.581741926207981042e+00 -7.756097560975609984e-01 2.598036925128396124e+00
1.802054659727066133e+00 -8.378132326060649948e-01 1.815955329812445118e+00
2.053053625776520175e+00 -1.544623840604603338e+00 nan
2.339012952555230562e+00 -1.347877027199591460e+00 nan
2.664802089693036891e+00 -9.099851737252626638e-01 7.538724281199913335e-01
3.035968727524477995e+00 -8.545525744781927724e-01 7.905360003724364315e-01
3.458833265763586962e+00 -1.719515609756321339e-01 1.552858575296986565e+00
3.940596440236666886e+00 6.247216016772433100e+00 3.787309296682976445e+00
4.489461940391565875e+00 1.126992023989242497e+01 4.070048154016747688e+00
5.114776105571953835e+00 1.240737112871985381e+01 3.517607656743057198e+00
5.827187078870319503e+00 1.073614059118841801e+01 2.719702056019527525e+00
6.638826128706195817e+00 9.659245379808178100e+00 2.144258171792619461e+00
7.563514225758552811e+00 7.365984842768053653e+00 1.570086944106568572e+00
8.616997392941321721e+00 5.927557617471382656e+00 1.183192486191871229e+00
9.817214836071872952e+00 4.746877766526027109e+00 8.932932740882233436e-01
1.118460442108735009e+01 3.534647691178336437e+00 6.575485828250354770e-01
1.274245069961824761e+01 2.709636658943204157e+00 4.939750679938911260e-01
1.451728140926205768e+01 1.918394682630607306e+00 3.640099842982437717e-01
1.653931920034971981e+01 1.468104631753752276e+00 2.800924310388814287e-01
1.884299628142029093e+01 1.416319831975767940e+00 2.362020295154772243e-01
2.146754074702852577e+01 8.227657956101694925e-01 1.709514135598138584e-01
2.445764457215044274e+01 7.770579796430263642e-01 1.461865805320180789e-01
2.786422464810916466e+01 4.968206897537124078e-01 1.145825762563269234e-01
3.174528981929791982e+01 3.224846029326842167e-01 9.345193134476090235e-02
3.616692868500850011e+01 2.891454250824891936e-01 8.283184203454138639e-02
4.120443498711833286e+01 1.730097983630660696e-01 7.061964118456667827e-02
4.694358974726586098e+01 1.236804543606373485e-01 6.352881943625209027e-02
