1.069642439726958605e+00 -9.132085064059149992e-01 4.958570970009162915e-01
1.218627458003121777e+00 -1.303357483967070962e+00 nan
1.388363836590320144e+00 -1.198475297859644684e+00 nan
1.581741926207981042e+00 -9.943762557875428509e-01 6.628647486262286004e-02
1.802054659727066133e+00 -1.048590732663261527e+00 nan
2.053053625776520175e+00 5.510700504238421615e-01 7.423541646852023224e-01
2.339012952555230562e+00 2.476087031927495907e+00 9.115795754697039177e-01
2.664802089693036891e+00 4.951364934174118382e+00 9.941470867774935272e-01
3.035968727524477995e+00 6.635692115521457879e+00 9.340700145849483160e-01
3.458833265763586962e+00 9.756515745633389969e+00 9.238788814313843023e-01
3.940596440236666886e+00 9.625739235413760753e+00 7.624756551407140259e-01
4.489461940391565875e+00 7.792319154171108764e+00 5.738117697969432607e-01
5.114776105571953835e+00 6.126220771447861146e+00 4.280083010265350318e-01
5.827187078870319503e+00 5.106162146986166661e+00 3.300817676948800683e-01
6.638826128706195817e+00 3.976060661072548630e+00 2.478247669287546029e-01
7.563514225758552811e+00 3.440935949839981856e+00 1.969496408640160623e-01
8.616997392941321721e+00 2.550782822261113747e+00 1.471681941012834283e-01
9.817214836071872952e+00 1.989182301197440550e+00 1.137354369646410429e-01
1.118460442108735009e+01 1.566664185917697072e+00 8.946051419671516292e-02
1.274245069961824761e+01 1.194790312733387427e+00 7.053114468684808236e-02
1.451728140926205768e+01 9.823598734182992231e-01 5.818262872751612386e-02
1.653931920034971981e+01 7.529254280801565002e-01 4.772166224744641555e-02
1.884299628142029093e+01 5.644530373603751094e-01 3.975709453708804741e-02
2.146754074702852577e+01 4.315331892447067386e-01 3.413665847150520322e-02
2.445764457215044274e+01 3.178157493697992830e-01 2.977589604500979759e-02
2.786422464810916466e+01 2.328761884106034241e-01 2.661023649560312343e-02
3.174528981929791982e+01 1.707444038991445812e-01 2.434290040528991686e-02
3.616692868500850011e+01 1.162705309906195694e-01 2.255430989409099030e-02
4.120443498711833286e+01 8.514985735961189128e-02 2.143906924764221386e-02
4.694358974726586098e+01 5.959957712592989232e-02 2.059449137994475917e-02
