1.069642439726958605e+00 -1.336468467940452598e+00 nan
1.218627458003121777e+00 -8.181134709764763535e-01 3.330947946161192386e-01
1.388363836590320144e+00 -6.672186325836571008e-01 3.823906219927191152e-01
1.581741926207981042e+00 -2.534632717776048594e-01 4.664671402679491097e-01
1.802054659727066133e+00 4.810287519448748217e-01 5.404563121081723542e-01
2.053053625776520175e+00 2.243732469445405719e+00 6.567270546643352302e-01
2.339012952555230562e+00 4.662609913942462825e+00 7.134363585325006474e-01
2.664802089693036891e+00 7.849089935170605159e+00 7.468349799998315053e-01
3.035968727524477995e+00 8.964991198139294681e+00 6.601618467937039325e-01
3.458833265763586962e+00 8.478815636480646845e+00 5.350971742120158581e-01
3.940596440236666886e+00 7.797245321880113877e+00 4.287134556518230055e-01
4.489461940391565875e+00 6.450632098172428996e+00 3.276276629996937029e-01
5.114776105571953835e+00 4.934086233892468698e+00 2.426521397312183803e-01
5.827187078870319503e+00 4.352062145795517978e+00 1.935467595766992288e-01
6.638826128706195817e+00 3.298257297879797267e+00 1.446908189099708197e-01
7.563514225758552811e+00 2.581822673468278762e+00 1.110388717933402658e-01
8.616997392941321721e+00 2.091487917335659752e+00 8.740609004276690686e-02
9.817214836071872952e+00 1.678324372781762275e+00 6.934704106492078912e-02
1.118460442108735009e+01 1.379481189515033179e+00 5.638029054116802663e-02
1.274245069961824761e+01 1.045339679486518403e+00 4.512465395601016060e-02
1.451728140926205768e+01 8.211340098633939100e-01 3.737398920921750078e-02
1.653931920034971981e+01 6.583592742674961862e-01 3.180192568119865476e-02
1.884299628142029093e+01 4.698127518002768177e-01 2.674041289825325116e-02
2.146754074702852577e+01 3.629184469896646892e-01 2.357557572695853296e-02
2.445764457215044274e+01 2.600675822286786509e-01 2.094089212444263243e-02
2.786422464810916466e+01 2.016830655272123796e-01 1.929842521954558757e-02
3.174528981929791982e+01 1.433204381566184349e-01 1.789656577353800071e-02
3.616692868500850011e+01 9.558504599792860823e-02 1.682040796580152112e-02
4.120443498711833286e+01 6.317229181981387498e-02 1.608638381248169227e-02
4.694358974726586098e+01 4.203562408391725569e-02 1.559960531310573655e-02
