1.069642439726958605e+00 -8.156271182337559988e-01 4.496471256686970008e+00
1.218627458003121777e+00 -1.679525723472668819e+00 nan
1.388363836590320144e+00 -8.459950258775199572e-01 2.650350557180961797e+00
1.581741926207981042e+00 -3.909646739130434590e-01 4.291896339142569516e+00
1.802054659727066133e+00 -1.068457162585408682e+00 nan
2.053053625776520175e+00 -8.947068658182415479e-01 1.202470578855246774e+00
2.339012952555230562e+00 -1.083263501593444200e+00 nan
2.664802089693036891e+00 -9.502090462697487805e-01 5.622011159443264239e-01
3.035968727524477995e+00 -7.562814462110056812e-01 1.026129747202523701e+00
3.458833265763586962e+00 2.726748412714895764e+00 3.306847766494068974e+00
3.940596440236666886e+00 4.986767880806436182e+00 3.449182293231772167e+00
4.489461940391565875e+00 1.231652791981922235e+01 4.255052482529574576e+00
5.114776105571953835e+00 1.038292486059027375e+01 3.242128289171584576e+00
5.827187078870319503e+00 1.114505018016177118e+01 2.775988476889970080e+00
6.638826128706195817e+00 8.628468266505802120e+00 2.038048593539851794e+00
7.563514225758552811e+00 6.499312706771391390e+00 1.485705644151098959e+00
8.616997392941321721e+00 6.072742312939714893e+00 1.199585670442854024e+00
9.817214836071872952e+00 4.275380491560193619e+00 8.549294339424931000e-01
1.118460442108735009e+01 3.982217263910547977e+00 6.945103765316208433e-01
1.274245069961824761e+01 1.999460349750428190e+00 4.400851431069086606e-01
1.451728140926205768e+01 2.155189479402659369e+00 3.815807835730804509e-01
1.653931920034971981e+01 1.509437094631669307e+00 2.835288295044893214e-01
1.884299628142029093e+01 1.283772959402676772e+00 2.287516188592222666e-01
2.146754074702852577e+01 9.356221144877059359e-01 1.779234544097207382e-01
2.445764457215044274e+01 7.281753350589639240e-01 1.438540391721056522e-01
2.786422464810916466e+01 4.712290230971802885e-01 1.134903823078619034e-01
3.174528981929791982e+01 4.303660860929903187e-01 9.910281365315568025e-02
3.616692868500850011e+01 2.968518526260977008e-01 8.337591782472698887e-02
4.120443498711833286e+01 1.987458365492587031e-01 7.199340473022952658e-02
4.694358974726586098e+01 8.557789488973233105e-02 6.183164255062953418e-02
