1.069642439726958605e+00 -1.081101923759535399e+00 nan
1.218627458003121777e+00 -9.717353335137317583e-01 2.156328594817098210e-01
1.388363836590320144e+00 -4.715011454132933544e-01 7.913826776686583298e-01
1.581741926207981042e+00 -8.474493371488642790e-01 3.462075416134218209e-01
1.802054659727066133e+00 -6.221642130542139881e-01 4.479961177981157117e-01
2.053053625776520175e+00 3.257389881283669908e-01 6.881429238750069732e-01
2.339012952555230562e+00 2.648556883308184950e+00 9.366222336512199931e-01
2.664802089693036891e+00 6.339730902447969108e+00 1.108688947431411886e+00
3.035968727524477995e+00 7.171979826281178028e+00 9.697567757217261386e-01
3.458833265763586962e+00 7.903601931400221048e+00 8.393872453637287734e-01
3.940596440236666886e+00 8.338448712949665165e+00 7.137696683367406036e-01
4.489461940391565875e+00 7.256285802188615186e+00 5.561319237609839705e-01
5.114776105571953835e+00 6.749363085989654287e+00 4.493942494702892199e-01
5.827187078870319503e+00 4.828662790660808390e+00 3.224576522442084703e-01
6.638826128706195817e+00 4.181397617371711561e+00 2.542725733067605076e-01
7.563514225758552811e+00 3.156019433502109450e+00 1.899194254340032528e-01
8.616997392941321721e+00 2.594812409926292140e+00 1.486335063803268519e-01
9.817214836071872952e+00 2.026647409862009308e+00 1.148981726722833191e-01
1.118460442108735009e+01 1.619900895060974566e+00 9.086751639802276292e-02
1.274245069961824761e+01 1.240339675530088615e+00 7.167337695616730897e-02
1.451728140926205768e+01 9.317233261662598576e-01 5.726322981525185096e-02
1.653931920034971981e+01 7.286461249898736892e-01 4.733539085146329373e-02
1.884299628142029093e+01 5.493046743860579006e-01 3.954033858039046612e-02
2.146754074702852577e+01 4.186351038043660822e-01 3.395353128286654476e-02
2.445764457215044274e+01 3.233143176991266632e-01 2.993500006990902629e-02
2.786422464810916466e+01 2.338241024909666343e-01 2.667428420147850698e-02
3.174528981929791982e+01 1.632017055856986865e-01 2.424112160091027382e-02
3.616692868500850011e+01 1.143375674967823663e-01 2.255379027145860624e-02
4.120443498711833286e+01 8.147130892034648575e-02 2.140293915882422043e-02
4.694358974726586098e+01 4.014368078970154130e-02 2.026070088259079166e-02
