1.069642439726958605e+00 -1.457530404531897528e+00 nan
1.218627458003121777e+00 -7.179838542968968174e-01 6.773508820684422949e-01
1.388363836590320144e+00 -1.205732537823442030e+00 nan
1.581741926207981042e+00 -1.229550206167605797e+00 nan
1.802054659727066133e+00 -6.514844125695455901e-01 4.278600958444321867e-01
2.053053625776520175e+00 3.254802423837335201e-01 6.842419342338025290e-01
2.339012952555230562e+00 1.913333728036313630e+00 8.318466986661401386e-01
2.664802089693036891e+00 6.308809315706058740e+00 1.100194398072947166e+00
3.035968727524477995e+00 7.281937720836447525e+00 9.710474131648775264e-01
3.458833265763586962e+00 9.431812615215999784e+00 9.066749543458954008e-01
3.940596440236666886e+00 7.556313984663534100e+00 6.778125492944350183e-01
4.489461940391565875e+00 7.009485902643479704e+00 5.441883082938999694e-01
5.114776105571953835e+00 6.269085487185859229e+00 4.315381682623517512e-01
5.827187078870319503e+00 5.061997761751147351e+00 3.278726797973203766e-01
6.638826128706195817e+00 3.979348317782896771e+00 2.472690613261820380e-01
7.563514225758552811e+00 2.997239288391168266e+00 1.847071402287470687e-01
8.616997392941321721e+00 2.542520938096399341e+00 1.465901599999542837e-01
9.817214836071872952e+00 1.977594985336468270e+00 1.131805252448701560e-01
1.118460442108735009e+01 1.624796010989956851e+00 9.054383107568542144e-02
1.274245069961824761e+01 1.248315832417733029e+00 7.151273537361416133e-02
1.451728140926205768e+01 9.642645772738374088e-01 5.767915015818467911e-02
1.653931920034971981e+01 7.104505938153087286e-01 4.676859439354179998e-02
1.884299628142029093e+01 5.697580594283324640e-01 3.977909850246293122e-02
2.146754074702852577e+01 4.059622841936709747e-01 3.357835054377038275e-02
2.445764457215044274e+01 3.127593863334812152e-01 2.962463076220798672e-02
2.786422464810916466e+01 2.165768633956599576e-01 2.625595043105947990e-02
3.174528981929791982e+01 1.492500602465787196e-01 2.389849420997497420e-02
3.616692868500850011e+01 1.064015248125702584e-01 2.233317126636755190e-02
4.120443498711833286e+01 6.416572698245803785e-02 2.101337959915580006e-02
4.694358974726586098e+01 4.465919701868070746e-02 2.028419142416924142e-02
