1.069642439726958605e+00 -1.428840546587856863e+00 nan
1.218627458003121777e+00 -9.129436599178071265e-01 1.503578115997574183e-01
1.388363836590320144e+00 -3.949010605565814735e-01 3.364848501371796585e-01
1.581741926207981042e+00 1.457255920759250589e-01 3.771881809637663840e-01
1.802054659727066133e+00 2.360816779213015693e+00 5.322597313393576668e-01
2.053053625776520175e+00 5.010899898705773126e+00 5.860896971611099238e-01
2.339012952555230562e+00 6.875507916226904825e+00 5.531286435320260653e-01
2.664802089693036891e+00 7.959150872343573546e+00 4.943449101340258722e-01
3.035968727524477995e+00 8.011357224984511305e+00 4.134337022506905934e-01
3.458833265763586962e+00 7.283458949827005036e+00 3.300669860341693962e-01
3.940596440236666886e+00 6.291576816959327800e+00 2.577372970322576173e-01
4.489461940391565875e+00 4.949534989661451334e+00 1.933686707659070247e-01
5.114776105571953835e+00 4.236626544437257280e+00 1.520369690955326314e-01
5.827187078870319503e+00 3.267567992863219750e+00 1.147905872733401694e-01
6.638826128706195817e+00 2.585758363945435789e+00 8.846042207833511306e-02
7.563514225758552811e+00 2.163719690221974634e+00 7.071333101313320713e-02
8.616997392941321721e+00 1.690661425029858389e+00 5.552513740045802310e-02
9.817214836071872952e+00 1.347459924767921535e+00 4.461441772403190037e-02
1.118460442108735009e+01 1.054677475786673035e+00 3.622383872668460958e-02
1.274245069961824761e+01 8.180189334978420490e-01 2.988135658928791141e-02
1.451728140926205768e+01 6.414588062545181213e-01 2.528941533637474315e-02
1.653931920034971981e+01 4.966449645462194251e-01 2.179360738157236008e-02
1.884299628142029093e+01 3.741063384265999048e-01 1.907873564863877755e-02
2.146754074702852577e+01 2.942178286162724365e-01 1.725270426779275043e-02
2.445764457215044274e+01 2.100902076852320111e-01 1.564087397903713914e-02
2.786422464810916466e+01 1.690912559587238739e-01 1.472812335564244526e-02
3.174528981929791982e+01 1.175788101884271963e-01 1.382384536877158919e-02
3.616692868500850011e+01 8.020187020570390679e-02 1.317958516412782999e-02
4.120443498711833286e+01 5.833005715189454321e-02 1.278236310431115838e-02
4.694358974726586098e+01 3.614961145033523948e-02 1.242589485681467112e-02
