1.069642439726958605e+00 -1.071693593448864501e+00 nan
1.218627458003121777e+00 -4.432597801837196982e-01 9.678657709367121109e-01
1.388363836590320144e+00 -7.644053997096196262e-01 5.343180833644717298e-01
1.581741926207981042e+00 -5.551172772467953820e-01 5.979319233302810010e-01
1.802054659727066133e+00 -3.695656721346405327e-01 5.852608500639354672e-01
2.053053625776520175e+00 3.651691480953846991e-01 7.061869545595299558e-01
2.339012952555230562e+00 3.482516564661474856e+00 1.050471976435673360e+00
2.664802089693036891e+00 5.048464316300691479e+00 1.016355551540255808e+00
3.035968727524477995e+00 7.531852885407533726e+00 1.002460975107427821e+00
3.458833265763586962e+00 8.139907165787771959e+00 8.603025369607691930e-01
3.940596440236666886e+00 8.981462426370780960e+00 7.475319182241121352e-01
4.489461940391565875e+00 7.913397660016252111e+00 5.858799075773798437e-01
5.114776105571953835e+00 6.346816508629975928e+00 4.410588639922100596e-01
5.827187078870319503e+00 5.108352412403835530e+00 3.345202353137237683e-01
6.638826128706195817e+00 4.043215284455845548e+00 2.529953739877786045e-01
7.563514225758552811e+00 3.378370783646789999e+00 1.978219390383599563e-01
8.616997392941321721e+00 2.666461151095358417e+00 1.519337331729641860e-01
9.817214836071872952e+00 2.013383445151111228e+00 1.157208891022966785e-01
1.118460442108735009e+01 1.657837543294468752e+00 9.259811236649734267e-02
1.274245069961824761e+01 1.144297655845758488e+00 7.025826797660954248e-02
1.451728140926205768e+01 9.963103132387529648e-01 5.912589758797762163e-02
1.653931920034971981e+01 7.761418975474192461e-01 4.870375471351504060e-02
1.884299628142029093e+01 5.772000716065897041e-01 4.041684642238774910e-02
2.146754074702852577e+01 4.234935882388091155e-01 3.431347413781474232e-02
2.445764457215044274e+01 3.221964259091494309e-01 3.013541509688491896e-02
2.786422464810916466e+01 2.374822547482562385e-01 2.693174338639277993e-02
3.174528981929791982e+01 1.635079797420744274e-01 2.440981005886256119e-02
3.616692868500850011e+01 1.115619153393161422e-01 2.264672003787098278e-02
4.120443498711833286e+01 7.572916473804580662e-02 2.142783851207711796e-02
4.694358974726586098e+01 5.342073952654002866e-02 2.063357402469731539e-02
