1.069642439726958605e+00 -1.674907653864957435e+00 nan
1.218627458003121777e+00 -6.635636420672887947e-01 4.707945999990965191e+00
1.388363836590320144e+00 -1.396332990657373152e+00 nan
1.581741926207981042e+00 -1.383453436807095649e+00 nan
1.802054659727066133e+00 -1.301528630814645648e+00 nan
2.053053625776520175e+00 -7.779156222046115232e-01 1.781227443737701588e+00
2.339012952555230562e+00 -1.159386572596092790e+00 nan
2.664802089693036891e+00 -9.891267434236903355e-01 2.679633903102581205e-01
3.035968727524477995e+00 -1.131762793215755014e+00 nan
3.458833265763586962e+00 3.954169936116448181e+00 3.890437855158444425e+00
3.940596440236666886e+00 4.450447291101269798e+00 3.355562180777098558e+00
4.489461940391565875e+00 1.187539031063840334e+01 4.265116728853333150e+00
5.114776105571953835e+00 9.983340991938121078e+00 3.245922924160567824e+00
5.827187078870319503e+00 1.268026519336268976e+01 3.011537625275139796e+00
6.638826128706195817e+00 1.119928005410831595e+01 2.353543140957427671e+00
7.563514225758552811e+00 7.859994442048872543e+00 1.654309433145890962e+00
8.616997392941321721e+00 6.431765432293024887e+00 1.255626382587224477e+00
9.817214836071872952e+00 4.693201984987349640e+00 9.080405317258152254e-01
1.118460442108735009e+01 3.116495438648862581e+00 6.370148448522736651e-01
1.274245069961824761e+01 2.383410863468155672e+00 4.792754710685767083e-01
1.451728140926205768e+01 1.973196859060319275e+00 3.756616340138333454e-01
1.653931920034971981e+01 1.995469277328860036e+00 3.205031684084839738e-01
1.884299628142029093e+01 1.290565870863115139e+00 2.332417201356510317e-01
2.146754074702852577e+01 8.778947474911362736e-01 1.776218723296273672e-01
2.445764457215044274e+01 6.751484803894405307e-01 1.433268482561036172e-01
2.786422464810916466e+01 4.494792029271710287e-01 1.141794147625126155e-01
3.174528981929791982e+01 4.015787824692118591e-01 9.916391708598547294e-02
3.616692868500850011e+01 2.568130335053953051e-01 8.261235160334337579e-02
4.120443498711833286e+01 1.356648122557195801e-01 6.992254710708746546e-02
4.694358974726586098e+01 7.184263005593805040e-02 6.199044868341604259e-02
