1.069642439726958605e+00 -1.580039248390153084e+00 nan
1.218627458003121777e+00 -1.063010359187654519e+00 nan
1.388363836590320144e+00 -1.063700471242346346e+00 nan
1.581741926207981042e+00 -7.515594368205311682e-01 2.696695070866448329e+00
1.802054659727066133e+00 -9.609138785372470792e-01 8.793924408495360501e-01
2.053053625776520175e+00 -1.311333016423578801e+00 nan
2.339012952555230562e+00 -9.661647698378561522e-01 5.490785512426257231e-01
2.664802089693036891e+00 -9.875113051307038425e-01 2.769940373557464586e-01
3.035968727524477995e+00 1.543406009791425948e+00 3.263019775327518524e+00
3.458833265763586962e+00 1.814286189857790443e+00 2.826129708038185306e+00
3.940596440236666886e+00 3.357316620061874257e+00 2.892393267788035960e+00
4.489461940391565875e+00 9.337703101723407784e+00 3.679953744897455969e+00
5.114776105571953835e+00 1.119090218902704414e+01 3.304718996453450686e+00
5.827187078870319503e+00 1.254324285503858860e+01 2.891881742065741889e+00
6.638826128706195817e+00 8.745639830193358222e+00 2.018566802447729902e+00
7.563514225758552811e+00 5.678184492055057930e+00 1.375644076945734762e+00
8.616997392941321721e+00 5.947626693523444530e+00 1.169578182379824138e+00
9.817214836071872952e+00 4.626570955432213417e+00 8.716273494284244583e-01
1.118460442108735009e+01 4.151457479888092550e+00 6.967331761836103032e-01
1.274245069961824761e+01 2.565843320004760564e+00 4.769991167238977758e-01
1.451728140926205768e+01 2.230230139033961390e+00 3.809756140208016562e-01
1.653931920034971981e+01 1.732946563113464844e+00 2.937276536975957919e-01
1.884299628142029093e+01 1.301528671951048821e+00 2.265106939633808880e-01
2.146754074702852577e+01 1.026207379128242891e+00 1.805563570611251334e-01
2.445764457215044274e+01 7.070920454348781359e-01 1.407450412478897239e-01
2.786422464810916466e+01 5.707707630324367898e-01 1.171478226775760217e-01
3.174528981929791982e+01 3.733342208562484554e-01 9.501049156244209537e-02
3.616692868500850011e+01 2.895557090629901076e-01 8.202385600806957888e-02
4.120443498711833286e+01 1.830673904291610921e-01 7.042869880297347729e-02
4.694358974726586098e+01 1.147983495424178546e-01 6.254106023720812368e-02
