1.069642439726958605e+00 -1.410484646600270953e+00 nan
1.218627458003121777e+00 -6.316481756814462667e-01 4.730203521473732020e-01
1.388363836590320144e+00 -8.100801042248804151e-01 2.882468402884372227e-01
1.581741926207981042e+00 -3.652625745427533488e-01 4.291820770041689381e-01
1.802054659727066133e+00 2.932313451671635374e-01 5.038950638864523324e-01
2.053053625776520175e+00 2.016314022092648539e+00 6.318155106578340341e-01
2.339012952555230562e+00 5.270262798840372298e+00 7.496807184049527617e-01
2.664802089693036891e+00 7.347338878289312092e+00 7.232027380339101086e-01
3.035968727524477995e+00 8.785485802450523352e+00 6.525320383025932092e-01
3.458833265763586962e+00 7.655739226162738831e+00 5.087880427276849638e-01
3.940596440236666886e+00 7.653678207554970747e+00 4.240171986251378144e-01
4.489461940391565875e+00 6.204416579759211459e+00 3.209273765860561900e-01
5.114776105571953835e+00 5.091776980547583875e+00 2.457773727743365055e-01
5.827187078870319503e+00 4.203850323971787262e+00 1.900401823961691550e-01
6.638826128706195817e+00 3.198537654388945661e+00 1.424118164370897499e-01
7.563514225758552811e+00 2.460468448932983776e+00 1.085221554071528205e-01
8.616997392941321721e+00 2.040502022540767513e+00 8.633011097108010679e-02
9.817214836071872952e+00 1.668551173991453140e+00 6.905524456549357037e-02
1.118460442108735009e+01 1.258689892382442110e+00 5.430283800137931938e-02
1.274245069961824761e+01 9.903503413426242297e-01 4.417633767834969888e-02
1.451728140926205768e+01 7.831607214752120960e-01 3.672724736288868891e-02
1.653931920034971981e+01 6.257554890002257064e-01 3.125976582340046078e-02
1.884299628142029093e+01 4.670500902387526576e-01 2.666021729985142835e-02
2.146754074702852577e+01 3.632003502794618477e-01 2.354717336147752610e-02
2.445764457215044274e+01 2.669355636174681745e-01 2.101433614938502670e-02
2.786422464810916466e+01 2.026462945075697686e-01 1.928824253894996510e-02
3.174528981929791982e+01 1.524643814985495727e-01 1.800860535803297871e-02
3.616692868500850011e+01 1.141080020158580233e-01 1.707123999581583104e-02
4.120443498711833286e+01 7.567057098241791735e-02 1.625041464889606657e-02
4.694358974726586098e+01 4.890469864784452447e-02 1.568230983377478030e-02
