1.069642439726958605e+00 -1.151353494300527469e+00 nan
1.218627458003121777e+00 -6.968614818341949402e-01 2.814711834470959295e-01
1.388363836590320144e+00 -5.484489930326958973e-01 2.915702640272949675e-01
1.581741926207981042e+00 6.710712090474311164e-01 4.570927940850395554e-01
1.802054659727066133e+00 3.139284762892764036e+00 5.929263442632566328e-01
2.053053625776520175e+00 4.911315340944929275e+00 5.829569147487746461e-01
2.339012952555230562e+00 6.711719192234244069e+00 5.488816384850360164e-01
2.664802089693036891e+00 7.943197543920559767e+00 4.954009782014979768e-01
3.035968727524477995e+00 8.070966149512011967e+00 4.161499045974412225e-01
3.458833265763586962e+00 7.065054864832441162e+00 3.262883851914406552e-01
3.940596440236666886e+00 6.421972193871200218e+00 2.610622045578471218e-01
4.489461940391565875e+00 5.163076315348278378e+00 1.978509887150921576e-01
5.114776105571953835e+00 4.281505363948603815e+00 1.532352826839727400e-01
5.827187078870319503e+00 3.374866864315951620e+00 1.168356719913964253e-01
6.638826128706195817e+00 2.782756026413791606e+00 9.168008164562882478e-02
7.563514225758552811e+00 2.111123133627928361e+00 7.015000882121651127e-02
8.616997392941321721e+00 1.727254591006357032e+00 5.617257092274483693e-02
9.817214836071872952e+00 1.349573959159557468e+00 4.475546987141586219e-02
1.118460442108735009e+01 1.075582659571123756e+00 3.657934805938892892e-02
1.274245069961824761e+01 8.515608057749877169e-01 3.036921505298139506e-02
1.451728140926205768e+01 6.627653625370681922e-01 2.560632692094937796e-02
1.653931920034971981e+01 5.195008293330030114e-01 2.211565363246898244e-02
1.884299628142029093e+01 3.983702541492117888e-01 1.940753839653069565e-02
2.146754074702852577e+01 3.026873436583965571e-01 1.738650391009587126e-02
2.445764457215044274e+01 2.176170464897189127e-01 1.575884998794362807e-02
2.786422464810916466e+01 1.674124386956536981e-01 1.473420824143601045e-02
3.174528981929791982e+01 1.217343000343962256e-01 1.389667011720446821e-02
3.616692868500850011e+01 9.135636656555434776e-02 1.333351320585590000e-02
4.120443498711833286e+01 6.269856824910147175e-02 1.285498750306712616e-02
4.694358974726586098e+01 4.199836755939734267e-02 1.251515508977455934e-02
