1.069642439726958605e+00 -1.432328026290962786e+00 nan
1.218627458003121777e+00 -4.982932082207311986e-01 9.061236073370164679e-01
1.388363836590320144e+00 -8.884809601068386353e-01 3.625431936377448427e-01
1.581741926207981042e+00 -1.092997349797594442e+00 nan
1.802054659727066133e+00 -3.996499529022985442e-01 5.632543667865772541e-01
2.053053625776520175e+00 4.090400621264598247e-01 7.075829079340245631e-01
2.339012952555230562e+00 1.981804307356936024e+00 8.440775808706707517e-01
2.664802089693036891e+00 5.985945771853237396e+00 1.078393798264666303e+00
3.035968727524477995e+00 7.124453074727854052e+00 9.643320120003374685e-01
3.458833265763586962e+00 8.666276387522994895e+00 8.738025525097598001e-01
3.940596440236666886e+00 8.041938518841581285e+00 6.998719917350292308e-01
4.489461940391565875e+00 7.352845256896307191e+00 5.582018292209739441e-01
5.114776105571953835e+00 6.338168200680373232e+00 4.349999170207038968e-01
5.827187078870319503e+00 4.948690181578789371e+00 3.253306566220133256e-01
6.638826128706195817e+00 4.035174587629884790e+00 2.495279774479049750e-01
7.563514225758552811e+00 3.323346790763942238e+00 1.938876835605840010e-01
8.616997392941321721e+00 2.499767981699050790e+00 1.459087995933945892e-01
9.817214836071872952e+00 1.954496165182001421e+00 1.129267448865044349e-01
1.118460442108735009e+01 1.551823947838841145e+00 8.913620247153515586e-02
1.274245069961824761e+01 1.250812640441866019e+00 7.174033713227423448e-02
1.451728140926205768e+01 9.856178272701658916e-01 5.825523486888752045e-02
1.653931920034971981e+01 7.513106343501865236e-01 4.769356329100241099e-02
1.884299628142029093e+01 5.818783527291047086e-01 4.010158236911737228e-02
2.146754074702852577e+01 4.340582514300486139e-01 3.418802181478387131e-02
2.445764457215044274e+01 3.225477085651482501e-01 2.986822801880096440e-02
2.786422464810916466e+01 2.468551473221523018e-01 2.687618089366506507e-02
3.174528981929791982e+01 1.692895840081853898e-01 2.431723887403683393e-02
3.616692868500850011e+01 1.133487247140385623e-01 2.250102595253949608e-02
4.120443498711833286e+01 7.668401474450003974e-02 2.128194148035494893e-02
4.694358974726586098e+01 5.227137780821999868e-02 2.045868045008272101e-02
