1.069642439726958605e+00 -2.452031136539745582e+00 nan
1.218627458003121777e+00 -5.539306394984766513e-02 7.785202760065963901e+00
1.388363836590320144e+00 -8.581131551502390042e-01 2.560641428444450085e+00
1.581741926207981042e+00 -1.296157002188183860e+00 nan
1.802054659727066133e+00 -1.044180462248718744e+00 nan
2.053053625776520175e+00 -1.466573897966737761e+00 nan
2.339012952555230562e+00 -8.923597586123939163e-01 1.002039131008142681e+00
2.664802089693036891e+00 -9.865204111297352085e-01 2.944380867346350072e-01
3.035968727524477995e+00 2.751329037600918070e-01 2.363139489536641324e+00
3.458833265763586962e+00 5.141306110706214128e+00 4.276643975885320970e+00
3.940596440236666886e+00 7.777483241358088328e+00 4.210127025260834266e+00
4.489461940391565875e+00 6.574936547110821650e+00 3.215294931984062021e+00
5.114776105571953835e+00 1.318809949961467964e+01 3.655018225024313949e+00
5.827187078870319503e+00 1.106188046280006887e+01 2.783857219385446058e+00
6.638826128706195817e+00 8.995524297564156058e+00 2.091754315532635911e+00
7.563514225758552811e+00 7.057093270158281584e+00 1.552965839373736445e+00
8.616997392941321721e+00 5.757114551705480920e+00 1.177941428689208703e+00
9.817214836071872952e+00 4.314372494391092161e+00 8.637459063679423510e-01
1.118460442108735009e+01 3.715649029847283735e+00 6.778372146847024826e-01
1.274245069961824761e+01 2.936559650720141690e+00 5.152031445290555789e-01
1.451728140926205768e+01 2.202054605271242416e+00 3.871645719152259635e-01
1.653931920034971981e+01 1.839739916758200478e+00 3.067868080238183581e-01
1.884299628142029093e+01 1.201333032184590976e+00 2.250188786254355977e-01
2.146754074702852577e+01 9.011702449336851384e-01 1.769370293591451537e-01
2.445764457215044274e+01 7.108573608146815381e-01 1.436982185955079649e-01
2.786422464810916466e+01 4.448489627010343561e-01 1.127022977480559851e-01
3.174528981929791982e+01 3.322095219688603329e-01 9.462758170507699906e-02
3.616692868500850011e+01 2.457803105483189476e-01 8.126081912110870442e-02
4.120443498711833286e+01 1.767003698369264963e-01 7.125815963937592867e-02
4.694358974726586098e+01 1.420898361224223194e-01 6.479642005396921145e-02
