1.069642439726958605e+00 -1.253558764771602441e+00 nan
1.218627458003121777e+00 -7.352160949752615249e-01 6.629123874644493597e-01
1.388363836590320144e+00 -1.092012194976165862e+00 nan
1.581741926207981042e+00 -6.454299903298321706e-01 5.301592398326296918e-01
1.802054659727066133e+00 -8.732895111608758310e-01 2.605549819985643611e-01
2.053053625776520175e+00 5.431034535719911904e-01 7.457589305999297036e-01
2.339012952555230562e+00 2.457429829376979402e+00 9.156336629944066274e-01
2.664802089693036891e+00 5.570679539629444399e+00 1.052733506390023388e+00
3.035968727524477995e+00 7.249237460057868176e+00 9.786777607789020061e-01
3.458833265763586962e+00 8.535964396239247520e+00 8.736457997296871447e-01
3.940596440236666886e+00 9.004708497741571449e+00 7.435253439141218390e-01
4.489461940391565875e+00 7.554507862961086673e+00 5.692701680131238007e-01
5.114776105571953835e+00 6.073017180920491143e+00 4.291689083509352964e-01
5.827187078870319503e+00 4.844897963647964545e+00 3.242971873019360740e-01
6.638826128706195817e+00 4.286319083722670342e+00 2.582600412558291314e-01
7.563514225758552811e+00 3.436532300441251131e+00 1.981234372326345361e-01
8.616997392941321721e+00 2.752576063538128892e+00 1.531413991827071386e-01
9.817214836071872952e+00 2.081717216729043418e+00 1.166430945363937238e-01
1.118460442108735009e+01 1.701775764996064311e+00 9.304258583121201298e-02
1.274245069961824761e+01 1.275585794178968335e+00 7.269276800374679937e-02
1.451728140926205768e+01 1.016756996280495429e+00 5.922781010236360943e-02
1.653931920034971981e+01 7.553896386198937218e-01 4.803323305200318111e-02
1.884299628142029093e+01 5.937123255299647795e-01 4.054032772251583983e-02
2.146754074702852577e+01 4.352284919698046206e-01 3.437791096348990355e-02
2.445764457215044274e+01 3.189362970612035220e-01 2.993794713651644693e-02
2.786422464810916466e+01 2.426809952379467283e-01 2.691549553195615035e-02
3.174528981929791982e+01 1.896943128311079363e-01 2.480454555253799875e-02
3.616692868500850011e+01 1.289694830752265986e-01 2.288586845571538922e-02
4.120443498711833286e+01 9.387774760450895428e-02 2.168804484761885712e-02
4.694358974726586098e+01 6.540455451721971514e-02 2.078290451539377068e-02
