1.069642439726958605e+00 -1.292220913722852416e+00 nan
1.218627458003121777e+00 -7.231432057821898240e-01 4.101313651792634629e-01
1.388363836590320144e+00 -1.079422299086222115e+00 nan
1.581741926207981042e+00 -4.116330406305270806e-01 4.132522299829476387e-01
1.802054659727066133e+00 5.096352666909411688e-01 5.445563927336141141e-01
2.053053625776520175e+00 2.811599550903612688e+00 7.107830595636559501e-01
2.339012952555230562e+00 5.752564677304492946e+00 7.785203878812262390e-01
2.664802089693036891e+00 6.803391687852285763e+00 6.986814787142141547e-01
3.035968727524477995e+00 8.215109059022584148e+00 6.324216448955536363e-01
3.458833265763586962e+00 7.189685189117093422e+00 4.941389668405211655e-01
3.940596440236666886e+00 7.439867061964333672e+00 4.183369169879276872e-01
4.489461940391565875e+00 6.060870842716953533e+00 3.174116522668378182e-01
5.114776105571953835e+00 4.999008590078041436e+00 2.436840710690508505e-01
5.827187078870319503e+00 3.962986416950699642e+00 1.849242420900454598e-01
6.638826128706195817e+00 3.404594253243268032e+00 1.465419608030144039e-01
7.563514225758552811e+00 2.580754756806480366e+00 1.108189811866178709e-01
8.616997392941321721e+00 2.021735385018633924e+00 8.600237834489285471e-02
9.817214836071872952e+00 1.614093476187685283e+00 6.813204026971095284e-02
1.118460442108735009e+01 1.287222139185805414e+00 5.477727298317223992e-02
1.274245069961824761e+01 9.727449996789252484e-01 4.390065851781192741e-02
1.451728140926205768e+01 7.757808435656123880e-01 3.661649237384508038e-02
1.653931920034971981e+01 6.101592801466271254e-01 3.102615867371429428e-02
1.884299628142029093e+01 4.754785851217659953e-01 2.678841472933608803e-02
2.146754074702852577e+01 3.475507807904811841e-01 2.331739783633378707e-02
2.445764457215044274e+01 2.508585825869142916e-01 2.077938216035522812e-02
2.786422464810916466e+01 1.820325886612368382e-01 1.898747570063662182e-02
3.174528981929791982e+01 1.336644997201557050e-01 1.773487655532200377e-02
3.616692868500850011e+01 9.182128783369014613e-02 1.674678467134671153e-02
4.120443498711833286e+01 6.023748485013080689e-02 1.602614727559646679e-02
4.694358974726586098e+01 3.912974508990108014e-02 1.554064687948930254e-02
