1.069642439726958605e+00 -2.405457591794200933e+00 nan
1.218627458003121777e+00 -1.622165845600165301e+00 nan
1.388363836590320144e+00 -1.832886445049738189e+00 nan
1.581741926207981042e+00 6.077981651376151984e-02 1.593853573976292459e+01
1.802054659727066133e+00 -6.929490927582548920e-01 7.050038691255211099e+00
2.053053625776520175e+00 -1.132269500370375326e+00 nan
2.339012952555230562e+00 -1.049026730390508533e+00 nan
2.664802089693036891e+00 -6.099072278532888802e-01 4.428110753699109559e+00
3.035968727524477995e+00 -1.079336910869603816e+00 nan
3.458833265763586962e+00 -1.090046091014691854e+00 nan
3.940596440236666886e+00 -1.227521501172791130e+00 nan
4.489461940391565875e+00 6.095855568276686398e+00 8.664478443522870776e+00
5.114776105571953835e+00 1.081327132530200430e+01 9.214996353990210665e+00
5.827187078870319503e+00 1.329230304786892702e+01 8.370633996800261656e+00
6.638826128706195817e+00 6.531283131971722611e+00 4.982387583119536778e+00
7.563514225758552811e+00 4.015688227639317986e+00 3.346033772654203542e+00
8.616997392941321721e+00 4.515612606592152467e+00 2.898320172193301847e+00
9.817214836071872952e+00 8.029066428162877855e+00 3.095824101922096006e+00
1.118460442108735009e+01 5.372157935927635464e+00 2.141643324005781501e+00
1.274245069961824761e+01 3.249621167907063679e+00 1.436579762034170260e+00
1.451728140926205768e+01 3.964285604987537681e+00 1.301948329240869784e+00
1.653931920034971981e+01 2.873819067518291526e+00 9.523960184596064193e-01
1.884299628142029093e+01 1.554767879128196917e+00 6.348134667281365440e-01
2.146754074702852577e+01 1.401540381851880124e+00 5.160015072833137317e-01
2.445764457215044274e+01 1.400733051356264358e+00 4.375629251801412822e-01
2.786422464810916466e+01 5.128095402588843665e-01 2.838211569485717956e-01
3.174528981929791982e+01 5.289195630535912240e-01 2.444958869895605402e-01
3.616692868500850011e+01 3.780799791273619093e-01 1.983510034409159406e-01
4.120443498711833286e+01 2.265872619412088174e-01 1.608890581242616025e-01
4.694358974726586098e+01 2.157383358208531110e-01 1.422109181895910845e-01
