1.069642439726958605e+00 -1.252976081972363875e+00 nan
1.218627458003121777e+00 -1.010753163834557267e+00 nan
1.388363836590320144e+00 -1.470504152879038795e+00 nan
1.581741926207981042e+00 -4.121988228802651033e-01 4.280781723611157830e+00
1.802054659727066133e+00 -1.023668893226502341e+00 nan
2.053053625776520175e+00 -1.077521510256028936e+00 nan
2.339012952555230562e+00 -7.539572754839585222e-01 1.528086756336539231e+00
2.664802089693036891e+00 -1.205247733687757172e+00 nan
3.035968727524477995e+00 -1.049346059473114767e+00 nan
3.458833265763586962e+00 -1.698059825246469590e-01 1.582890244950505343e+00
3.940596440236666886e+00 7.694109270959867075e+00 4.225946949840847289e+00
4.489461940391565875e+00 9.428016702038101826e+00 3.813561063063516166e+00
5.114776105571953835e+00 1.159035835091690281e+01 3.465951448664008616e+00
5.827187078870319503e+00 8.675766015025967448e+00 2.504303188465772045e+00
6.638826128706195817e+00 7.901580679975118926e+00 1.985207438924807999e+00
7.563514225758552811e+00 8.453435187234802584e+00 1.704841322331640985e+00
8.616997392941321721e+00 5.561809258242102594e+00 1.169258276161166732e+00
9.817214836071872952e+00 3.853609437043227004e+00 8.293232214619593590e-01
1.118460442108735009e+01 3.378856850132701872e+00 6.560550607886718177e-01
1.274245069961824761e+01 3.137151642723369438e+00 5.341580762692823559e-01
1.451728140926205768e+01 1.980435968242039380e+00 3.745727614440523823e-01
1.653931920034971981e+01 1.622730662873963947e+00 2.950202314904873946e-01
1.884299628142029093e+01 1.369382179521591247e+00 2.371170705497477604e-01
2.146754074702852577e+01 8.915633277680017343e-01 1.777095510256581357e-01
2.445764457215044274e+01 7.262265619864818333e-01 1.455976470122025690e-01
2.786422464810916466e+01 5.274677751022027739e-01 1.178885775776046252e-01
3.174528981929791982e+01 3.101832717801251693e-01 9.413954603914623243e-02
3.616692868500850011e+01 2.547152485003696398e-01 8.222582858609825407e-02
4.120443498711833286e+01 1.738800128831599068e-01 7.155315065537680430e-02
4.694358974726586098e+01 1.346263518836068318e-01 6.480858772664056799e-02
