1.069642439726958605e+00 -2.607725591306815804e+00 nan
1.218627458003121777e+00 -1.083432527970109582e+00 nan
1.388363836590320144e+00 -7.506687561335991798e-01 1.005309081491014389e+01
1.581741926207981042e+00 -8.241765658747302048e-01 6.874384366282008330e+00
1.802054659727066133e+00 -1.353971669810530187e+00 nan
2.053053625776520175e+00 -4.306469120735578748e-01 8.335741778165907334e+00
2.339012952555230562e+00 -6.659084419843273039e-01 5.228348264849230098e+00
2.664802089693036891e+00 -1.262435191608961116e+00 nan
3.035968727524477995e+00 -8.712293742943801877e-01 2.223414880720189668e+00
3.458833265763586962e+00 -6.686610823370187084e-01 2.935478934842146614e+00
3.940596440236666886e+00 -1.381475471016267331e+00 nan
4.489461940391565875e+00 1.087748314391940241e+01 1.189002728362171801e+01
5.114776105571953835e+00 1.496761319336799367e+01 1.136569312670865450e+01
5.827187078870319503e+00 7.374125706785079615e-01 3.067385482387707807e+00
6.638826128706195817e+00 7.368760170261523967e+00 5.566041301283533471e+00
7.563514225758552811e+00 1.215338863993748042e+01 5.798387781675422126e+00
8.616997392941321721e+00 1.013729725750834554e+01 4.406749789063436396e+00
9.817214836071872952e+00 6.504859343903704350e+00 2.973330413344142720e+00
1.118460442108735009e+01 4.076274359959827009e+00 2.011429309189352477e+00
1.274245069961824761e+01 4.962402628468865373e+00 1.818306138067077526e+00
1.451728140926205768e+01 3.092380365784043406e+00 1.239912041559780409e+00
1.653931920034971981e+01 2.626232195612622000e+00 9.704363234887404266e-01
1.884299628142029093e+01 1.189266446825187007e+00 6.166425885666263484e-01
2.146754074702852577e+01 1.070611917019578030e+00 5.012994657164825396e-01
2.445764457215044274e+01 9.780621612924118580e-01 4.120781043950320632e-01
2.786422464810916466e+01 6.492034753239175338e-01 3.147358090044664602e-01
3.174528981929791982e+01 3.445616467829697438e-01 2.379170297164298342e-01
3.616692868500850011e+01 3.631727336217127622e-01 2.069399741194701825e-01
4.120443498711833286e+01 8.601239316408060276e-02 1.556299752153307570e-01
4.694358974726586098e+01 1.801871592022843416e-01 1.456375409735547743e-01
