1.069642439726958605e+00 -1.631324949804953128e+00 nan
1.218627458003121777e+00 -9.537315796346930163e-01 1.678589641785362130e-01
1.388363836590320144e+00 -7.856908401226270211e-01 3.066059276078433871e-01
1.581741926207981042e+00 -4.808943844741000451e-01 3.886262781003715916e-01
1.802054659727066133e+00 3.991854140470003642e-01 5.248587556506859597e-01
2.053053625776520175e+00 2.948509426644875475e+00 7.243867285753861074e-01
2.339012952555230562e+00 5.231939593265422239e+00 7.483406715236140538e-01
2.664802089693036891e+00 6.667944996816562941e+00 6.932572277008247630e-01
3.035968727524477995e+00 8.310441046735034476e+00 6.365837593806915606e-01
3.458833265763586962e+00 8.111652969737455976e+00 5.235361669261975326e-01
3.940596440236666886e+00 7.275541634601279561e+00 4.143734444850590282e-01
4.489461940391565875e+00 6.064750554808642669e+00 3.178714042546089136e-01
5.114776105571953835e+00 5.092031260899824829e+00 2.460892568274596071e-01
5.827187078870319503e+00 4.057477908127885335e+00 1.871569705230184399e-01
6.638826128706195817e+00 3.235975349696621262e+00 1.433362955965572505e-01
7.563514225758552811e+00 2.599379385047713598e+00 1.112903478008003821e-01
8.616997392941321721e+00 2.053657822293002422e+00 8.666616322108045001e-02
9.817214836071872952e+00 1.604375254344157398e+00 6.803491358571063519e-02
1.118460442108735009e+01 1.250400063875828138e+00 5.422535529672108806e-02
1.274245069961824761e+01 1.035401328109715413e+00 4.493820479835641812e-02
1.451728140926205768e+01 7.783007449331851291e-01 3.668866710181342694e-02
1.653931920034971981e+01 5.885582430882609906e-01 3.072507192997230366e-02
1.884299628142029093e+01 4.390616189792644342e-01 2.626556103180231055e-02
2.146754074702852577e+01 3.535824968304916993e-01 2.342489895481057738e-02
2.445764457215044274e+01 2.718875857567455423e-01 2.110439942843041553e-02
2.786422464810916466e+01 2.074822077387932229e-01 1.937422968498595313e-02
3.174528981929791982e+01 1.522623881564271198e-01 1.801918031810788301e-02
3.616692868500850011e+01 1.111161481421309993e-01 1.703993274477509298e-02
4.120443498711833286e+01 7.809773340543446629e-02 1.629742576620026029e-02
4.694358974726586098e+01 4.914904916904627719e-02 1.569682028749741151e-02
