1.069642439726958605e+00 -1.155069960416882147e+00 nan
1.218627458003121777e+00 -1.118300079581268758e+00 nan
1.388363836590320144e+00 -6.790721871017038058e-01 2.440988829484840861e-01
1.581741926207981042e+00 7.601529976423646584e-01 4.659074462586508258e-01
1.802054659727066133e+00 2.262720823199587450e+00 5.224153395095436636e-01
2.053053625776520175e+00 5.242622264469687821e+00 5.952075790462058036e-01
2.339012952555230562e+00 7.255123273722585253e+00 5.645776782788828330e-01
2.664802089693036891e+00 8.093669843537593778e+00 4.963739612060132367e-01
3.035968727524477995e+00 8.056391153770738001e+00 4.130193236780284050e-01
3.458833265763586962e+00 7.472483908363988903e+00 3.329391720499605967e-01
3.940596440236666886e+00 6.212507120513880210e+00 2.552663300388367529e-01
4.489461940391565875e+00 5.172938238661642707e+00 1.967569641569162087e-01
5.114776105571953835e+00 4.031408885640358264e+00 1.480284611482389490e-01
5.827187078870319503e+00 3.408754863255035517e+00 1.166460852825265682e-01
6.638826128706195817e+00 2.652188555505921030e+00 8.916613633615955159e-02
7.563514225758552811e+00 2.157513864988907848e+00 7.039484194351627866e-02
8.616997392941321721e+00 1.718509004451948208e+00 5.572954704926482566e-02
9.817214836071872952e+00 1.344438875435146841e+00 4.443860391045029168e-02
1.118460442108735009e+01 1.065485502056276346e+00 3.625517528566445102e-02
1.274245069961824761e+01 8.344216811146700774e-01 3.000125939181657805e-02
1.451728140926205768e+01 6.601715231332325740e-01 2.544999933877594572e-02
1.653931920034971981e+01 5.047981916017556525e-01 2.183639223511015665e-02
1.884299628142029093e+01 3.669659114451577775e-01 1.894744303076100270e-02
2.146754074702852577e+01 2.944230794307101107e-01 1.721545730297415963e-02
2.445764457215044274e+01 2.124737817352262415e-01 1.563455821881436572e-02
2.786422464810916466e+01 1.630983703342574476e-01 1.462612566695907501e-02
3.174528981929791982e+01 1.179514559476591007e-01 1.379974202989351847e-02
3.616692868500850011e+01 7.906421813500852380e-02 1.313963997197569768e-02
4.120443498711833286e+01 5.524588738192237614e-02 1.272075395650696696e-02
4.694358974726586098e+01 3.797527379259846292e-02 1.242314547307495944e-02
