1.069642439726958605e+00 -1.236193195095030006e+00 nan
1.218627458003121777e+00 -8.170795707939477737e-01 3.338502681332321531e-01
1.388363836590320144e+00 -9.032533565998104308e-01 2.060505409241719377e-01
1.581741926207981042e+00 -6.683961458246376885e-01 3.106649590196151056e-01
1.802054659727066133e+00 5.316567999862620297e-01 5.493190209603688867e-01
2.053053625776520175e+00 3.178157496323309239e+00 7.454765017646411973e-01
2.339012952555230562e+00 4.268498975228350645e+00 6.874508085960945314e-01
2.664802089693036891e+00 7.640148434085262785e+00 7.372909087455745691e-01
3.035968727524477995e+00 8.277094170639509585e+00 6.355453119443517096e-01
3.458833265763586962e+00 7.871263180868437459e+00 5.162679850352265287e-01
3.940596440236666886e+00 7.306198454617970128e+00 4.153045346767251234e-01
4.489461940391565875e+00 5.885264014868665683e+00 3.134613956472414031e-01
5.114776105571953835e+00 5.001851797678160239e+00 2.440815312410959670e-01
5.827187078870319503e+00 4.073872300706662841e+00 1.875503755438168163e-01
6.638826128706195817e+00 3.269318288527566452e+00 1.440372003972147930e-01
7.563514225758552811e+00 2.478974244004847893e+00 1.090283928906508326e-01
8.616997392941321721e+00 2.095436589335868405e+00 8.743370064293479182e-02
9.817214836071872952e+00 1.567064891309219554e+00 6.740867126352692584e-02
1.118460442108735009e+01 1.317883248555535403e+00 5.534572930580201194e-02
1.274245069961824761e+01 1.015529775213509733e+00 4.463141257409777157e-02
1.451728140926205768e+01 7.952876400425974435e-01 3.695844286181652893e-02
1.653931920034971981e+01 5.903457902359798837e-01 3.075767945944165443e-02
1.884299628142029093e+01 4.694238057301118872e-01 2.672429029607682749e-02
2.146754074702852577e+01 3.487189891172635114e-01 2.335659871286630343e-02
2.445764457215044274e+01 2.663497631600559856e-01 2.102608289742921924e-02
2.786422464810916466e+01 1.884416034385847372e-01 1.909774666632246820e-02
3.174528981929791982e+01 1.355429785681179222e-01 1.777697132306601396e-02
3.616692868500850011e+01 1.043713197504829715e-01 1.694363584736991238e-02
4.120443498711833286e+01 6.721840527541744770e-02 1.614062057525620861e-02
4.694358974726586098e+01 4.696644023006801838e-02 1.566698338738800600e-02
