1.069642439726958605e+00 -2.538934213506474080e+00 nan
1.218627458003121777e+00 -7.030883835631369649e-01 1.268009828660599858e+01
1.388363836590320144e+00 -1.453267657656950096e+00 nan
1.581741926207981042e+00 -4.640492584745763427e-01 1.177325539763947937e+01
1.802054659727066133e+00 -7.593040889786526471e-01 6.486663938623830283e+00
2.053053625776520175e+00 -8.465363522804896235e-01 4.245102354323959659e+00
2.339012952555230562e+00 -1.079818667361789331e+00 nan
2.664802089693036891e+00 -6.730074052161829634e-01 4.213110421574414843e+00
3.035968727524477995e+00 -1.230540743097956913e+00 nan
3.458833265763586962e+00 7.357589547866074220e+00 1.447646727737704708e+01
3.940596440236666886e+00 -8.688527848822571453e-01 1.487976758186541515e+00
4.489461940391565875e+00 1.044636319865586138e+01 1.144897239447745640e+01
5.114776105571953835e+00 9.366130962860902187e+00 8.963546124227118383e+00
5.827187078870319503e+00 1.112833711133328762e+01 8.000144671455725387e+00
6.638826128706195817e+00 1.299530066650921079e+01 7.096989608816778983e+00
7.563514225758552811e+00 1.401778068196730942e+01 6.094132066665141068e+00
8.616997392941321721e+00 4.343880475647630135e+00 2.962465821003518851e+00
9.817214836071872952e+00 8.080410219120413018e+00 3.223622238867635215e+00
1.118460442108735009e+01 6.622362297832826705e+00 2.444099441143603002e+00
1.274245069961824761e+01 2.653478214143691449e+00 1.377820161004498889e+00
1.451728140926205768e+01 2.679795484156497043e+00 1.149927581024384970e+00
1.653931920034971981e+01 2.946556145499782176e+00 9.979891476304344478e-01
1.884299628142029093e+01 2.227876776400837144e+00 7.494162542830415941e-01
2.146754074702852577e+01 1.439370090256208767e+00 5.396295448826602392e-01
2.445764457215044274e+01 8.354644713205925388e-01 3.878020828058537650e-01
2.786422464810916466e+01 5.794228572401098898e-01 3.014935570450783531e-01
3.174528981929791982e+01 3.299952082902308792e-01 2.323134293250688764e-01
3.616692868500850011e+01 2.472657507956139700e-01 1.923274086141779082e-01
4.120443498711833286e+01 2.523584553254589746e-01 1.684172004953004564e-01
4.694358974726586098e+01 1.375454447458510643e-01 1.397355016145572781e-01
