1.069642439726958605e+00 -1.199532782542171994e+00 nan
1.218627458003121777e+00 -7.587298395842130283e-01 2.506893457603191488e-01
1.388363836590320144e+00 -5.521943573656873383e-01 2.898757902217345972e-01
1.581741926207981042e+00 8.371848480192443098e-01 4.785222961843281220e-01
1.802054659727066133e+00 3.391045978764337665e+00 6.098069860767456607e-01
2.053053625776520175e+00 5.615866348433759647e+00 6.162298285155107802e-01
2.339012952555230562e+00 7.009923586576135790e+00 5.587747978869123111e-01
2.664802089693036891e+00 7.910382205277771916e+00 4.936470690445027842e-01
3.035968727524477995e+00 7.826411817250695790e+00 4.094751133796862286e-01
3.458833265763586962e+00 7.066966542082921521e+00 3.258112951950464242e-01
3.940596440236666886e+00 5.890153900552640209e+00 2.501216657867282311e-01
4.489461940391565875e+00 5.305895497858485577e+00 2.001342617933842272e-01
5.114776105571953835e+00 4.227097745307201393e+00 1.520813786072261753e-01
5.827187078870319503e+00 3.347496279861527757e+00 1.162236978215745453e-01
6.638826128706195817e+00 2.668760250186524186e+00 8.983194454112627958e-02
7.563514225758552811e+00 2.124802837993521987e+00 7.024573221884612695e-02
8.616997392941321721e+00 1.680606843982783705e+00 5.545583474982321293e-02
9.817214836071872952e+00 1.364504218328035812e+00 4.489205492714724161e-02
1.118460442108735009e+01 1.088458564945489870e+00 3.669649227866859931e-02
1.274245069961824761e+01 8.433180562678903591e-01 3.022924153533529390e-02
1.451728140926205768e+01 6.496309874892964853e-01 2.541573054852837993e-02
1.653931920034971981e+01 5.065768542605069147e-01 2.193507672576377673e-02
1.884299628142029093e+01 3.869025065099793714e-01 1.924980922382487497e-02
2.146754074702852577e+01 2.954351846796847703e-01 1.728266865923139967e-02
2.445764457215044274e+01 2.103728451482145267e-01 1.565768536660742949e-02
2.786422464810916466e+01 1.517594090869249790e-01 1.453522282197147047e-02
3.174528981929791982e+01 1.144702982043397377e-01 1.379821431214878387e-02
3.616692868500850011e+01 7.372370203706801739e-02 1.311339952160487862e-02
4.120443498711833286e+01 5.120309925979582566e-02 1.270804389604499908e-02
4.694358974726586098e+01 3.044534523334729847e-02 1.236798855189959710e-02
