1.069642439726958605e+00 -1.357820245707306750e+00 nan
1.218627458003121777e+00 -1.105365477795723805e+00 nan
1.388363836590320144e+00 -1.119679867952157348e+00 nan
1.581741926207981042e+00 -1.828013227990670231e-01 4.883781859044772355e-01
1.802054659727066133e+00 7.465168773590713513e-02 4.605776628575627418e-01
2.053053625776520175e+00 2.286428704363380859e+00 6.614917658932855105e-01
2.339012952555230562e+00 4.975393248407298685e+00 7.336266876434152095e-01
2.664802089693036891e+00 7.121718192382541446e+00 7.150655278945410309e-01
3.035968727524477995e+00 8.089078090656645514e+00 6.295371865407113354e-01
3.458833265763586962e+00 8.080173115261500172e+00 5.233195946464915815e-01
3.940596440236666886e+00 7.223969192387966309e+00 4.135548861246512997e-01
4.489461940391565875e+00 6.186622858027218896e+00 3.213410822544013334e-01
5.114776105571953835e+00 5.011641925328552460e+00 2.445867792603677870e-01
5.827187078870319503e+00 4.012705531254098901e+00 1.864519960585294678e-01
6.638826128706195817e+00 3.326882094523305522e+00 1.453493843284362763e-01
7.563514225758552811e+00 2.627103190936630028e+00 1.119606371167420344e-01
8.616997392941321721e+00 2.032560489822671013e+00 8.639790806484742847e-02
9.817214836071872952e+00 1.579818542276824500e+00 6.769795084888299841e-02
1.118460442108735009e+01 1.290189806388218674e+00 5.494592745315314553e-02
1.274245069961824761e+01 1.024158194920381737e+00 4.481144011657127446e-02
1.451728140926205768e+01 7.787797394874822476e-01 3.673669959657940159e-02
1.653931920034971981e+01 6.236460608198319822e-01 3.129032011499993660e-02
1.884299628142029093e+01 4.595637319945844457e-01 2.659893545415273342e-02
2.146754074702852577e+01 3.556524814290875636e-01 2.347786155190963869e-02
2.445764457215044274e+01 2.613375470286078972e-01 2.096806367717200109e-02
2.786422464810916466e+01 1.911788368716100805e-01 1.915168923647401350e-02
3.174528981929791982e+01 1.331337152552101166e-01 1.775400858083833397e-02
3.616692868500850011e+01 9.723816971473642212e-02 1.685065410529469274e-02
4.120443498711833286e+01 6.353433141828213060e-02 1.609733148227041749e-02
4.694358974726586098e+01 3.913289906342454216e-02 1.556255786269155478e-02
