1.069642439726958605e+00 -1.257510202150307510e+00 nan
1.218627458003121777e+00 -5.302804945266634817e-01 3.487708898949525849e-01
1.388363836590320144e+00 -5.264686357627050839e-01 2.972049683276171694e-01
1.581741926207981042e+00 2.675036093168827733e-01 3.961621614322544116e-01
1.802054659727066133e+00 2.377703493355675768e+00 5.328075087666056531e-01
2.053053625776520175e+00 5.174703793806822105e+00 5.932591447440537236e-01
2.339012952555230562e+00 6.960998947998756847e+00 5.553885805557710054e-01
2.664802089693036891e+00 8.405463846738118860e+00 5.063454591365186275e-01
3.035968727524477995e+00 7.722414628475144482e+00 4.057322192467184840e-01
3.458833265763586962e+00 7.395410568838514997e+00 3.320119632163596179e-01
3.940596440236666886e+00 6.152678843826778099e+00 2.546394067603786060e-01
4.489461940391565875e+00 4.986471073438538681e+00 1.937765475903660828e-01
5.114776105571953835e+00 4.203841779966603021e+00 1.512741414574124421e-01
5.827187078870319503e+00 3.329724674372867455e+00 1.156292430432280111e-01
6.638826128706195817e+00 2.694242929295059152e+00 8.997988262903347523e-02
7.563514225758552811e+00 2.131145240724156231e+00 7.015689168122969666e-02
8.616997392941321721e+00 1.676912962709981691e+00 5.526759557831916608e-02
9.817214836071872952e+00 1.350347055617443282e+00 4.459856425435894389e-02
1.118460442108735009e+01 1.057247409829837892e+00 3.621459711316851043e-02
1.274245069961824761e+01 8.476505149403195105e-01 3.021666761096485770e-02
1.451728140926205768e+01 6.613120884501424435e-01 2.550506141780053623e-02
1.653931920034971981e+01 4.973535721618556060e-01 2.178026812384496746e-02
1.884299628142029093e+01 3.886840768582693340e-01 1.923464775379586655e-02
2.146754074702852577e+01 2.913573137507687871e-01 1.720304089318832816e-02
2.445764457215044274e+01 2.220970367200019169e-01 1.576938232725301134e-02
2.786422464810916466e+01 1.659043588405992864e-01 1.467810912736562667e-02
3.174528981929791982e+01 1.116383895679913252e-01 1.374246507355692155e-02
3.616692868500850011e+01 7.852421234245898773e-02 1.314930507497409987e-02
4.120443498711833286e+01 5.170454917939037998e-02 1.269423521505047732e-02
4.694358974726586098e+01 3.319206264108220950e-02 1.238143534499151072e-02
