1.069642439726958605e+00 -1.426110310493907907e+00 nan
1.218627458003121777e+00 -1.101588802723661775e+00 nan
1.388363836590320144e+00 -5.136501103452033590e-01 4.720184978130301801e+00
1.581741926207981042e+00 -3.382352941176469674e-01 4.483589206664168714e+00
1.802054659727066133e+00 -9.222026157359353160e-01 1.263868451448171504e+00
2.053053625776520175e+00 -8.735169705868683909e-01 1.320798335222669984e+00
2.339012952555230562e+00 -1.206620213530438690e+00 nan
2.664802089693036891e+00 -8.374244624685431848e-01 1.018116961265044029e+00
3.035968727524477995e+00 4.631039820899041093e-01 2.520424296141163367e+00
3.458833265763586962e+00 9.901497138463244418e-01 2.420232075494420876e+00
3.940596440236666886e+00 8.952128244605262353e+00 4.466403662870021662e+00
4.489461940391565875e+00 8.936321584620305458e+00 3.673526215431246467e+00
5.114776105571953835e+00 1.142362229713439525e+01 3.398522816375970645e+00
5.827187078870319503e+00 9.052930923197921587e+00 2.521918839715552085e+00
6.638826128706195817e+00 8.846555122727895792e+00 2.066514394994057646e+00
7.563514225758552811e+00 7.464660302434191763e+00 1.587396684164695815e+00
8.616997392941321721e+00 6.184772211787704421e+00 1.212307115315758743e+00
9.817214836071872952e+00 4.330630168982333217e+00 8.615620985677312493e-01
1.118460442108735009e+01 3.614199710588828385e+00 6.669750684347066638e-01
1.274245069961824761e+01 2.678410636512415177e+00 4.939023718777443839e-01
1.451728140926205768e+01 2.228556019189224191e+00 3.874367332682412401e-01
1.653931920034971981e+01 1.533192961830651013e+00 2.856650903883795611e-01
1.884299628142029093e+01 1.062221565570814930e+00 2.154978994835269890e-01
2.146754074702852577e+01 9.739709270744130176e-01 1.804759372469332546e-01
2.445764457215044274e+01 6.844153822749750038e-01 1.417164956826240385e-01
2.786422464810916466e+01 4.153627542646911586e-01 1.107378870101602270e-01
3.174528981929791982e+01 3.346171205638748258e-01 9.442686185516992181e-02
3.616692868500850011e+01 2.175477641944012497e-01 7.960565732457375310e-02
4.120443498711833286e+01 1.401019525521471909e-01 6.927367508864396006e-02
4.694358974726586098e+01 7.096165833915324406e-02 6.122506087858444607e-02
