1.069642439726958605e+00 -1.221496515004022676e+00 nan
1.218627458003121777e+00 -9.816167293978805830e-01 1.060757839011303577e-01
1.388363836590320144e+00 -1.054237509709891274e+00 nan
1.581741926207981042e+00 -4.712116055017006033e-01 3.932342753149374315e-01
1.802054659727066133e+00 2.805367221449808213e-01 5.033579652801655202e-01
2.053053625776520175e+00 1.554132202175434685e+00 5.834340997018403474e-01
2.339012952555230562e+00 5.439819927478784400e+00 7.628304471636784267e-01
2.664802089693036891e+00 7.585467083653885112e+00 7.365500202094871218e-01
3.035968727524477995e+00 8.333471059797606273e+00 6.389929612481565213e-01
3.458833265763586962e+00 7.984457248202692980e+00 5.209161243780847661e-01
3.940596440236666886e+00 7.021026452497352466e+00 4.084126945360899152e-01
4.489461940391565875e+00 6.548661554652078109e+00 3.305536125051245500e-01
5.114776105571953835e+00 5.056279124052522889e+00 2.458561221405811126e-01
5.827187078870319503e+00 3.984241103079958712e+00 1.860237385228710183e-01
6.638826128706195817e+00 3.367467394315864837e+00 1.463003044872574210e-01
7.563514225758552811e+00 2.587776301821493874e+00 1.113223139819150137e-01
8.616997392941321721e+00 2.097515017803225579e+00 8.764500386321479042e-02
9.817214836071872952e+00 1.588071849799705948e+00 6.790101031831152767e-02
1.118460442108735009e+01 1.303193460862584807e+00 5.520766946193417929e-02
1.274245069961824761e+01 9.972627580031088179e-01 4.442089445807501785e-02
1.451728140926205768e+01 7.861627543901272830e-01 3.688058742832110715e-02
1.653931920034971981e+01 6.376622761316936838e-01 3.152692182990346481e-02
1.884299628142029093e+01 4.475326774049663836e-01 2.643798550602218314e-02
2.146754074702852577e+01 3.521802958989805887e-01 2.344251956076813526e-02
2.445764457215044274e+01 2.592689984241467460e-01 2.095131920031166606e-02
2.786422464810916466e+01 1.865960919592526412e-01 1.909639501829429181e-02
3.174528981929791982e+01 1.426054633475422051e-01 1.790354007872766579e-02
3.616692868500850011e+01 1.018792910929164908e-01 1.692844532630467802e-02
4.120443498711833286e+01 7.391260995999249239e-02 1.625833820882046504e-02
4.694358974726586098e+01 4.546523062037177709e-02 1.566387720761465430e-02
