1.069642439726958605e+00 -1.199969640388602876e+00 nan
1.218627458003121777e+00 -9.634455732342830370e-01 1.508360855991534022e+00
1.388363836590320144e+00 -9.964523007139318711e-01 3.987927941892959738e-01
1.581741926207981042e+00 -1.040880926724137900e+00 nan
1.802054659727066133e+00 -4.540799959554164822e-01 3.311990501928457231e+00
2.053053625776520175e+00 -1.153867919878437842e+00 nan
2.339012952555230562e+00 -9.141845041975085184e-01 8.812046606386187975e-01
2.664802089693036891e+00 -1.269136480638041409e+00 nan
3.035968727524477995e+00 1.632325124148142237e+00 3.345265491955621062e+00
3.458833265763586962e+00 1.847955007721836296e+00 2.864954974297110102e+00
3.940596440236666886e+00 4.118192966580737746e+00 3.160253587944380271e+00
4.489461940391565875e+00 6.844787010079811829e+00 3.223704810116954089e+00
5.114776105571953835e+00 9.334584894798439336e+00 3.059135933840443577e+00
5.827187078870319503e+00 9.752759523489581639e+00 2.583741532614892034e+00
6.638826128706195817e+00 8.278245048779380610e+00 1.982043706898406032e+00
7.563514225758552811e+00 7.392732923985963822e+00 1.563715323071998897e+00
8.616997392941321721e+00 5.067729866865684052e+00 1.095895887755146791e+00
9.817214836071872952e+00 5.098287042041997452e+00 9.175103237886478302e-01
1.118460442108735009e+01 3.180082307610426540e+00 6.252201054572263939e-01
1.274245069961824761e+01 2.542584214914928697e+00 4.787079688721404547e-01
1.451728140926205768e+01 1.872561528780792628e+00 3.587536164140310846e-01
1.653931920034971981e+01 1.639838489576733727e+00 2.897914019943728103e-01
1.884299628142029093e+01 1.266849493872776122e+00 2.259675513757181398e-01
2.146754074702852577e+01 9.411994781388788311e-01 1.769069243549280801e-01
2.445764457215044274e+01 7.490770621919431438e-01 1.439432094810449703e-01
2.786422464810916466e+01 5.880673482092428905e-01 1.187752138390797962e-01
3.174528981929791982e+01 3.535891152222547795e-01 9.458660618933151243e-02
3.616692868500850011e+01 2.413870623790099756e-01 8.013436034693528776e-02
4.120443498711833286e+01 1.888668270516467018e-01 7.108624615632255783e-02
4.694358974726586098e+01 1.158022792372435106e-01 6.290723548247176278e-02
