1.069642439726958605e+00 -1.322710072690058247e+00 nan
1.218627458003121777e+00 -7.976749357501220494e-01 2.289525177259360833e-01
1.388363836590320144e+00 -5.826998188578167426e-01 2.790793372170449760e-01
1.581741926207981042e+00 4.382791307023015115e-01 4.221748216198582537e-01
1.802054659727066133e+00 2.573435804041376507e+00 5.482811238147280442e-01
2.053053625776520175e+00 4.912150243990888399e+00 5.804968972261375093e-01
2.339012952555230562e+00 7.311092782381621191e+00 5.679939154022439762e-01
2.664802089693036891e+00 8.525610871013135750e+00 5.098751958040027565e-01
3.035968727524477995e+00 8.048113009138457841e+00 4.138537760802588616e-01
3.458833265763586962e+00 7.259776546926566709e+00 3.291773645995090258e-01
3.940596440236666886e+00 6.130494201249846675e+00 2.542733560006396609e-01
4.489461940391565875e+00 5.180590620205268948e+00 1.973716922452348754e-01
5.114776105571953835e+00 4.290872881505653602e+00 1.527857414719492601e-01
5.827187078870319503e+00 3.357834200228800192e+00 1.161088997161751624e-01
6.638826128706195817e+00 2.722287069663451131e+00 9.042509166987089397e-02
7.563514225758552811e+00 2.101501264052418438e+00 6.975053709788289757e-02
8.616997392941321721e+00 1.730042047200496702e+00 5.600777140762587536e-02
9.817214836071872952e+00 1.323149516903753486e+00 4.425139081632201848e-02
1.118460442108735009e+01 1.060002806133333308e+00 3.625819616943060791e-02
1.274245069961824761e+01 8.257269897860894936e-01 2.995078868458026997e-02
1.451728140926205768e+01 6.223471278929098016e-01 2.503458913507384392e-02
1.653931920034971981e+01 4.986201479232741374e-01 2.179994049756828547e-02
1.884299628142029093e+01 3.779884218295763709e-01 1.911056769474613060e-02
2.146754074702852577e+01 2.856124087506399789e-01 1.713794144816683032e-02
2.445764457215044274e+01 2.081264019712514290e-01 1.560672867441982060e-02
2.786422464810916466e+01 1.562031953780720350e-01 1.456594689814650831e-02
3.174528981929791982e+01 1.080498157168325868e-01 1.370235786717229239e-02
3.616692868500850011e+01 7.675425580317996044e-02 1.313053092953373260e-02
4.120443498711833286e+01 4.741996520619307098e-02 1.264569689624113133e-02
4.694358974726586098e+01 2.851608417262552209e-02 1.232821324587028700e-02
