1.069642439726958605e+00 -1.302176944631133093e+00 nan
1.218627458003121777e+00 -1.068093501100578990e+00 nan
1.388363836590320144e+00 -9.723935582838707514e-01 1.094398985161915000e-01
1.581741926207981042e+00 -6.894744728081145801e-01 2.989165816599589909e-01
1.802054659727066133e+00 -7.459636512372513906e-02 4.244144337561015501e-01
2.053053625776520175e+00 2.395298488547500160e+00 6.677847956932778661e-01
2.339012952555230562e+00 5.369610447598083702e+00 7.525979084655819440e-01
2.664802089693036891e+00 7.550264381297822069e+00 7.292221310616369134e-01
3.035968727524477995e+00 8.137005400737386651e+00 6.270050105432873888e-01
3.458833265763586962e+00 8.645951163797747085e+00 5.368491301967813767e-01
3.940596440236666886e+00 7.238727529176799180e+00 4.112180760485611986e-01
4.489461940391565875e+00 6.212765871818143104e+00 3.198821152819350533e-01
5.114776105571953835e+00 4.897944984423160619e+00 2.404014309015290174e-01
5.827187078870319503e+00 4.101409991036227609e+00 1.871517195246927834e-01
6.638826128706195817e+00 3.121401397207126838e+00 1.403304033821388408e-01
7.563514225758552811e+00 2.634258825245813895e+00 1.114082021964044322e-01
8.616997392941321721e+00 2.060366360269597852e+00 8.637679553016611167e-02
9.817214836071872952e+00 1.611147897922385663e+00 6.783810068225611112e-02
1.118460442108735009e+01 1.295801389944463811e+00 5.472853034068345807e-02
1.274245069961824761e+01 9.941471234143783864e-01 4.409393380901056175e-02
1.451728140926205768e+01 7.994206285019784808e-01 3.686475866837825993e-02
1.653931920034971981e+01 6.062695562962012730e-01 3.087345817203561438e-02
1.884299628142029093e+01 4.720329920081742792e-01 2.666011074765021679e-02
2.146754074702852577e+01 3.690593763541158978e-01 2.357131242162698384e-02
2.445764457215044274e+01 2.637140929464096839e-01 2.091397646167423782e-02
2.786422464810916466e+01 2.050256870711990587e-01 1.927647032817335002e-02
3.174528981929791982e+01 1.491592127024756742e-01 1.791851801499454166e-02
3.616692868500850011e+01 1.075986798241741482e-01 1.693789611870452627e-02
4.120443498711833286e+01 7.181412389210461988e-02 1.615849863006964954e-02
4.694358974726586098e+01 4.838378190391456890e-02 1.564087551673505952e-02
