1.069642439726958605e+00 -8.680638075590283442e-01 3.746747968368261406e-01
1.218627458003121777e+00 -1.146107155696499902e+00 nan
1.388363836590320144e+00 -8.598163665078479845e-01 2.490817877947032466e-01
1.581741926207981042e+00 -7.071024062819715184e-01 2.932020644593625880e-01
1.802054659727066133e+00 7.036316460731890654e-01 5.818398710814396413e-01
2.053053625776520175e+00 2.697852244716627546e+00 7.040064150705575008e-01
2.339012952555230562e+00 5.494789057638655549e+00 7.675943062546798368e-01
2.664802089693036891e+00 7.490917096841426037e+00 7.337571868108656581e-01
3.035968727524477995e+00 8.215417212711999539e+00 6.359516894575496515e-01
3.458833265763586962e+00 8.317805473762806656e+00 5.321071848628057266e-01
3.940596440236666886e+00 7.755203531419784468e+00 4.290903645088900431e-01
4.489461940391565875e+00 6.212784983916598947e+00 3.229016755809280825e-01
5.114776105571953835e+00 5.194412645140710438e+00 2.494597940331493013e-01
5.827187078870319503e+00 3.979489048488726866e+00 1.862523066065468746e-01
6.638826128706195817e+00 3.348751827458189556e+00 1.461814700429309721e-01
7.563514225758552811e+00 2.447787941038726434e+00 1.088421061491309100e-01
8.616997392941321721e+00 1.961063040802363933e+00 8.533039137599827961e-02
9.817214836071872952e+00 1.617406746876114632e+00 6.851601533122247956e-02
1.118460442108735009e+01 1.296318449918990146e+00 5.518106643635587588e-02
1.274245069961824761e+01 9.714769925781627791e-01 4.407656968028315220e-02
1.451728140926205768e+01 7.996148448706807965e-01 3.714252147962397027e-02
1.653931920034971981e+01 5.895189489040226771e-01 3.083808006426095108e-02
1.884299628142029093e+01 4.663143280876680397e-01 2.675424617188064055e-02
2.146754074702852577e+01 3.392786543837931212e-01 2.328004871872577097e-02
2.445764457215044274e+01 2.679285895224872149e-01 2.110388604642030388e-02
2.786422464810916466e+01 1.996147474387948151e-01 1.930939528347223183e-02
3.174528981929791982e+01 1.440424654364087509e-01 1.794410001940952015e-02
3.616692868500850011e+01 1.034854810224423716e-01 1.696982701245131411e-02
4.120443498711833286e+01 6.706761446352205169e-02 1.617482553641185275e-02
4.694358974726586098e+01 4.304781954054814896e-02 1.564430100176070204e-02
