1.069642439726958605e+00 -7.503586131830011219e-01 8.406274981508700117e-01
1.218627458003121777e+00 -1.171386876480253303e+00 nan
1.388363836590320144e+00 -9.549019180910107707e-01 2.304264864979388427e-01
1.581741926207981042e+00 -8.684070732062292297e-01 3.205262761861299436e-01
1.802054659727066133e+00 -5.389249727928158151e-01 4.933333992280329316e-01
2.053053625776520175e+00 9.923232156395744852e-02 6.245493309174821039e-01
2.339012952555230562e+00 2.452325824840919211e+00 9.080735801533944551e-01
2.664802089693036891e+00 5.469342160098799255e+00 1.036652367640788164e+00
3.035968727524477995e+00 7.357180926067210081e+00 9.778876415973060121e-01
3.458833265763586962e+00 8.220421328752122392e+00 8.521329513639015474e-01
3.940596440236666886e+00 7.848269027879833715e+00 6.915513307255348741e-01
4.489461940391565875e+00 7.562356633639305770e+00 5.654288980295784084e-01
5.114776105571953835e+00 5.917978027073605318e+00 4.209474917983804243e-01
5.827187078870319503e+00 5.343263666793985678e+00 3.370804997868934172e-01
6.638826128706195817e+00 4.116640507281168482e+00 2.517054508655497957e-01
7.563514225758552811e+00 3.311168863276121144e+00 1.934744044722813971e-01
8.616997392941321721e+00 2.617509963285682417e+00 1.487738259546742270e-01
9.817214836071872952e+00 2.104954369501357725e+00 1.164160100716035429e-01
1.118460442108735009e+01 1.630194166753800022e+00 9.085109708639139969e-02
1.274245069961824761e+01 1.271369472276308255e+00 7.214904612805744799e-02
1.451728140926205768e+01 9.808556395722576315e-01 5.813270438746592772e-02
1.653931920034971981e+01 7.663810852482944025e-01 4.797615058403596061e-02
1.884299628142029093e+01 6.110452375116763868e-01 4.065650770401983000e-02
2.146754074702852577e+01 4.287271779159940177e-01 3.407301524064894338e-02
2.445764457215044274e+01 3.393385838350746475e-01 3.017730998109025009e-02
2.786422464810916466e+01 2.358251979561829526e-01 2.665914352057981163e-02
3.174528981929791982e+01 1.702924657266562392e-01 2.432849467231600060e-02
3.616692868500850011e+01 1.235843759716976908e-01 2.268615424340677394e-02
4.120443498711833286e+01 8.101975327548727179e-02 2.135693514142635724e-02
4.694358974726586098e+01 5.622070634613862694e-02 2.052678295013680640e-02
