1.069642439726958605e+00 -1.275124942073282863e+00 nan
1.218627458003121777e+00 -1.056486484757306776e+00 nan
1.388363836590320144e+00 -7.628660599767249639e-01 3.225106174732872977e-01
1.581741926207981042e+00 -7.431167071430007098e-01 2.733474775295008929e-01
1.802054659727066133e+00 2.496696036150050091e-01 4.959659186350876547e-01
2.053053625776520175e+00 2.440686898880347400e+00 6.759025837646766011e-01
2.339012952555230562e+00 4.999983601673519296e+00 7.340538311470685695e-01
2.664802089693036891e+00 7.319689484659573253e+00 7.228931676838097342e-01
3.035968727524477995e+00 8.359413309645805867e+00 6.383101422139410008e-01
3.458833265763586962e+00 7.730111376819728264e+00 5.117467045331707265e-01
3.940596440236666886e+00 7.282918954183806193e+00 4.145597106581457858e-01
4.489461940391565875e+00 6.154877759080730648e+00 3.200966143168132994e-01
5.114776105571953835e+00 5.129299084479686854e+00 2.469312592141940932e-01
5.827187078870319503e+00 3.873517645574873214e+00 1.831946851258794140e-01
6.638826128706195817e+00 3.386572933766412330e+00 1.463392773384549483e-01
7.563514225758552811e+00 2.527767071568442603e+00 1.099295101954886195e-01
8.616997392941321721e+00 1.982317101946657001e+00 8.537996162326763616e-02
9.817214836071872952e+00 1.621650445337113222e+00 6.832882603904602559e-02
1.118460442108735009e+01 1.230712460412049847e+00 5.389928921261678829e-02
1.274245069961824761e+01 9.874363921613695805e-01 4.417489288137872727e-02
1.451728140926205768e+01 7.534403996721590335e-01 3.630257242379238136e-02
1.653931920034971981e+01 5.879047859023207590e-01 3.071437050356079154e-02
1.884299628142029093e+01 4.707671556182155825e-01 2.673923046908050979e-02
2.146754074702852577e+01 3.332097122324881866e-01 2.312253875805433262e-02
2.445764457215044274e+01 2.574093210668706444e-01 2.089079456504779747e-02
2.786422464810916466e+01 1.889591849226248677e-01 1.910215124153212193e-02
3.174528981929791982e+01 1.332215773886966659e-01 1.774013952664714802e-02
3.616692868500850011e+01 9.596938688899969705e-02 1.681817380857895602e-02
4.120443498711833286e+01 6.253341740988327402e-02 1.606972341190690198e-02
4.694358974726586098e+01 3.475433282950546321e-02 1.548628758295842595e-02
