1.069642439726958605e+00 -1.030937338855805852e+00 nan
1.218627458003121777e+00 -8.219028929341753997e-01 3.282291484270168924e-01
1.388363836590320144e+00 -1.083131616553413501e+00 nan
1.581741926207981042e+00 -7.907452367031626572e-01 2.458834075808555564e-01
1.802054659727066133e+00 6.359677964546821549e-01 5.656992447203729180e-01
2.053053625776520175e+00 2.102463561698152628e+00 6.395174645804773128e-01
2.339012952555230562e+00 5.000596117040517541e+00 7.316655356064177829e-01
2.664802089693036891e+00 6.853326415889090306e+00 6.994789226988957775e-01
3.035968727524477995e+00 8.308477479380655950e+00 6.344209686718061958e-01
3.458833265763586962e+00 8.223488317897135857e+00 5.252330783080498833e-01
3.940596440236666886e+00 6.749742509249890610e+00 3.986172540005570863e-01
4.489461940391565875e+00 6.564374509197158147e+00 3.290934710028411425e-01
5.114776105571953835e+00 4.879721205444497834e+00 2.404519157114265171e-01
5.827187078870319503e+00 4.278592251226803533e+00 1.912607137272065438e-01
6.638826128706195817e+00 3.328289325711394575e+00 1.447412295868814314e-01
7.563514225758552811e+00 2.635809137556667903e+00 1.116438818343087058e-01
8.616997392941321721e+00 2.105513850524448394e+00 8.733990788571975583e-02
9.817214836071872952e+00 1.574636459271239630e+00 6.733262023910437100e-02
1.118460442108735009e+01 1.238095536828995646e+00 5.387409028496124852e-02
1.274245069961824761e+01 9.990577781172378380e-01 4.424400682359585363e-02
1.451728140926205768e+01 7.709324321375810030e-01 3.648225918667802326e-02
1.653931920034971981e+01 6.144004256827615418e-01 3.104256168071154245e-02
1.884299628142029093e+01 4.629142659784923897e-01 2.656168099530325719e-02
2.146754074702852577e+01 3.604724351997876663e-01 2.347599597740381711e-02
2.445764457215044274e+01 2.668265273414185401e-01 2.098649409520469966e-02
2.786422464810916466e+01 1.905739079017607640e-01 1.908844830676955165e-02
3.174528981929791982e+01 1.368383465320905934e-01 1.775960027064835134e-02
3.616692868500850011e+01 1.008705150922184490e-01 1.685904148601204827e-02
4.120443498711833286e+01 6.264084263429214872e-02 1.604270628854241598e-02
4.694358974726586098e+01 4.542419055825108742e-02 1.561482772131919487e-02
