1.069642439726958605e+00 -1.429197525940819169e+00 nan
1.218627458003121777e+00 -6.366490512394413770e-01 4.813476930901849471e+00
1.388363836590320144e+00 -5.997749030261794179e-01 4.287342795287873543e+00
1.581741926207981042e+00 -5.632612252317761303e-01 3.646982789314159756e+00
1.802054659727066133e+00 -1.075601442914280170e+00 nan
2.053053625776520175e+00 -1.357551273432594297e+00 nan
2.339012952555230562e+00 -7.675425029813713884e-01 1.468017396448208167e+00
2.664802089693036891e+00 -1.109281936080888986e+00 nan
3.035968727524477995e+00 3.308233003560838270e+00 4.333583607762827583e+00
3.458833265763586962e+00 9.764287460170251176e-01 2.414929443447840551e+00
3.940596440236666886e+00 1.155973517644599013e+01 5.030989101572824751e+00
4.489461940391565875e+00 7.996873587100115088e+00 3.497333017878873740e+00
5.114776105571953835e+00 1.475567566397298691e+01 3.846943581411743640e+00
5.827187078870319503e+00 1.025449012504054380e+01 2.677231935126473950e+00
6.638826128706195817e+00 9.163312237831915397e+00 2.103765965276703565e+00
7.563514225758552811e+00 6.938136600177079671e+00 1.536164956067028742e+00
8.616997392941321721e+00 6.626094987644048473e+00 1.253445797527527272e+00
9.817214836071872952e+00 4.636233842093144375e+00 8.891104331686833229e-01
1.118460442108735009e+01 3.638633185067035036e+00 6.697299217249120806e-01
1.274245069961824761e+01 2.691486712364581813e+00 4.954773411072346256e-01
1.451728140926205768e+01 2.084457605809226344e+00 3.778565720760707070e-01
1.653931920034971981e+01 1.378368555844356358e+00 2.756667458329366549e-01
1.884299628142029093e+01 1.212028352658005570e+00 2.250553928669127846e-01
2.146754074702852577e+01 8.769254642466774996e-01 1.750471732789700974e-01
2.445764457215044274e+01 7.173549054455556906e-01 1.436796010228860998e-01
2.786422464810916466e+01 4.974638593015638932e-01 1.151935945882549550e-01
3.174528981929791982e+01 3.337601264922371858e-01 9.447732759883402387e-02
3.616692868500850011e+01 2.241950941430188582e-01 8.000937155386865507e-02
4.120443498711833286e+01 1.609000830473794608e-01 7.034076947045808659e-02
4.694358974726586098e+01 8.652658821620007323e-02 6.201881921564589978e-02
