1.069642439726958605e+00 -2.696887382017828294e+00 nan
1.218627458003121777e+00 -1.860681918728153139e-01 7.309298921142334038e+00
1.388363836590320144e+00 -1.221062389875771981e+00 nan
1.581741926207981042e+00 -6.993268166728143775e-01 3.070087188358819219e+00
1.802054659727066133e+00 -1.527012217809986527e+00 nan
2.053053625776520175e+00 -9.032333961623881802e-01 1.173591906011274277e+00
2.339012952555230562e+00 -1.051944545298290290e+00 nan
2.664802089693036891e+00 -7.357897350666231517e-01 1.318521437697448562e+00
3.035968727524477995e+00 3.624622473014720292e+00 4.555600152782488088e+00
3.458833265763586962e+00 4.065430038818195868e+00 3.926796569874645204e+00
3.940596440236666886e+00 7.988523666372620013e+00 4.309416835478621977e+00
4.489461940391565875e+00 1.130451297534698263e+01 4.160008894529586776e+00
5.114776105571953835e+00 1.141330291159848009e+01 3.450172969146342972e+00
5.827187078870319503e+00 1.286977604910921613e+01 3.027820712258561198e+00
6.638826128706195817e+00 9.603241538697647073e+00 2.181697184391407252e+00
7.563514225758552811e+00 6.688720540736687425e+00 1.531842620769864993e+00
8.616997392941321721e+00 6.780143484918049523e+00 1.284778303072815486e+00
9.817214836071872952e+00 4.427877555490978168e+00 8.832624738196191982e-01
1.118460442108735009e+01 3.022499375302568403e+00 6.279263613002006306e-01
1.274245069961824761e+01 2.082278081869668007e+00 4.543981616303411353e-01
1.451728140926205768e+01 2.267570022862118950e+00 3.958419760573553825e-01
1.653931920034971981e+01 1.506504141817575082e+00 2.880204652644093311e-01
1.884299628142029093e+01 1.384373228929269395e+00 2.386174136204123331e-01
2.146754074702852577e+01 9.111797561687520197e-01 1.792925984396795402e-01
2.445764457215044274e+01 6.380619455714897637e-01 1.410336930743539552e-01
2.786422464810916466e+01 5.096159718639201586e-01 1.172076597235203882e-01
3.174528981929791982e+01 3.191142751047788551e-01 9.480293536297899892e-02
3.616692868500850011e+01 3.312739915111477806e-01 8.619001895053020335e-02
4.120443498711833286e+01 2.596596759705689372e-01 7.585849425532076307e-02
4.694358974726586098e+01 1.169093290854552603e-01 6.407747110584867400e-02
