1.069642439726958605e+00 -2.004815522171354392e+00 nan
1.218627458003121777e+00 -3.882054476706757740e-01 1.854561952910144029e+01
1.388363836590320144e+00 -1.999526824170311468e+00 nan
1.581741926207981042e+00 -2.314894765245548047e+00 nan
1.802054659727066133e+00 -7.925343335087406960e-01 6.136046068968012079e+00
2.053053625776520175e+00 -8.061576944313770809e-01 4.861148267942851042e+00
2.339012952555230562e+00 -1.119102883960636063e+00 nan
2.664802089693036891e+00 -1.052486765882584496e+00 nan
3.035968727524477995e+00 -1.012261526648003507e+00 nan
3.458833265763586962e+00 7.782602662895429013e+00 1.512087287308367500e+01
3.940596440236666886e+00 -1.152990290664041684e+00 nan
4.489461940391565875e+00 6.723961162306112627e+00 9.572274228738336888e+00
5.114776105571953835e+00 1.774375878491651193e+01 1.232122272398552276e+01
5.827187078870319503e+00 9.690508010765100266e+00 7.645339818503221530e+00
6.638826128706195817e+00 1.242607508660095661e+01 7.077376584221605427e+00
7.563514225758552811e+00 1.306050820257233447e+01 5.998703015707515185e+00
8.616997392941321721e+00 7.872292332328409969e+00 3.914536668225215177e+00
9.817214836071872952e+00 8.708855216451476977e+00 3.400511331473678123e+00
1.118460442108735009e+01 4.315930146963997238e+00 2.059278509956081749e+00
1.274245069961824761e+01 2.757666283440338706e+00 1.424028617587255185e+00
1.451728140926205768e+01 2.823808271385449320e+00 1.195132298025179063e+00
1.653931920034971981e+01 2.241069848222597471e+00 9.125606162615108596e-01
1.884299628142029093e+01 1.728235267277708598e+00 6.949044080839700266e-01
2.146754074702852577e+01 7.964223239781409447e-01 4.632621620942101170e-01
2.445764457215044274e+01 8.340818233467262033e-01 3.944374183388082988e-01
2.786422464810916466e+01 6.639414207638956178e-01 3.162347095489312365e-01
3.174528981929791982e+01 3.536799660180081073e-01 2.387743159402214987e-01
3.616692868500850011e+01 2.618440979075178365e-01 1.969165086301033207e-01
4.120443498711833286e+01 1.107118829369471147e-01 1.578818886438470293e-01
4.694358974726586098e+01 1.487575919079173747e-01 1.428078579190941444e-01
