1.069642439726958605e+00 -1.874826637513157923e+00 nan
1.218627458003121777e+00 -1.134529066089236427e+00 nan
1.388363836590320144e+00 -6.227847577995599959e-01 4.222143425526287963e+00
1.581741926207981042e+00 -1.038816153420615951e+00 nan
1.802054659727066133e+00 -1.258579212146299309e+00 nan
2.053053625776520175e+00 -1.237172598784319622e+00 nan
2.339012952555230562e+00 -9.653659080530574421e-01 5.747828502485266000e-01
2.664802089693036891e+00 -8.186771050753873791e-01 1.092075147656130563e+00
3.035968727524477995e+00 -9.252107145234191865e-01 5.785744461797862614e-01
3.458833265763586962e+00 8.842061535961529550e-01 2.391726897064536672e+00
3.940596440236666886e+00 5.685082324670418075e+00 3.711174926536642715e+00
4.489461940391565875e+00 1.222693807455464032e+01 4.315463107168130641e+00
5.114776105571953835e+00 1.258496729887863985e+01 3.613549849338287601e+00
5.827187078870319503e+00 8.653278079414640445e+00 2.507647307867969744e+00
6.638826128706195817e+00 1.033231539578850366e+01 2.259101511425535058e+00
7.563514225758552811e+00 7.418516482375494547e+00 1.606842899245630063e+00
8.616997392941321721e+00 5.636068852094840764e+00 1.179248653795927693e+00
9.817214836071872952e+00 4.253300383246093830e+00 8.676199055673531335e-01
1.118460442108735009e+01 3.660998840231894036e+00 6.806634597936817022e-01
1.274245069961824761e+01 2.642910916905277574e+00 4.984652356177786126e-01
1.451728140926205768e+01 2.471817821575793328e+00 4.098750808546793856e-01
1.653931920034971981e+01 1.396966822037827516e+00 2.805757063301453358e-01
1.884299628142029093e+01 9.062809964256184347e-01 2.085423504563160835e-01
2.146754074702852577e+01 7.653630579819126201e-01 1.706283210562303809e-01
2.445764457215044274e+01 5.863609040212311996e-01 1.381129342626659651e-01
2.786422464810916466e+01 5.123067466252726465e-01 1.173327853897870587e-01
3.174528981929791982e+01 3.298044850413559548e-01 9.533763196555919417e-02
3.616692868500850011e+01 2.949497467499089254e-01 8.437995748578863697e-02
4.120443498711833286e+01 1.731368374752784156e-01 7.164683578373079453e-02
4.694358974726586098e+01 1.162472826059444131e-01 6.403786926782711886e-02
