1.069642439726958605e+00 -9.197159893814097487e-01 1.902732534779361384e-01
1.218627458003121777e+00 -8.781751845796594846e-01 1.781200627010650628e-01
1.388363836590320144e+00 -8.475431135342370581e-02 4.144634108896786406e-01
1.581741926207981042e+00 4.456324865668146451e-01 4.243599203921223362e-01
1.802054659727066133e+00 2.382095343892468353e+00 5.347061349402305597e-01
2.053053625776520175e+00 5.408462553884534785e+00 6.063059378359108020e-01
2.339012952555230562e+00 6.622247900086670747e+00 5.446756497552593945e-01
2.664802089693036891e+00 8.114761684711019996e+00 4.995081134932142786e-01
3.035968727524477995e+00 8.086954644557668104e+00 4.158484198742677385e-01
3.458833265763586962e+00 7.322269361353511030e+00 3.313556429411727011e-01
3.940596440236666886e+00 6.166231708424707136e+00 2.556095293431597248e-01
4.489461940391565875e+00 5.300592384440010463e+00 2.000276294079188222e-01
5.114776105571953835e+00 4.167564897008136704e+00 1.510628952814703496e-01
5.827187078870319503e+00 3.393320946329954513e+00 1.169485553508809311e-01
6.638826128706195817e+00 2.628761731245657263e+00 8.922299420848618656e-02
7.563514225758552811e+00 2.129191123371620531e+00 7.030513571107800674e-02
8.616997392941321721e+00 1.723076162228361685e+00 5.603474105100010594e-02
9.817214836071872952e+00 1.371329013980036482e+00 4.497977713167398278e-02
1.118460442108735009e+01 1.046899588560893601e+00 3.616430504671076795e-02
1.274245069961824761e+01 8.425855184343553628e-01 3.021882031939839008e-02
1.451728140926205768e+01 6.378620798154419624e-01 2.527075210845741021e-02
1.653931920034971981e+01 5.282774028668111299e-01 2.219602666068143382e-02
1.884299628142029093e+01 4.028507078189318413e-01 1.943984556107123188e-02
2.146754074702852577e+01 3.071369002473782750e-01 1.742124848754266278e-02
2.445764457215044274e+01 2.249378180263037486e-01 1.582983923701506215e-02
2.786422464810916466e+01 1.684740540260600827e-01 1.473253678135894376e-02
3.174528981929791982e+01 1.211448025746646451e-01 1.387667438310404185e-02
3.616692868500850011e+01 8.467787876471422059e-02 1.324240788433046767e-02
4.120443498711833286e+01 5.870873240312302066e-02 1.279630478887482277e-02
4.694358974726586098e+01 3.893382594406413766e-02 1.246785860688695222e-02
