1.069642439726958605e+00 -1.128056981541254444e+00 nan
1.218627458003121777e+00 -8.434037004090482181e-01 3.075657874671673953e-01
1.388363836590320144e+00 -9.284786909956530554e-01 1.764003759374611624e-01
1.581741926207981042e+00 -7.368908570236312183e-01 2.755296501962888889e-01
1.802054659727066133e+00 6.094284780263568013e-01 5.606970377821051121e-01
2.053053625776520175e+00 2.709348654699440306e+00 6.991353983913978221e-01
2.339012952555230562e+00 5.278123691549692964e+00 7.481285935447127278e-01
2.664802089693036891e+00 7.914060083412060465e+00 7.460612299003415160e-01
3.035968727524477995e+00 7.679072687398083907e+00 6.112358412996675705e-01
3.458833265763586962e+00 7.942744955912873550e+00 5.163166317246569159e-01
3.940596440236666886e+00 7.364801054549423576e+00 4.151767929972632887e-01
4.489461940391565875e+00 6.705686305352510423e+00 3.322849249664625582e-01
5.114776105571953835e+00 5.193767482488819809e+00 2.474662781053325877e-01
5.827187078870319503e+00 3.959788426941713180e+00 1.843692554660250893e-01
6.638826128706195817e+00 3.217402884503467231e+00 1.424377664335121640e-01
7.563514225758552811e+00 2.614587500407738130e+00 1.111761905830187386e-01
8.616997392941321721e+00 2.080220114605151327e+00 8.683633302151898270e-02
9.817214836071872952e+00 1.654891752565768481e+00 6.866437592139920665e-02
1.118460442108735009e+01 1.320825511519834627e+00 5.520036980665889853e-02
1.274245069961824761e+01 1.013148724512237919e+00 4.444348677171820750e-02
1.451728140926205768e+01 8.249645441401922685e-01 3.729721276453992068e-02
1.653931920034971981e+01 6.244722879703124008e-01 3.117969036710976569e-02
1.884299628142029093e+01 4.821642419610427943e-01 2.683647387969278347e-02
2.146754074702852577e+01 3.704937696251247026e-01 2.361367050401087103e-02
2.445764457215044274e+01 2.768820938825498068e-01 2.112533455179065045e-02
2.786422464810916466e+01 1.971004006679524245e-01 1.917624965797785214e-02
3.174528981929791982e+01 1.449030197524914243e-01 1.787047438289147624e-02
3.616692868500850011e+01 1.007809475600958127e-01 1.685136999972842650e-02
4.120443498711833286e+01 6.941693719590324996e-02 1.613559423868854079e-02
4.694358974726586098e+01 4.975230168587141399e-02 1.567226912044523274e-02
