1.069642439726958605e+00 -1.079037820334569631e+00 nan
1.218627458003121777e+00 -4.820247292019197438e-01 9.222299635047410682e-01
1.388363836590320144e+00 -9.997137163743752275e-01 1.839915521589444852e-02
1.581741926207981042e+00 -8.366576721120189131e-01 3.578894848040063414e-01
1.802054659727066133e+00 -3.463006197511866446e-01 5.887357121134568771e-01
2.053053625776520175e+00 3.819456064020165798e-01 7.019018821247609008e-01
2.339012952555230562e+00 3.362237216747766766e+00 1.023657509734524185e+00
2.664802089693036891e+00 5.294627754788037599e+00 1.024592555068082111e+00
3.035968727524477995e+00 7.650687820955034191e+00 9.975059394239537136e-01
3.458833265763586962e+00 8.172097886517104115e+00 8.516274141161493949e-01
3.940596440236666886e+00 9.024651680082218519e+00 7.404456231869867011e-01
4.489461940391565875e+00 7.346641006409178942e+00 5.588697938091649053e-01
5.114776105571953835e+00 6.169741207224044288e+00 4.301671872618876291e-01
5.827187078870319503e+00 5.164109066934935655e+00 3.323873052106101622e-01
6.638826128706195817e+00 4.212493665002910781e+00 2.549112033099839580e-01
7.563514225758552811e+00 3.380217230766953573e+00 1.956780010065863329e-01
8.616997392941321721e+00 2.803173511699802223e+00 1.536496226419812317e-01
9.817214836071872952e+00 2.067592803417436897e+00 1.157620337775105007e-01
1.118460442108735009e+01 1.577848823219488494e+00 8.984799834712152433e-02
1.274245069961824761e+01 1.310136595816369542e+00 7.310851103783511107e-02
1.451728140926205768e+01 9.899623636071925858e-01 5.842212144375449195e-02
1.653931920034971981e+01 7.252146259380081172e-01 4.723050677749181248e-02
1.884299628142029093e+01 5.847099087094203007e-01 4.020558562166583194e-02
2.146754074702852577e+01 4.296270281904590593e-01 3.414200411217515468e-02
2.445764457215044274e+01 3.517589177707387549e-01 3.045705129621997798e-02
2.786422464810916466e+01 2.548739511353395049e-01 2.705560814514057499e-02
3.174528981929791982e+01 1.878800985004183133e-01 2.469111199324800637e-02
3.616692868500850011e+01 1.262199749425283457e-01 2.276397447915255029e-02
4.120443498711833286e+01 9.169364252070311139e-02 2.158275624409451005e-02
4.694358974726586098e+01 6.161718255471493322e-02 2.065195978088004217e-02
