1.069642439726958605e+00 -1.297118129773844775e+00 nan
1.218627458003121777e+00 -4.573555752174194300e-01 9.401262331284679918e-01
1.388363836590320144e+00 -1.099294043041303404e+00 nan
1.581741926207981042e+00 -1.373550945698596593e+00 nan
1.802054659727066133e+00 -6.643623609341804404e-01 4.201107596526864607e-01
2.053053625776520175e+00 7.035010926695064448e-01 7.762733990523572603e-01
2.339012952555230562e+00 3.052794923010424544e+00 9.824877655267899579e-01
2.664802089693036891e+00 4.255580546285243848e+00 9.314395823808568897e-01
3.035968727524477995e+00 6.689850390779333189e+00 9.353548557217565840e-01
3.458833265763586962e+00 8.607635424518569778e+00 8.690039480114081227e-01
3.940596440236666886e+00 8.639605680551660782e+00 7.223527409794673337e-01
4.489461940391565875e+00 7.028123396316050986e+00 5.451583358274390001e-01
5.114776105571953835e+00 6.252440649602547751e+00 4.312212028766174710e-01
5.827187078870319503e+00 4.959408024960650252e+00 3.249274121510375979e-01
6.638826128706195817e+00 4.178951739106978813e+00 2.530190013870430299e-01
7.563514225758552811e+00 3.300601612044514965e+00 1.928679110894125914e-01
8.616997392941321721e+00 2.470162691235584074e+00 1.448554203532592954e-01
9.817214836071872952e+00 1.952236067602824310e+00 1.126364428412279378e-01
1.118460442108735009e+01 1.622328761903499172e+00 9.053145328089892696e-02
1.274245069961824761e+01 1.321173475843406608e+00 7.309981196317716368e-02
1.451728140926205768e+01 9.820279883350804262e-01 5.807067481547413534e-02
1.653931920034971981e+01 7.972648601342424701e-01 4.852487268284667865e-02
1.884299628142029093e+01 5.867087823083900755e-01 4.012639734708230849e-02
2.146754074702852577e+01 4.289818859133252005e-01 3.403400513120118792e-02
2.445764457215044274e+01 3.124228754847548917e-01 2.962899200587740950e-02
2.786422464810916466e+01 2.414517851909219193e-01 2.673430464122543773e-02
3.174528981929791982e+01 1.605591642252843787e-01 2.411875681717138425e-02
3.616692868500850011e+01 1.161674961692695796e-01 2.252313194110883501e-02
4.120443498711833286e+01 7.958412523318236786e-02 2.130813781346594521e-02
4.694358974726586098e+01 5.085721231792805774e-02 2.040603261048552428e-02
