1.069642439726958605e+00 -1.588377320045798680e+00 nan
1.218627458003121777e+00 -8.535111983391627799e-01 1.953850521287855968e-01
1.388363836590320144e+00 -5.766166863936712517e-01 2.819331526253433529e-01
1.581741926207981042e+00 3.531212213347603157e-01 4.106695225607515654e-01
1.802054659727066133e+00 3.147394250271654315e+00 5.926859295154955909e-01
2.053053625776520175e+00 5.489790873825271866e+00 6.103983530111510847e-01
2.339012952555230562e+00 7.165979489984860784e+00 5.644978842170513822e-01
2.664802089693036891e+00 7.671130535501618830e+00 4.868046789604051905e-01
3.035968727524477995e+00 8.037020950239160300e+00 4.147588812022508509e-01
3.458833265763586962e+00 7.392032988349137135e+00 3.329677306793764058e-01
3.940596440236666886e+00 6.337958919170796790e+00 2.590729838983271693e-01
4.489461940391565875e+00 5.093580984373739184e+00 1.963262037913772184e-01
5.114776105571953835e+00 4.223725336145397691e+00 1.520615246882132121e-01
5.827187078870319503e+00 3.364204315563454450e+00 1.165185517892852185e-01
6.638826128706195817e+00 2.619411823302617126e+00 8.910714838744210331e-02
7.563514225758552811e+00 2.144911424105365949e+00 7.055016254710208545e-02
8.616997392941321721e+00 1.680934702537080438e+00 5.547274058096815508e-02
9.817214836071872952e+00 1.351029638206500127e+00 4.472424588849951282e-02
1.118460442108735009e+01 1.047168452942642158e+00 3.617688181197543928e-02
1.274245069961824761e+01 8.342118338596566929e-01 3.012181044240211727e-02
1.451728140926205768e+01 6.641983305415901651e-01 2.559864582211043502e-02
1.653931920034971981e+01 4.932558567908189584e-01 2.177820752765631529e-02
1.884299628142029093e+01 3.764159956481061275e-01 1.912762009742302594e-02
2.146754074702852577e+01 2.936852929455533445e-01 1.726465922075037102e-02
2.445764457215044274e+01 2.233599593300445996e-01 1.581413047882927053e-02
2.786422464810916466e+01 1.730012652992853894e-01 1.478880702026165103e-02
3.174528981929791982e+01 1.244390580218335263e-01 1.391808141846245274e-02
3.616692868500850011e+01 8.953892212221781222e-02 1.330213952764994906e-02
4.120443498711833286e+01 6.434041820129721145e-02 1.286500666495360781e-02
4.694358974726586098e+01 4.011841745514144186e-02 1.248394297246645593e-02
