1.069642439726958605e+00 -1.158160144275489856e+00 nan
1.218627458003121777e+00 -7.743167953227343414e-01 2.436272297252426444e-01
1.388363836590320144e+00 -7.301401010165744498e-01 2.261004847436611509e-01
1.581741926207981042e+00 4.990869735082381631e-01 4.342595174118628054e-01
1.802054659727066133e+00 2.286129856111526859e+00 5.295949174097841494e-01
2.053053625776520175e+00 5.079861064099796764e+00 5.931873771288662667e-01
2.339012952555230562e+00 6.634338352971680841e+00 5.477494212581858202e-01
2.664802089693036891e+00 7.988674958124905245e+00 4.982520705794522553e-01
3.035968727524477995e+00 7.956558633775278722e+00 4.146090658704078002e-01
3.458833265763586962e+00 7.433034062818451027e+00 3.353085491147962394e-01
3.940596440236666886e+00 6.060112180899318801e+00 2.546770007474218334e-01
4.489461940391565875e+00 5.231202049807589738e+00 1.996772486483578413e-01
5.114776105571953835e+00 4.232796360057635709e+00 1.528528165283937201e-01
5.827187078870319503e+00 3.462521192510829682e+00 1.185684236830185367e-01
6.638826128706195817e+00 2.672722265801738661e+00 9.027563225441637140e-02
7.563514225758552811e+00 2.154665399382182933e+00 7.096770817521669272e-02
8.616997392941321721e+00 1.695248300577060441e+00 5.588154372616409293e-02
9.817214836071872952e+00 1.350813791098675942e+00 4.488619812719088498e-02
1.118460442108735009e+01 1.086711766196983175e+00 3.681144825453364772e-02
1.274245069961824761e+01 8.404337088471538486e-01 3.030144080185904684e-02
1.451728140926205768e+01 6.629889773248331952e-01 2.566621784848149151e-02
1.653931920034971981e+01 4.973045720063056230e-01 2.189400582856632083e-02
1.884299628142029093e+01 3.857099388367026815e-01 1.929485108610841729e-02
2.146754074702852577e+01 3.007354820823751052e-01 1.739666076762277566e-02
2.445764457215044274e+01 2.113590077342206719e-01 1.571352892446302787e-02
2.786422464810916466e+01 1.590657509331812047e-01 1.466136586046815418e-02
3.174528981929791982e+01 1.106454632183360154e-01 1.378921962486385870e-02
3.616692868500850011e+01 7.867129113027426790e-02 1.320572002726795764e-02
4.120443498711833286e+01 5.010453416876203825e-02 1.272712739457887259e-02
4.694358974726586098e+01 3.170760129869676369e-02 1.241374908802145467e-02
