1.069642439726958605e+00 -1.008046093280234423e+00 nan
1.218627458003121777e+00 -9.152606588196512405e-01 1.487540742201688970e-01
1.388363836590320144e+00 -5.373057127075804296e-01 2.950373537772733035e-01
1.581741926207981042e+00 7.303224877749301402e-01 4.649681872973739361e-01
1.802054659727066133e+00 2.637786071749791628e+00 5.554133422666872599e-01
2.053053625776520175e+00 5.424324570010981006e+00 6.078803837466426607e-01
2.339012952555230562e+00 6.583059157170007225e+00 5.439586751861922309e-01
2.664802089693036891e+00 8.249320580594194041e+00 5.040173460051722287e-01
3.035968727524477995e+00 7.811292591305416089e+00 4.096127655140963109e-01
3.458833265763586962e+00 7.507620269207448516e+00 3.357854498515691621e-01
3.940596440236666886e+00 5.981730373499146936e+00 2.522632624958139336e-01
4.489461940391565875e+00 5.122490196217828640e+00 1.970420053166310748e-01
5.114776105571953835e+00 4.200384914986635465e+00 1.518081721852506671e-01
5.827187078870319503e+00 3.422288541590856159e+00 1.175523329333822420e-01
6.638826128706195817e+00 2.641995259978133781e+00 8.952983924737424604e-02
7.563514225758552811e+00 2.115300297722328082e+00 7.018748564217092145e-02
8.616997392941321721e+00 1.754500801769223628e+00 5.652765837961817169e-02
9.817214836071872952e+00 1.362609699004082575e+00 4.491385069417708209e-02
1.118460442108735009e+01 1.098285652771446186e+00 3.685857068193041514e-02
1.274245069961824761e+01 8.686795570943286471e-01 3.057399386269225514e-02
1.451728140926205768e+01 6.802677595541739564e-01 2.581362651224860388e-02
1.653931920034971981e+01 5.239504970176354082e-01 2.216385038127093379e-02
1.884299628142029093e+01 4.127016443342903518e-01 1.957443647818554386e-02
2.146754074702852577e+01 3.131335399465813296e-01 1.750690245018270488e-02
2.445764457215044274e+01 2.290065324197623209e-01 1.589055199900442014e-02
2.786422464810916466e+01 1.703352346817033069e-01 1.476573595130495006e-02
3.174528981929791982e+01 1.222094000963696026e-01 1.389947003449714703e-02
3.616692868500850011e+01 8.625497720627883780e-02 1.327056270111964635e-02
4.120443498711833286e+01 6.032761016098620033e-02 1.282446385444989921e-02
4.694358974726586098e+01 3.591866236550078639e-02 1.244090713324749568e-02
