1.069642439726958605e+00 -1.089767079552810269e+00 nan
1.218627458003121777e+00 -1.074228216622052035e+00 nan
1.388363836590320144e+00 -1.091521457890786362e+00 nan
1.581741926207981042e+00 -6.000782623496858648e-01 5.629182556641526558e-01
1.802054659727066133e+00 -3.758972090085719309e-01 5.782161665595767497e-01
2.053053625776520175e+00 8.453015206019640626e-01 8.154491502360754485e-01
2.339012952555230562e+00 2.603408498515110914e+00 9.346439379608368903e-01
2.664802089693036891e+00 4.124495675321581345e+00 9.280711060310874450e-01
3.035968727524477995e+00 8.262906294477431857e+00 1.038417926554242809e+00
3.458833265763586962e+00 8.712829181562712577e+00 8.818506797486753701e-01
3.940596440236666886e+00 8.334098595795961018e+00 7.164756142435503294e-01
4.489461940391565875e+00 7.465810719065072654e+00 5.659503059454314977e-01
5.114776105571953835e+00 6.356484317873706047e+00 4.384242247179706009e-01
5.827187078870319503e+00 5.327838649573489960e+00 3.389443385385457197e-01
6.638826128706195817e+00 4.122953351984852688e+00 2.536029825215315725e-01
7.563514225758552811e+00 3.309921692910770652e+00 1.947418124128889594e-01
8.616997392941321721e+00 2.623175620844380163e+00 1.498970051339955367e-01
9.817214836071872952e+00 2.021438394949087503e+00 1.151950956627172951e-01
1.118460442108735009e+01 1.595610324100447563e+00 9.064473377759751926e-02
1.274245069961824761e+01 1.229051790091610030e+00 7.167755978145101681e-02
1.451728140926205768e+01 1.022233018750485112e+00 5.932993765115694706e-02
1.653931920034971981e+01 7.923937118294479554e-01 4.876802227008590618e-02
1.884299628142029093e+01 5.866880687918607507e-01 4.039546875807978332e-02
2.146754074702852577e+01 4.379331454396699908e-01 3.442457332190487773e-02
2.445764457215044274e+01 3.374772134038170890e-01 3.028737253109428651e-02
2.786422464810916466e+01 2.401727958801747054e-01 2.686401387013295783e-02
3.174528981929791982e+01 1.751660443241007670e-01 2.452702323826411179e-02
3.616692868500850011e+01 1.218547983938549351e-01 2.274893819965123631e-02
4.120443498711833286e+01 9.108925137033274666e-02 2.163284774951462416e-02
4.694358974726586098e+01 5.807617782286267349e-02 2.064271219266829854e-02
