1.069642439726958605e+00 -1.266314700774050284e+00 nan
1.218627458003121777e+00 -1.141637581017933112e+00 nan
1.388363836590320144e+00 -2.832991770353121552e-02 6.799043690613872926e+00
1.581741926207981042e+00 -6.478492136910267707e-01 3.332977684713032573e+00
1.802054659727066133e+00 -9.588329338526424550e-01 9.368983134426300818e-01
2.053053625776520175e+00 -1.089821360085481583e+00 nan
2.339012952555230562e+00 -6.778541538521150045e-01 1.758881716909077131e+00
2.664802089693036891e+00 -9.439973981417395521e-01 6.089269208804434230e-01
3.035968727524477995e+00 1.877315387644324929e+00 3.603105338318732365e+00
3.458833265763586962e+00 5.135848349023921067e+00 4.337079507694817870e+00
3.940596440236666886e+00 3.820166305624144609e+00 3.158595196552667073e+00
4.489461940391565875e+00 1.271150033466577689e+01 4.409953986998710107e+00
5.114776105571953835e+00 8.693482165528259031e+00 3.048725554141400451e+00
5.827187078870319503e+00 8.575037733470447066e+00 2.505313956549558352e+00
6.638826128706195817e+00 9.886771480136673063e+00 2.218990637139570232e+00
7.563514225758552811e+00 7.792599818435730796e+00 1.649673507655821103e+00
8.616997392941321721e+00 5.981858142152951530e+00 1.215676364751863803e+00
9.817214836071872952e+00 4.462525129847657368e+00 8.889840890428405418e-01
1.118460442108735009e+01 3.495095513226256223e+00 6.693149972728064112e-01
1.274245069961824761e+01 2.596649269101628743e+00 4.964702960639379992e-01
1.451728140926205768e+01 2.233334748947927828e+00 3.945967340266833268e-01
1.653931920034971981e+01 1.520255470549478627e+00 2.897745630928585947e-01
1.884299628142029093e+01 1.406593317258932441e+00 2.406442076577139655e-01
2.146754074702852577e+01 1.034899955458545406e+00 1.870140114975379075e-01
2.445764457215044274e+01 7.623374983479052069e-01 1.483255538386118455e-01
2.786422464810916466e+01 5.117007865515594833e-01 1.176194950980255366e-01
3.174528981929791982e+01 3.598775509598117761e-01 9.713008671280677631e-02
3.616692868500850011e+01 3.264424665051550711e-01 8.615007337941550658e-02
4.120443498711833286e+01 1.293989925792098372e-01 6.968063568933738350e-02
4.694358974726586098e+01 1.199140344654672230e-01 6.435560228673185834e-02
