1.069642439726958605e+00 -1.415584886153370636e+00 nan
1.218627458003121777e+00 3.025095730656827131e-01 2.719229053392652418e+01
1.388363836590320144e+00 -1.260624947879983804e+00 nan
1.581741926207981042e+00 -1.331751626898047824e+00 nan
1.802054659727066133e+00 -1.251603931664653224e+00 nan
2.053053625776520175e+00 -1.268716247140280196e+00 nan
2.339012952555230562e+00 -8.759401511623947645e-01 3.199811059515574652e+00
2.664802089693036891e+00 -5.381388194045635398e-01 5.126684458598178118e+00
3.035968727524477995e+00 -1.212396431196400837e+00 nan
3.458833265763586962e+00 -1.191562052240059177e+00 nan
3.940596440236666886e+00 1.073234192827852951e+01 1.444032199552021822e+01
4.489461940391565875e+00 -9.565934009886392086e-01 7.195742986688846710e-01
5.114776105571953835e+00 9.672694873695169449e+00 9.312422100364754485e+00
5.827187078870319503e+00 4.559089736952197214e+00 5.523110587024524953e+00
6.638826128706195817e+00 1.620878443622081022e+01 8.077515331314849334e+00
7.563514225758552811e+00 1.067268019996962636e+01 5.475324123210223881e+00
8.616997392941321721e+00 4.031033179091576102e+00 2.940597517395122651e+00
9.817214836071872952e+00 8.100083089576404660e+00 3.302369041852807552e+00
1.118460442108735009e+01 4.920948746771546034e+00 2.189019503450233550e+00
1.274245069961824761e+01 2.998844671972094922e+00 1.478151717702206991e+00
1.451728140926205768e+01 2.414187847110069285e+00 1.130618830865537161e+00
1.653931920034971981e+01 2.648784447864033442e+00 9.777563810399929611e-01
1.884299628142029093e+01 1.183381123740368857e+00 6.183087627447990675e-01
2.146754074702852577e+01 6.518393212556188310e-01 4.445470462795655942e-01
2.445764457215044274e+01 8.740169476283878858e-01 4.011262128391166470e-01
2.786422464810916466e+01 8.366605481459250537e-01 3.367976586386717819e-01
3.174528981929791982e+01 4.854092547416730685e-01 2.537381203360821180e-01
3.616692868500850011e+01 2.353757135755187857e-01 1.951204591667750343e-01
4.120443498711833286e+01 3.125110169126663617e-01 1.772599418447881325e-01
4.694358974726586098e+01 4.515514524737418434e-02 1.341403153041914043e-01
