1.069642439726958605e+00 -1.987083241729355798e+00 nan
1.218627458003121777e+00 -1.760026496280860719e+00 nan
1.388363836590320144e+00 -1.733340274368001754e+00 nan
1.581741926207981042e+00 -9.771995708154508353e-01 2.459577218479277239e+00
1.802054659727066133e+00 -7.819560729569186019e-01 6.253402786206025077e+00
2.053053625776520175e+00 -1.319186258074517060e+00 nan
2.339012952555230562e+00 -8.056549558456733706e-01 3.961963138298618681e+00
2.664802089693036891e+00 -7.637135087310131798e-01 3.627509099679068427e+00
3.035968727524477995e+00 -1.282794111722032948e+00 nan
3.458833265763586962e+00 -1.040515235713541653e+00 nan
3.940596440236666886e+00 -1.032732872046629780e+00 nan
4.489461940391565875e+00 1.074546251304745859e+01 1.174744486437728241e+01
5.114776105571953835e+00 6.852228336491688054e+00 7.893318040418787263e+00
5.827187078870319503e+00 9.695115323908012783e+00 7.602154641259226686e+00
6.638826128706195817e+00 1.458691081769355335e+01 7.595464599324994737e+00
7.563514225758552811e+00 9.526293788575740606e+00 5.136974203034186282e+00
8.616997392941321721e+00 1.001535712222395347e+01 4.353928776187870220e+00
9.817214836071872952e+00 7.198406855453269415e+00 3.094004765892459208e+00
1.118460442108735009e+01 3.265342743094226119e+00 1.826065434086011852e+00
1.274245069961824761e+01 1.560561529061088581e+00 1.160257027562123344e+00
1.451728140926205768e+01 3.351492912037290939e+00 1.273473172051222457e+00
1.653931920034971981e+01 2.486767171307457946e+00 9.440847696438318115e-01
1.884299628142029093e+01 1.594073888885575219e+00 6.721382293671266384e-01
2.146754074702852577e+01 1.190034288539664864e+00 5.140569501901889327e-01
2.445764457215044274e+01 7.308204734871177610e-01 3.795567171427582931e-01
2.786422464810916466e+01 6.106949806290919991e-01 3.085684797543898350e-01
3.174528981929791982e+01 4.970130483076837802e-01 2.525196914258021064e-01
3.616692868500850011e+01 3.942261336367867131e-01 2.087940490743119548e-01
4.120443498711833286e+01 4.349289705039467435e-01 1.867601619153338721e-01
4.694358974726586098e+01 2.247964917358691306e-01 1.487989054060463445e-01
