1.069642439726958605e+00 -3.919203235855124312e+00 nan
1.218627458003121777e+00 -4.204001626359812338e-01 1.846980223831133827e+01
1.388363836590320144e+00 -2.303022366787899067e-02 2.035070490197555770e+01
1.581741926207981042e+00 -1.204652125897294646e+00 nan
1.802054659727066133e+00 -9.487377153457634549e-01 3.120850332764650847e+00
2.053053625776520175e+00 -1.387058633379845141e+00 nan
2.339012952555230562e+00 -1.064998366584658740e+00 nan
2.664802089693036891e+00 -1.028897834320250837e+00 nan
3.035968727524477995e+00 -1.058929104847460501e+00 nan
3.458833265763586962e+00 -8.541111830860654841e-01 1.991905471379152859e+00
3.940596440236666886e+00 -1.103291975154871984e+00 nan
4.489461940391565875e+00 3.219722048511547641e+00 7.232185232992794255e+00
5.114776105571953835e+00 4.623112674897262409e+00 6.868486982360908044e+00
5.827187078870319503e+00 1.767719881125011128e+01 1.038603373566895272e+01
6.638826128706195817e+00 1.684150806519433274e+01 8.376832104925552969e+00
7.563514225758552811e+00 8.487049692387625299e+00 5.011120496363534293e+00
8.616997392941321721e+00 8.333797344014673314e+00 4.110121264309808176e+00
9.817214836071872952e+00 4.536475507413143760e+00 2.596580450403171980e+00
1.118460442108735009e+01 6.433962125986508518e+00 2.511336640195331871e+00
1.274245069961824761e+01 3.886291138678386048e+00 1.671649105066526531e+00
1.451728140926205768e+01 3.293373045121533949e+00 1.299940953245755537e+00
1.653931920034971981e+01 2.220331190860038717e+00 9.296375858375214296e-01
1.884299628142029093e+01 1.276956869704798603e+00 6.435590226106946421e-01
2.146754074702852577e+01 9.977364817568894484e-01 5.019726612606461025e-01
2.445764457215044274e+01 7.924617081093674464e-01 3.977271556453005341e-01
2.786422464810916466e+01 4.627819409875335577e-01 2.995274795591847949e-01
3.174528981929791982e+01 5.489586176371750170e-01 2.645402024442962685e-01
3.616692868500850011e+01 1.245904361442864428e-01 1.869206941351256035e-01
4.120443498711833286e+01 7.303583409140190774e-02 1.573539247661769336e-01
4.694358974726586098e+01 2.588698371626563244e-03 1.322360651730001835e-01
