1.069642439726958605e+00 -1.199788369795250276e+00 nan
1.218627458003121777e+00 -8.607039117191508382e-01 1.904987536581389806e-01
1.388363836590320144e+00 -5.797638034755852043e-01 2.808406049156014217e-01
1.581741926207981042e+00 6.531405684485294127e-01 4.539273471933614190e-01
1.802054659727066133e+00 2.274139819972097243e+00 5.261477020669856897e-01
2.053053625776520175e+00 4.326174856316280071e+00 5.521103173040941003e-01
2.339012952555230562e+00 6.574828392529344256e+00 5.430259735138555088e-01
2.664802089693036891e+00 8.415955259738794325e+00 5.081697458134820655e-01
3.035968727524477995e+00 8.463867893554976263e+00 4.250422036237083145e-01
3.458833265763586962e+00 7.544813489230420167e+00 3.362072937691332752e-01
3.940596440236666886e+00 6.251376203832839984e+00 2.573332332774022624e-01
4.489461940391565875e+00 5.186935595800665766e+00 1.979999690289249159e-01
5.114776105571953835e+00 4.336764417239340474e+00 1.539501299482471386e-01
5.827187078870319503e+00 3.342151219610860036e+00 1.161504796837603271e-01
6.638826128706195817e+00 2.705117900809377751e+00 9.038920373787007190e-02
7.563514225758552811e+00 2.133646523488465618e+00 7.037957060078449401e-02
8.616997392941321721e+00 1.746463041899373403e+00 5.636255517145111193e-02
9.817214836071872952e+00 1.378554775394472465e+00 4.508117366631952949e-02
1.118460442108735009e+01 1.083873132753710777e+00 3.664130488611945513e-02
1.274245069961824761e+01 8.689172579016410936e-01 3.055042309213432811e-02
1.451728140926205768e+01 6.773433012445935208e-01 2.575655937653079791e-02
1.653931920034971981e+01 5.283251173916354571e-01 2.219919244439179026e-02
1.884299628142029093e+01 3.942632315182912350e-01 1.933928919735451030e-02
2.146754074702852577e+01 2.931983311810637538e-01 1.725727896074026949e-02
2.445764457215044274e+01 2.233130988651432780e-01 1.581218280910670626e-02
2.786422464810916466e+01 1.636360188021583895e-01 1.467672505654585638e-02
3.174528981929791982e+01 1.200650500500852758e-01 1.386522803378563602e-02
3.616692868500850011e+01 8.160576480930847865e-02 1.320733912733233935e-02
4.120443498711833286e+01 5.609133481629724471e-02 1.276655485778957662e-02
4.694358974726586098e+01 3.800607887920648409e-02 1.245802308704538688e-02
