1.069642439726958605e+00 -9.214762586117879462e-01 2.881178061254638934e-01
1.218627458003121777e+00 -9.218456875341185519e-01 2.184346560914388613e-01
1.388363836590320144e+00 -8.785459815455411992e-01 2.310983042636377272e-01
1.581741926207981042e+00 -7.942703341203301015e-01 2.449307429380343237e-01
1.802054659727066133e+00 1.201091940762721189e+00 6.594049292072117208e-01
2.053053625776520175e+00 2.444510698174064078e+00 6.771439114771958812e-01
2.339012952555230562e+00 5.314822804392006717e+00 7.543057479571908530e-01
2.664802089693036891e+00 7.528192849378084972e+00 7.330785832816156811e-01
3.035968727524477995e+00 7.958050475394053969e+00 6.246411909224577341e-01
3.458833265763586962e+00 8.144161706427325953e+00 5.251616807414413168e-01
3.940596440236666886e+00 7.390259478766447288e+00 4.179789446042738166e-01
4.489461940391565875e+00 6.146263212671709830e+00 3.202712478532585005e-01
5.114776105571953835e+00 4.796566087335945028e+00 2.395649468078387412e-01
5.827187078870319503e+00 4.060284134137113199e+00 1.874319405274099404e-01
6.638826128706195817e+00 3.196185956765439595e+00 1.426977909515505238e-01
7.563514225758552811e+00 2.573917219178770477e+00 1.109311829846515718e-01
8.616997392941321721e+00 2.083246103016529904e+00 8.729072842125405740e-02
9.817214836071872952e+00 1.684505423176058780e+00 6.947743283719176599e-02
1.118460442108735009e+01 1.280365571515425405e+00 5.477398608994660245e-02
1.274245069961824761e+01 9.654851660597831842e-01 4.386954075196471126e-02
1.451728140926205768e+01 8.146456403392248191e-01 3.728555563396448308e-02
1.653931920034971981e+01 6.127951639661608496e-01 3.112048735572600644e-02
1.884299628142029093e+01 4.622939487397002001e-01 2.663562623404598650e-02
2.146754074702852577e+01 3.440300331447463389e-01 2.330208195249822492e-02
2.445764457215044274e+01 2.526245822037511690e-01 2.083672196830577833e-02
2.786422464810916466e+01 1.828705627452620330e-01 1.902714407575524513e-02
3.174528981929791982e+01 1.279803018802689873e-01 1.767621102065508945e-02
3.616692868500850011e+01 9.155376389539293669e-02 1.676536670773347282e-02
4.120443498711833286e+01 6.531108392058659895e-02 1.612131860170077507e-02
4.694358974726586098e+01 4.428921269219321388e-02 1.563603012265033301e-02
