1.069642439726958605e+00 -8.684305914709797847e-01 1.172880735131794339e+01
1.218627458003121777e+00 -4.386715293812988303e-01 1.841022388677502164e+01
1.388363836590320144e+00 -8.133325147424081969e-01 9.009963248629590638e+00
1.581741926207981042e+00 -1.233011744966443057e+00 nan
1.802054659727066133e+00 -1.610619826592898374e-01 1.278784205932997509e+01
2.053053625776520175e+00 -1.183787421184693489e+00 nan
2.339012952555230562e+00 -9.346944288274363632e-01 2.394307246306547121e+00
2.664802089693036891e+00 -1.199206921927788105e+00 nan
3.035968727524477995e+00 -1.011811356284100683e+00 nan
3.458833265763586962e+00 -1.160486804032549557e+00 nan
3.940596440236666886e+00 5.368301484804992363e+00 1.096102347291053469e+01
4.489461940391565875e+00 7.493428337917031001e+00 1.040410297100140724e+01
5.114776105571953835e+00 1.627959380884476914e+01 1.225023974618782674e+01
5.827187078870319503e+00 1.442733915492344998e+01 9.541829810501216258e+00
6.638826128706195817e+00 1.334975749228122055e+01 7.585609623130961765e+00
7.563514225758552811e+00 3.374934588313654338e+00 3.424364844295761934e+00
8.616997392941321721e+00 1.108282581389147659e+01 4.759001660536035239e+00
9.817214836071872952e+00 8.274450284481012829e+00 3.437299563174379458e+00
1.118460442108735009e+01 9.115236166168946497e+00 2.996554075909046766e+00
1.274245069961824761e+01 5.047528575156765562e+00 1.895431941373565632e+00
1.451728140926205768e+01 3.987573404551467249e+00 1.426643196797667823e+00
1.653931920034971981e+01 2.192965211713425955e+00 9.368032964331493018e-01
1.884299628142029093e+01 2.359332081273241677e+00 8.066075655645117415e-01
2.146754074702852577e+01 1.102920079407423870e+00 5.227187111583090351e-01
2.445764457215044274e+01 8.183440828614185758e-01 4.057850802107850763e-01
2.786422464810916466e+01 5.849844709340723536e-01 3.175360973888927685e-01
3.174528981929791982e+01 4.268806732956633709e-01 2.545108048114786414e-01
3.616692868500850011e+01 3.037984615983495562e-01 2.073587993120726558e-01
4.120443498711833286e+01 4.361705826933457431e-01 1.933000921475753198e-01
4.694358974726586098e+01 2.753487855645808668e-01 1.582528444798690370e-01
