1.069642439726958605e+00 -1.832519050732894783e+00 nan
1.218627458003121777e+00 -7.525967668062514271e-01 3.969728167022025911e+00
1.388363836590320144e+00 -2.029500293525210886e+00 nan
1.581741926207981042e+00 -6.740098110465115866e-01 3.149100938210043221e+00
1.802054659727066133e+00 -1.187623035059937937e+00 nan
2.053053625776520175e+00 -9.002147346142248541e-01 1.174000301741762842e+00
2.339012952555230562e+00 -9.194561261490930004e-01 8.636367584903493766e-01
2.664802089693036891e+00 -1.225250713392668445e+00 nan
3.035968727524477995e+00 3.503856826164807536e+00 4.428683032049909762e+00
3.458833265763586962e+00 1.126537781137208816e+00 2.503732332757876211e+00
3.940596440236666886e+00 6.281130994806652268e+00 3.817529302928370782e+00
4.489461940391565875e+00 7.451212469998822918e+00 3.386298892277555428e+00
5.114776105571953835e+00 1.187697632013549054e+01 3.464291086246279683e+00
5.827187078870319503e+00 1.022650002531783997e+01 2.672343056196213151e+00
6.638826128706195817e+00 9.731795553285097711e+00 2.163729816867465239e+00
7.563514225758552811e+00 8.040467841018768880e+00 1.645108141880844421e+00
8.616997392941321721e+00 6.319533158315215005e+00 1.225356744189055824e+00
9.817214836071872952e+00 4.421195839834968666e+00 8.700706183667877847e-01
1.118460442108735009e+01 3.938457849785315545e+00 6.930115716304530160e-01
1.274245069961824761e+01 2.671529146948464106e+00 4.937213478479365869e-01
1.451728140926205768e+01 2.304230789625154596e+00 3.929087226681409195e-01
1.653931920034971981e+01 1.518219785560638080e+00 2.848646054422506180e-01
1.884299628142029093e+01 1.122043956816206389e+00 2.193759673564063817e-01
2.146754074702852577e+01 8.518554011729497777e-01 1.734998428760528288e-01
2.445764457215044274e+01 6.940090942959815656e-01 1.423314238177206259e-01
2.786422464810916466e+01 5.224607795307931735e-01 1.164562116076901938e-01
3.174528981929791982e+01 3.635437856107675003e-01 9.594813940231738947e-02
3.616692868500850011e+01 2.481791471372862823e-01 8.115963524213962166e-02
4.120443498711833286e+01 1.811700657297390382e-01 7.129206393646007889e-02
4.694358974726586098e+01 8.607449848432557893e-02 6.197479447992718105e-02
