1.069642439726958605e+00 -1.212275907584135837e+00 nan
1.218627458003121777e+00 -1.041833107124995106e+00 nan
1.388363836590320144e+00 -7.603135240305252118e-01 3.237301006943559822e-01
1.581741926207981042e+00 -1.390904007143478616e-01 4.997307754279640690e-01
1.802054659727066133e+00 8.101807547518760089e-01 5.961581826541563212e-01
2.053053625776520175e+00 3.450140535611868842e+00 7.680975125626554600e-01
2.339012952555230562e+00 5.269364914284235368e+00 7.494150765431899508e-01
2.664802089693036891e+00 7.289436533937053042e+00 7.204175421609403385e-01
3.035968727524477995e+00 8.188119893618335254e+00 6.312012309096740603e-01
3.458833265763586962e+00 8.577403032513677417e+00 5.367966094160614432e-01
3.940596440236666886e+00 7.557724228638505792e+00 4.213381182903324085e-01
4.489461940391565875e+00 5.957937595399199537e+00 3.147256775117133754e-01
5.114776105571953835e+00 5.137059001434755245e+00 2.467436104884039860e-01
5.827187078870319503e+00 4.142024290296475897e+00 1.886793229272496486e-01
6.638826128706195817e+00 3.211497130252138010e+00 1.426354310377995760e-01
7.563514225758552811e+00 2.751870342618909504e+00 1.139957899923146750e-01
8.616997392941321721e+00 2.049581119503097071e+00 8.647169404067150955e-02
9.817214836071872952e+00 1.728277967708051754e+00 7.005508153929196347e-02
1.118460442108735009e+01 1.279624875801407491e+00 5.463432737462003974e-02
1.274245069961824761e+01 1.021057968954452111e+00 4.465407253755145078e-02
1.451728140926205768e+01 7.961832167097893098e-01 3.692076450162989215e-02
1.653931920034971981e+01 6.081591426641586029e-01 3.098681420365192660e-02
1.884299628142029093e+01 4.688765576863176410e-01 2.668238055400978109e-02
2.146754074702852577e+01 3.639850430324358399e-01 2.355448625042680724e-02
2.445764457215044274e+01 2.741210257694444152e-01 2.111636931006687784e-02
2.786422464810916466e+01 2.066388361962718800e-01 1.934354248111796321e-02
3.174528981929791982e+01 1.444346152405304728e-01 1.788829584447558865e-02
3.616692868500850011e+01 9.246507365069800422e-02 1.675244827746400975e-02
4.120443498711833286e+01 6.677281114573174747e-02 1.611806126465443328e-02
4.694358974726586098e+01 4.554131572842812226e-02 1.563089401737835851e-02
