1.069642439726958605e+00 -8.189222672686631288e-01 4.464197073062859289e+00
1.218627458003121777e+00 -7.506883129766983576e-01 3.980670237595107519e+00
1.388363836590320144e+00 -1.605895634616079537e+00 nan
1.581741926207981042e+00 -1.396801270417422636e+00 nan
1.802054659727066133e+00 -1.109887735021948263e+00 nan
2.053053625776520175e+00 -4.932078210760675319e-01 2.642960695148888206e+00
2.339012952555230562e+00 -1.256722783896010220e+00 nan
2.664802089693036891e+00 -9.888457230941367637e-01 2.665765034165831215e-01
3.035968727524477995e+00 1.852206275761168808e+00 3.519008069696279772e+00
3.458833265763586962e+00 3.038980896092207118e+00 3.449226095014537474e+00
3.940596440236666886e+00 9.449642028536267446e+00 4.576266406121030528e+00
4.489461940391565875e+00 1.326877153422926803e+01 4.415823074772093904e+00
5.114776105571953835e+00 1.066664870419182520e+01 3.289258937937244109e+00
5.827187078870319503e+00 1.142936354215926187e+01 2.814651816147967001e+00
6.638826128706195817e+00 8.612071329502796857e+00 2.039834683296020135e+00
7.563514225758552811e+00 8.258452337927732145e+00 1.664391079465829648e+00
8.616997392941321721e+00 5.162095128268184396e+00 1.116194112407569383e+00
9.817214836071872952e+00 4.513363625373937538e+00 8.771516047262168936e-01
1.118460442108735009e+01 3.046980793762853246e+00 6.204049425654164507e-01
1.274245069961824761e+01 2.707538330128634207e+00 4.959220715078139219e-01
1.451728140926205768e+01 2.200111670820529053e+00 3.853396813743608651e-01
1.653931920034971981e+01 1.672393744375696656e+00 2.946893212678278196e-01
1.884299628142029093e+01 1.253046130119792601e+00 2.272437567933281999e-01
2.146754074702852577e+01 8.495959270714934508e-01 1.732023142320947562e-01
2.445764457215044274e+01 7.473114796216879796e-01 1.451207590765290489e-01
2.786422464810916466e+01 5.453210264604513302e-01 1.175510023608372506e-01
3.174528981929791982e+01 3.879034320145782200e-01 9.709908531287393674e-02
3.616692868500850011e+01 2.949114025404016015e-01 8.339215193324854558e-02
4.120443498711833286e+01 2.161616913308019861e-01 7.292339907600693671e-02
4.694358974726586098e+01 1.333533306813377006e-01 6.417918432430194664e-02
