1.069642439726958605e+00 -1.114639317546310959e+00 nan
1.218627458003121777e+00 -6.609625902982045886e-01 2.979794581296740796e-01
1.388363836590320144e+00 -6.716772078938688662e-01 2.488659310140790559e-01
1.581741926207981042e+00 6.769231652573435287e-01 4.583629375935738270e-01
1.802054659727066133e+00 2.109767148981451790e+00 5.140176052061585787e-01
2.053053625776520175e+00 5.080641569445798922e+00 5.919705855430811292e-01
2.339012952555230562e+00 6.245071057993492047e+00 5.321096339005304543e-01
2.664802089693036891e+00 7.825614573055641898e+00 4.924792836665361495e-01
3.035968727524477995e+00 7.963991495927263742e+00 4.139369289691985365e-01
3.458833265763586962e+00 7.173053884424794191e+00 3.289757628359136765e-01
3.940596440236666886e+00 6.203818759586468445e+00 2.570186488429826444e-01
4.489461940391565875e+00 5.046983894145897764e+00 1.959156908500634398e-01
5.114776105571953835e+00 4.045096219040312135e+00 1.493501093520703815e-01
5.827187078870319503e+00 3.375408238926788762e+00 1.169523757937964425e-01
6.638826128706195817e+00 2.711179340257110049e+00 9.068607368547750014e-02
7.563514225758552811e+00 2.157422966922399432e+00 7.087688822310310444e-02
8.616997392941321721e+00 1.688154558776218117e+00 5.568442941392279244e-02
9.817214836071872952e+00 1.355262514324247380e+00 4.486759089506826836e-02
1.118460442108735009e+01 1.094896841068256244e+00 3.685517053050424430e-02
1.274245069961824761e+01 8.599631225782156108e-01 3.049698954692526068e-02
1.451728140926205768e+01 6.504178106047522334e-01 2.547366876267091740e-02
1.653931920034971981e+01 5.092058411132194262e-01 2.200645682732975741e-02
1.884299628142029093e+01 3.933603886641603431e-01 1.936021477222839987e-02
2.146754074702852577e+01 3.029352438506087708e-01 1.740029273300689600e-02
2.445764457215044274e+01 2.197494111830200492e-01 1.579358626466632193e-02
2.786422464810916466e+01 1.702936386585136574e-01 1.477683083953581014e-02
3.174528981929791982e+01 1.238574834638754840e-01 1.392956529436427740e-02
3.616692868500850011e+01 8.393231757435160034e-02 1.325295764859884054e-02
4.120443498711833286e+01 5.809227289145035833e-02 1.280739742973027208e-02
4.694358974726586098e+01 3.648004818335071064e-02 1.245651783928895286e-02
