1.069642439726958605e+00 -1.319509049891082419e+00 nan
1.218627458003121777e+00 -9.333925049425451093e-01 1.319127679385402596e-01
1.388363836590320144e+00 -1.100521254337661681e+00 nan
1.581741926207981042e+00 4.850684250327632618e-01 4.307987266446211549e-01
1.802054659727066133e+00 2.451016226108906348e+00 5.410099189572916689e-01
2.053053625776520175e+00 5.182113381094517024e+00 5.962734672060466812e-01
2.339012952555230562e+00 6.996372311600229210e+00 5.591272696437689094e-01
2.664802089693036891e+00 8.130272606482781939e+00 5.007255069725490282e-01
3.035968727524477995e+00 8.100176617837794524e+00 4.168076689114423861e-01
3.458833265763586962e+00 7.449730241109207896e+00 3.346134176003984217e-01
3.940596440236666886e+00 6.304551984878612458e+00 2.587234105815806595e-01
4.489461940391565875e+00 5.144863268208617946e+00 1.974931502425043284e-01
5.114776105571953835e+00 4.243865632760869033e+00 1.525784309380516790e-01
5.827187078870319503e+00 3.391090969020531087e+00 1.170798595952202148e-01
6.638826128706195817e+00 2.702024017576574622e+00 9.045492886560829726e-02
7.563514225758552811e+00 2.183105521262270088e+00 7.117347668928232507e-02
8.616997392941321721e+00 1.750363636613357476e+00 5.648209437054495935e-02
9.817214836071872952e+00 1.366105311931793853e+00 4.496834822002204746e-02
1.118460442108735009e+01 1.092858442095828497e+00 3.679595577460208905e-02
1.274245069961824761e+01 8.538198903057778733e-01 3.039421583815880498e-02
1.451728140926205768e+01 6.624565157327000353e-01 2.560002585560497770e-02
1.653931920034971981e+01 5.267598551967527243e-01 2.220122210870007981e-02
1.884299628142029093e+01 3.915013240601261657e-01 1.932358658677232194e-02
2.146754074702852577e+01 2.952044995311473574e-01 1.729594586310793242e-02
2.445764457215044274e+01 2.282769262416652900e-01 1.588404928022622148e-02
2.786422464810916466e+01 1.624389250641053994e-01 1.467415385086804150e-02
3.174528981929791982e+01 1.190806018015517775e-01 1.386421923256296075e-02
3.616692868500850011e+01 7.887138745026134323e-02 1.318490707929687034e-02
4.120443498711833286e+01 5.837857166343640714e-02 1.280298649394006477e-02
4.694358974726586098e+01 3.878302379209652706e-02 1.247625326839136607e-02
