1.069642439726958605e+00 -2.402397331557146742e+00 nan
1.218627458003121777e+00 -9.648571085133874625e-01 1.480015053510131517e+00
1.388363836590320144e+00 -5.816609887755235242e-01 4.333657105091599071e+00
1.581741926207981042e+00 -8.215537383177569097e-01 2.304765031261135189e+00
1.802054659727066133e+00 -1.014788938708119037e+00 nan
2.053053625776520175e+00 -8.546605812351673048e-01 1.401584234671524598e+00
2.339012952555230562e+00 -1.100395422517982169e+00 nan
2.664802089693036891e+00 -9.347868323883918862e-01 6.383178061672063475e-01
3.035968727524477995e+00 4.634871793074991864e+00 4.901678334244969903e+00
3.458833265763586962e+00 2.741224901213710208e+00 3.287114600733946901e+00
3.940596440236666886e+00 8.053544305428994576e+00 4.215268887767943617e+00
4.489461940391565875e+00 6.437494136111410192e+00 3.140106075127973462e+00
5.114776105571953835e+00 1.108588979194446900e+01 3.317435199488585784e+00
5.827187078870319503e+00 1.313733884381778694e+01 2.982043226372967926e+00
6.638826128706195817e+00 8.958981635724136083e+00 2.058463330239430178e+00
7.563514225758552811e+00 6.599144470500242221e+00 1.484612664746669530e+00
8.616997392941321721e+00 5.897823290808074326e+00 1.174536722337808703e+00
9.817214836071872952e+00 3.935271627744951761e+00 8.184334765544051260e-01
1.118460442108735009e+01 3.224157432194901585e+00 6.292568977792810658e-01
1.274245069961824761e+01 2.898715799366454959e+00 5.055041980075398733e-01
1.451728140926205768e+01 1.958517773685872765e+00 3.650771912713116629e-01
1.653931920034971981e+01 1.820414406512805616e+00 3.015617793139170888e-01
1.884299628142029093e+01 1.348499229409408695e+00 2.310452653704436754e-01
2.146754074702852577e+01 8.621774392288819033e-01 1.724594921676056436e-01
2.445764457215044274e+01 5.787514748879705184e-01 1.347020278708922214e-01
2.786422464810916466e+01 5.150417002220704088e-01 1.150471468960893723e-01
3.174528981929791982e+01 3.808540741061505752e-01 9.601178949114164141e-02
3.616692868500850011e+01 2.576971602035009745e-01 8.097569972128963733e-02
4.120443498711833286e+01 1.851354332812062964e-01 7.094306046624561379e-02
4.694358974726586098e+01 9.037849781734474952e-02 6.173362364178183043e-02
