1.069642439726958605e+00 -2.219034168069965673e+00 nan
1.218627458003121777e+00 7.051682221002275597e-02 8.211482527203685322e+00
1.388363836590320144e+00 -7.573108598154068005e-01 3.318053537053457180e+00
1.581741926207981042e+00 -1.385975609756097793e+00 nan
1.802054659727066133e+00 -7.252940550995712332e-01 2.363382887386288989e+00
2.053053625776520175e+00 -8.139892725102122473e-01 1.593923839430130274e+00
2.339012952555230562e+00 -8.411409781637084748e-01 1.206105873582347776e+00
2.664802089693036891e+00 1.194505440532124707e+00 3.723625811459751578e+00
3.035968727524477995e+00 -9.021052045930182395e-01 6.485496423530804355e-01
3.458833265763586962e+00 5.766790299567959188e+00 4.448907224909274483e+00
3.940596440236666886e+00 5.542011249495598868e+00 3.596938453630972976e+00
4.489461940391565875e+00 1.050479115392065310e+01 3.938683444066168882e+00
5.114776105571953835e+00 1.385421063485827986e+01 3.708832091835712053e+00
5.827187078870319503e+00 9.608742595610241466e+00 2.580755545633126591e+00
6.638826128706195817e+00 9.591469636547287791e+00 2.137066185184797185e+00
7.563514225758552811e+00 6.213603648614770769e+00 1.451751645871505625e+00
8.616997392941321721e+00 5.445179734904738389e+00 1.138298505091422275e+00
9.817214836071872952e+00 4.414420688433539297e+00 8.648164780103455573e-01
1.118460442108735009e+01 3.455125291369927965e+00 6.511679781221154650e-01
1.274245069961824761e+01 2.673063611152901142e+00 4.912376566919797738e-01
1.451728140926205768e+01 1.802227413007015500e+00 3.557009985733283197e-01
1.653931920034971981e+01 1.445507106339159353e+00 2.785922996492706250e-01
1.884299628142029093e+01 9.308747145486802044e-01 2.062779622720772310e-01
2.146754074702852577e+01 6.367943507262676661e-01 1.599461414400584758e-01
2.445764457215044274e+01 6.192878009996809485e-01 1.375475558204939941e-01
2.786422464810916466e+01 4.379538019247926073e-01 1.114867937129056102e-01
3.174528981929791982e+01 2.810253619127760505e-01 9.134733491555714624e-02
3.616692868500850011e+01 1.698632860236490849e-01 7.696580042529244103e-02
4.120443498711833286e+01 9.882718949391455787e-02 6.704489022886181426e-02
4.694358974726586098e+01 8.510771138803474578e-02 6.169785887470431024e-02
