1.069642439726958605e+00 1.000000000000000000e+00 4.470387220438274056e+01
1.218627458003121777e+00 6.483946562966427241e-01 3.084146035895749094e+01
1.388363836590320144e+00 -2.798607986049471918e+00 nan
1.581741926207981042e+00 -1.182955166757791332e+00 nan
1.802054659727066133e+00 -2.064594219511201256e+00 nan
2.053053625776520175e+00 -1.668542857489223596e+00 nan
2.339012952555230562e+00 -5.846237465613632889e-01 5.903134129245018791e+00
2.664802089693036891e+00 -7.974641772961228448e-01 3.422736596255216313e+00
3.035968727524477995e+00 -1.422415215622511830e+00 nan
3.458833265763586962e+00 -1.047069651793266498e+00 nan
3.940596440236666886e+00 -1.093553559604170555e+00 nan
4.489461940391565875e+00 -1.046521461563255873e+00 nan
5.114776105571953835e+00 1.833509082267398282e+00 4.822413487582825731e+00
5.827187078870319503e+00 1.565796268556034754e+01 9.701660833944544038e+00
6.638826128706195817e+00 1.385000346314421904e+01 7.548975089500786773e+00
7.563514225758552811e+00 1.512616773317049734e+01 6.523842961222729109e+00
8.616997392941321721e+00 6.892442651391826658e+00 3.732918815649092892e+00
9.817214836071872952e+00 8.283804820927421986e+00 3.363888600234232751e+00
1.118460442108735009e+01 4.519306311051130898e+00 2.126979297157146398e+00
1.274245069961824761e+01 4.601867756400969789e+00 1.780153105674304292e+00
1.451728140926205768e+01 2.472056594226742732e+00 1.149809282241619934e+00
1.653931920034971981e+01 2.154284711544910635e+00 9.106078873687494246e-01
1.884299628142029093e+01 1.557260792538265992e+00 6.790584481582901955e-01
2.146754074702852577e+01 1.720104207666490970e+00 5.912789061899311749e-01
2.445764457215044274e+01 7.096469979254997895e-01 3.836554865387431512e-01
2.786422464810916466e+01 9.427517607561239910e-01 3.508870346885788472e-01
3.174528981929791982e+01 4.313448186818473751e-01 2.498790786347635795e-01
3.616692868500850011e+01 1.479113912372413964e-01 1.876811884092761673e-01
4.120443498711833286e+01 2.143982428887718505e-01 1.693626418999152339e-01
4.694358974726586098e+01 2.601230846777959904e-01 1.541373699139376996e-01
