1.069642439726958605e+00 -1.007803826455766050e+00 nan
1.218627458003121777e+00 -8.581579645449726179e-01 1.912010293136370831e-01
1.388363836590320144e+00 -7.462981401587627239e-01 2.170266336798765683e-01
1.581741926207981042e+00 5.636879653598854123e-01 4.390879359396959725e-01
1.802054659727066133e+00 2.844528730340519562e+00 5.673576234248323136e-01
2.053053625776520175e+00 4.732127155400164931e+00 5.699959230385193143e-01
2.339012952555230562e+00 6.721607860799650780e+00 5.455056598180888505e-01
2.664802089693036891e+00 8.152943329181550070e+00 4.980645850353950799e-01
3.035968727524477995e+00 7.661357834482773299e+00 4.033232273349531272e-01
3.458833265763586962e+00 7.171302816469880881e+00 3.264455613603797213e-01
3.940596440236666886e+00 5.905593989592148318e+00 2.491870085272029633e-01
4.489461940391565875e+00 5.359815801078884334e+00 2.001252976669847250e-01
5.114776105571953835e+00 4.058117007741397941e+00 1.484839351922748185e-01
5.827187078870319503e+00 3.401831751492804923e+00 1.165363312656270967e-01
6.638826128706195817e+00 2.697701850692305392e+00 8.984999125689434318e-02
7.563514225758552811e+00 2.152791093260372879e+00 7.032749590154445396e-02
8.616997392941321721e+00 1.704346878954168698e+00 5.553639287692178905e-02
9.817214836071872952e+00 1.321865437061751969e+00 4.414188489176630592e-02
1.118460442108735009e+01 1.048319769677529933e+00 3.603660914554468464e-02
1.274245069961824761e+01 8.330733979777140696e-01 2.998451663201337838e-02
1.451728140926205768e+01 6.478562875462519077e-01 2.529986514826789920e-02
1.653931920034971981e+01 5.115168442931212756e-01 2.191724103126531376e-02
1.884299628142029093e+01 3.835778043339732601e-01 1.914565409008340754e-02
2.146754074702852577e+01 3.034744115444238943e-01 1.732283737466883133e-02
2.445764457215044274e+01 2.230104979973317469e-01 1.575915364197690710e-02
2.786422464810916466e+01 1.623036970234199572e-01 1.461674680614903632e-02
3.174528981929791982e+01 1.165866600886880100e-01 1.378365130830257711e-02
3.616692868500850011e+01 8.295307200997270591e-02 1.318546370226599505e-02
4.120443498711833286e+01 5.100453714318420317e-02 1.267079077042761182e-02
4.694358974726586098e+01 3.774451890809671362e-02 1.242042756382365915e-02
