1.069642439726958605e+00 -2.006303315543975785e-01 2.786572896081193562e+01
1.218627458003121777e+00 -1.080063095310319632e+00 nan
1.388363836590320144e+00 -1.746601763569786581e+00 nan
1.581741926207981042e+00 -6.556603773584905870e-01 9.604763935585065582e+00
1.802054659727066133e+00 -1.126339497299266412e+00 nan
2.053053625776520175e+00 2.271939125881761168e-02 1.115408069970995086e+01
2.339012952555230562e+00 -1.923225046217241996e+00 nan
2.664802089693036891e+00 -1.050273842145784009e+00 nan
3.035968727524477995e+00 -1.081036394998129424e+00 nan
3.458833265763586962e+00 -5.538303518315952356e-01 3.400915842898812880e+00
3.940596440236666886e+00 -9.885582781359254501e-01 4.473141379300678011e-01
4.489461940391565875e+00 1.461127477152301779e+01 1.362324634187581829e+01
5.114776105571953835e+00 6.923999541100299027e+00 7.967899043763214451e+00
5.827187078870319503e+00 2.046956003813826896e+01 1.089183984058700894e+01
6.638826128706195817e+00 1.714616655993871674e+01 8.252790712755135871e+00
7.563514225758552811e+00 1.127331517684522844e+01 5.585888323919314224e+00
8.616997392941321721e+00 1.178088763038839559e+01 4.727643508217732382e+00
9.817214836071872952e+00 6.479619103874262542e+00 2.963417532690435063e+00
1.118460442108735009e+01 7.413915342230769312e+00 2.620385507239947120e+00
1.274245069961824761e+01 2.976173292611854926e+00 1.465222043162706322e+00
1.451728140926205768e+01 2.504311289318862599e+00 1.139747991574162178e+00
1.653931920034971981e+01 1.274545984060423187e+00 7.543185149317465088e-01
1.884299628142029093e+01 2.317049216196687578e+00 7.736557848234515422e-01
2.146754074702852577e+01 1.080109554533686733e+00 5.018073405220833116e-01
2.445764457215044274e+01 5.997461161349626479e-01 3.646992946348172060e-01
2.786422464810916466e+01 4.187922589206201085e-01 2.878425528501810660e-01
3.174528981929791982e+01 5.584695996432194054e-01 2.599542138582117135e-01
3.616692868500850011e+01 3.294468017093794554e-01 2.033680317171786822e-01
4.120443498711833286e+01 1.879723736940841494e-01 1.649425908347327274e-01
4.694358974726586098e+01 2.235246667683414845e-01 1.492521328974599215e-01
