1.069642439726958605e+00 -8.019168810949899306e-01 1.387885653106245165e+01
1.218627458003121777e+00 -7.343208566166141704e-01 1.221467834735623192e+01
1.388363836590320144e+00 -2.997211941882478747e+00 nan
1.581741926207981042e+00 -9.878640776699028070e-01 1.804106184534047141e+00
1.802054659727066133e+00 -6.795945186042153807e-01 7.621351030604285981e+00
2.053053625776520175e+00 -8.803994784819655361e-01 3.816329737826937407e+00
2.339012952555230562e+00 -8.658218116199869474e-01 3.309789778156454698e+00
2.664802089693036891e+00 -1.016610559637110001e+00 nan
3.035968727524477995e+00 -1.034837060496049954e+00 nan
3.458833265763586962e+00 -1.163713819423187967e+00 nan
3.940596440236666886e+00 -8.923119548797981970e-01 1.373069916112187316e+00
4.489461940391565875e+00 2.848850334385953698e+00 6.746315203628006074e+00
5.114776105571953835e+00 1.815474132709835375e+00 4.742243377680381400e+00
5.827187078870319503e+00 1.341490749237290103e+01 8.892563328282479418e+00
6.638826128706195817e+00 1.477183703458154618e+01 7.682280024027682508e+00
7.563514225758552811e+00 1.375408898228960197e+01 6.147008553507994577e+00
8.616997392941321721e+00 7.915291938879445155e+00 3.922245573230253246e+00
9.817214836071872952e+00 5.425124992874394536e+00 2.740051148091545485e+00
1.118460442108735009e+01 3.565271570160851500e+00 1.901522344950414167e+00
1.274245069961824761e+01 5.009824927510428516e+00 1.824127338315660651e+00
1.451728140926205768e+01 2.965294206787991271e+00 1.217899062288330558e+00
1.653931920034971981e+01 2.106520484131080728e+00 8.914394211098987109e-01
1.884299628142029093e+01 1.730313787428561900e+00 6.948391645581369902e-01
2.146754074702852577e+01 1.079213502806116942e+00 5.019428634439196957e-01
2.445764457215044274e+01 1.132400270512171403e+00 4.299098025405211354e-01
2.786422464810916466e+01 4.321038885655090755e-01 2.895466332208365690e-01
3.174528981929791982e+01 4.620476486214910583e-01 2.500865738331413124e-01
3.616692868500850011e+01 5.126977086089721247e-01 2.211275248338414323e-01
4.120443498711833286e+01 3.339755594808961892e-01 1.784314017131660157e-01
4.694358974726586098e+01 2.023535522775175011e-01 1.474600828965993982e-01
