1.069642439726958605e+00 -2.259669615855700808e+00 nan
1.218627458003121777e+00 -1.117737125027795209e+00 nan
1.388363836590320144e+00 -7.794942570578629049e-01 3.202701067184369421e+00
1.581741926207981042e+00 -9.104006586169044457e-01 1.662425181651695061e+00
1.802054659727066133e+00 -1.088891975388118549e+00 nan
2.053053625776520175e+00 -6.072771305206774439e-01 2.345293047024627153e+00
2.339012952555230562e+00 -1.309097720702754764e+00 nan
2.664802089693036891e+00 -8.397497145377805783e-01 1.018576901159523374e+00
3.035968727524477995e+00 -1.054524172688836359e+00 nan
3.458833265763586962e+00 2.016311003417969872e+00 3.003571592828532033e+00
3.940596440236666886e+00 6.258792359613229550e+00 3.838018603130544548e+00
4.489461940391565875e+00 9.849383678606997705e+00 3.870673186778506025e+00
5.114776105571953835e+00 7.562475959658925717e+00 2.829977914369914416e+00
5.827187078870319503e+00 1.016581923909507346e+01 2.683007069137751888e+00
6.638826128706195817e+00 1.018562160979320552e+01 2.226456776098109547e+00
7.563514225758552811e+00 8.362421758591633392e+00 1.687363719009545626e+00
8.616997392941321721e+00 5.574775536508203899e+00 1.164498921791574881e+00
9.817214836071872952e+00 4.603028702383374693e+00 8.916865372750105712e-01
1.118460442108735009e+01 3.484354886240230265e+00 6.613472151762996853e-01
1.274245069961824761e+01 2.907541108982127476e+00 5.146414064636452013e-01
1.451728140926205768e+01 2.032835767790996506e+00 3.764500081735284720e-01
1.653931920034971981e+01 1.587178529432148766e+00 2.912482367454645171e-01
1.884299628142029093e+01 1.185520257044988313e+00 2.247015424216766144e-01
2.146754074702852577e+01 6.765440538022478023e-01 1.641343946607781989e-01
2.445764457215044274e+01 5.878857353981929990e-01 1.372701345662009076e-01
2.786422464810916466e+01 4.476166517887292251e-01 1.131537581122006447e-01
3.174528981929791982e+01 3.525679633001141955e-01 9.590944186149247264e-02
3.616692868500850011e+01 2.680900266568795320e-01 8.256274524436725548e-02
4.120443498711833286e+01 1.666158107129218635e-01 7.093424651267900283e-02
4.694358974726586098e+01 1.205340833195795991e-01 6.390797264279386714e-02
