1.069642439726958605e+00 -1.361230377736594832e+00 nan
1.218627458003121777e+00 -1.022385502441671257e+00 nan
1.388363836590320144e+00 -5.857567610747194120e-01 2.780323915053223849e-01
1.581741926207981042e+00 7.270697381863306941e-01 4.626588148356063357e-01
1.802054659727066133e+00 2.076570388082688901e+00 5.084873793718814872e-01
2.053053625776520175e+00 5.472351132661735562e+00 6.077428086779949057e-01
2.339012952555230562e+00 7.040148998904034450e+00 5.583430150924520996e-01
2.664802089693036891e+00 7.277246577219928625e+00 4.737403455071368397e-01
3.035968727524477995e+00 7.909848120348680567e+00 4.104387235105921294e-01
3.458833265763586962e+00 7.296548322738043879e+00 3.299479849406440346e-01
3.940596440236666886e+00 6.218233795860761859e+00 2.559854110110696968e-01
4.489461940391565875e+00 5.145704081794999496e+00 1.967232397287240475e-01
5.114776105571953835e+00 4.120970221237638675e+00 1.498984069957008947e-01
5.827187078870319503e+00 3.445696054115098494e+00 1.174963059971860929e-01
6.638826128706195817e+00 2.709558838107451351e+00 9.022752447472631721e-02
7.563514225758552811e+00 2.168996629704877499e+00 7.071108698260461511e-02
8.616997392941321721e+00 1.698547175878870164e+00 5.557378119384311088e-02
9.817214836071872952e+00 1.352540578562576812e+00 4.463533564806793086e-02
1.118460442108735009e+01 1.084980870826219856e+00 3.657418584388327787e-02
1.274245069961824761e+01 8.736637129189670503e-01 3.054472946703025091e-02
1.451728140926205768e+01 6.809132922061205129e-01 2.574817955724396576e-02
1.653931920034971981e+01 5.203073091194616584e-01 2.206006852195758691e-02
1.884299628142029093e+01 3.942653795515562720e-01 1.930401358750763116e-02
2.146754074702852577e+01 3.023144708468625819e-01 1.733550487099222784e-02
2.445764457215044274e+01 2.243853737200358633e-01 1.579849757392950277e-02
2.786422464810916466e+01 1.675748422422358441e-01 1.469966336819099502e-02
3.174528981929791982e+01 1.185228143896130959e-01 1.382538345951145331e-02
3.616692868500850011e+01 8.946389049717207165e-02 1.327991419656926464e-02
4.120443498711833286e+01 6.152620990532842171e-02 1.281154116718669078e-02
4.694358974726586098e+01 3.977285928297114026e-02 1.246045010115981629e-02
