1.069642439726958605e+00 -1.967976099458165873e+00 nan
1.218627458003121777e+00 -1.399575274751644116e+00 nan
1.388363836590320144e+00 1.241591947626385917e-02 1.999862231232519605e+01
1.581741926207981042e+00 -1.128264925373134719e+00 nan
1.802054659727066133e+00 -7.705576332578338850e-01 6.373729687045984527e+00
2.053053625776520175e+00 -1.007015716286785434e+00 nan
2.339012952555230562e+00 -5.947599325734829190e-01 5.684547613917975362e+00
2.664802089693036891e+00 -1.164768643727793318e+00 nan
3.035968727524477995e+00 -1.104508057187304715e+00 nan
3.458833265763586962e+00 -1.185858438470589693e+00 nan
3.940596440236666886e+00 1.034704118189350197e+01 1.395844178909800348e+01
4.489461940391565875e+00 -8.583910777316210439e-01 1.277559304407986485e+00
5.114776105571953835e+00 1.727887737901866316e+01 1.201711085588470418e+01
5.827187078870319503e+00 1.828045018614318806e+01 1.019427744662169566e+01
6.638826128706195817e+00 1.691073507234056450e+01 8.107046671167823959e+00
7.563514225758552811e+00 1.261374908028045461e+01 5.828197150268649374e+00
8.616997392941321721e+00 9.801199966726585444e+00 4.282652938798187314e+00
9.817214836071872952e+00 7.417931014098906317e+00 3.117444596612406915e+00
1.118460442108735009e+01 5.958384390237696948e+00 2.343404811437875157e+00
1.274245069961824761e+01 2.683416149132261452e+00 1.392361037062229467e+00
1.451728140926205768e+01 3.215893232796258605e+00 1.244287200111263925e+00
1.653931920034971981e+01 1.808773446380284255e+00 8.348933790504842190e-01
1.884299628142029093e+01 2.201954427439374751e+00 7.505413810344360170e-01
2.146754074702852577e+01 1.839265467742212667e+00 5.918343711171483168e-01
2.445764457215044274e+01 7.896128537179987195e-01 3.845212848402083661e-01
2.786422464810916466e+01 5.022390157921186038e-01 2.944951372304723813e-01
3.174528981929791982e+01 9.255490766293195115e-02 2.078094767955082911e-01
3.616692868500850011e+01 1.874316122516239691e-01 1.874895269141191034e-01
4.120443498711833286e+01 2.244776599914144466e-01 1.667565774692983394e-01
4.694358974726586098e+01 1.080947707654353884e-01 1.378561368530492881e-01
