1.069642439726958605e+00 -1.391219873895468417e+00 nan
1.218627458003121777e+00 -7.765223823009825832e-01 2.410267848926292977e-01
1.388363836590320144e+00 -6.255140506316494431e-01 2.648130732945855881e-01
1.581741926207981042e+00 3.070328609682859700e-01 4.030944025921199270e-01
1.802054659727066133e+00 2.726180992541706427e+00 5.608802549748855837e-01
2.053053625776520175e+00 4.693684647347173389e+00 5.704641593792032506e-01
2.339012952555230562e+00 7.230229723842340306e+00 5.660728033661267533e-01
2.664802089693036891e+00 8.326992526269181738e+00 5.050989631171662886e-01
3.035968727524477995e+00 8.105763352864343574e+00 4.159288981132653329e-01
3.458833265763586962e+00 7.453785570820256723e+00 3.338953723484933689e-01
3.940596440236666886e+00 6.322752526670644357e+00 2.584652868247886981e-01
4.489461940391565875e+00 5.258740802869605879e+00 1.990961052450968549e-01
5.114776105571953835e+00 4.145210253006414547e+00 1.505524400316539946e-01
5.827187078870319503e+00 3.278215772321021237e+00 1.150107232975515481e-01
6.638826128706195817e+00 2.705983443550069811e+00 9.031330259511043124e-02
7.563514225758552811e+00 2.116493952720017724e+00 7.006617680873226950e-02
8.616997392941321721e+00 1.685996948274945506e+00 5.548334950758673084e-02
9.817214836071872952e+00 1.355399059079475332e+00 4.473608646678514655e-02
1.118460442108735009e+01 1.089642302773762506e+00 3.668321802086849104e-02
1.274245069961824761e+01 8.315190140168056132e-01 3.006003040089177264e-02
1.451728140926205768e+01 6.831875101140896245e-01 2.580769912662261162e-02
1.653931920034971981e+01 5.033848441072421576e-01 2.188187877855069310e-02
1.884299628142029093e+01 3.846500956195220144e-01 1.921061513139562735e-02
2.146754074702852577e+01 2.856190015528103920e-01 1.715545376372498362e-02
2.445764457215044274e+01 2.124540062401403251e-01 1.567322897283022695e-02
2.786422464810916466e+01 1.572243642034747424e-01 1.459170192768448511e-02
3.174528981929791982e+01 1.183995350580178130e-01 1.383712764822486035e-02
3.616692868500850011e+01 8.227372912200991983e-02 1.320738970988180778e-02
4.120443498711833286e+01 6.156754428738264728e-02 1.282376203631494307e-02
4.694358974726586098e+01 4.281369794118616845e-02 1.250760512800301767e-02
