1.069642439726958605e+00 -1.213375194624054298e+00 nan
1.218627458003121777e+00 -9.401346877084755249e-01 1.907238637563774819e-01
1.388363836590320144e+00 -7.611157782373423331e-01 3.233483903872891307e-01
1.581741926207981042e+00 -4.621573576469779621e-01 3.951383316401811951e-01
1.802054659727066133e+00 3.320057070622366435e-01 5.115128836650688626e-01
2.053053625776520175e+00 2.851691633265802661e+00 7.145976627976364792e-01
2.339012952555230562e+00 5.277085927069417259e+00 7.502531266135571419e-01
2.664802089693036891e+00 6.476057226297472269e+00 6.835492229074583426e-01
3.035968727524477995e+00 8.473219933218397060e+00 6.416788783573318389e-01
3.458833265763586962e+00 8.330466133456880584e+00 5.296225683491542213e-01
3.940596440236666886e+00 7.569870922359342558e+00 4.218636231819644644e-01
4.489461940391565875e+00 6.282292044085387772e+00 3.229093176258319708e-01
5.114776105571953835e+00 5.239926078330443104e+00 2.491928464943693744e-01
5.827187078870319503e+00 4.124237175404665834e+00 1.883873896916953838e-01
6.638826128706195817e+00 3.239231680090054688e+00 1.432562466204586604e-01
7.563514225758552811e+00 2.605357592595311189e+00 1.112927081344264463e-01
8.616997392941321721e+00 2.078835458826094662e+00 8.703318399323320409e-02
9.817214836071872952e+00 1.619039129308057490e+00 6.822178238250364846e-02
1.118460442108735009e+01 1.284249641997339264e+00 5.473241471572521527e-02
1.274245069961824761e+01 1.019534213280854917e+00 4.464724232615175509e-02
1.451728140926205768e+01 8.032968918643368372e-01 3.704444622875260884e-02
1.653931920034971981e+01 5.976133999028196975e-01 3.083787489094727205e-02
1.884299628142029093e+01 4.678043123346469212e-01 2.667533716960631199e-02
2.146754074702852577e+01 3.343173226477174076e-01 2.312277917798543497e-02
2.445764457215044274e+01 2.524957163643839486e-01 2.080460625090123708e-02
2.786422464810916466e+01 1.881390642387221757e-01 1.907798714010327384e-02
3.174528981929791982e+01 1.301217253968161014e-01 1.768393996628651876e-02
3.616692868500850011e+01 8.954810549244673901e-02 1.671438406604925861e-02
4.120443498711833286e+01 6.581203130270396606e-02 1.610830678373656802e-02
4.694358974726586098e+01 4.195272386013915167e-02 1.558257782480248523e-02
