1.069642439726958605e+00 -1.019990728751230424e+00 nan
1.218627458003121777e+00 -9.096066884132592012e-01 1.535599405338305967e-01
1.388363836590320144e+00 -7.442370240718987340e-01 2.192291220857744416e-01
1.581741926207981042e+00 8.487011405554472088e-01 4.804020031808049485e-01
1.802054659727066133e+00 2.806337814307821255e+00 5.679304042304589295e-01
2.053053625776520175e+00 4.812478811458667849e+00 5.774929767167351624e-01
2.339012952555230562e+00 6.850951837345489182e+00 5.534758991501279590e-01
2.664802089693036891e+00 7.754578780090195522e+00 4.894959193794351515e-01
3.035968727524477995e+00 7.835288130104082427e+00 4.100077446841502438e-01
3.458833265763586962e+00 7.329882952523956163e+00 3.317895372414619293e-01
3.940596440236666886e+00 6.564808429512159371e+00 2.636315376028627866e-01
4.489461940391565875e+00 5.206477684233020042e+00 1.984797041077961399e-01
5.114776105571953835e+00 4.145675893448784066e+00 1.508080367723276805e-01
5.827187078870319503e+00 3.213896012108724776e+00 1.141620794488951846e-01
6.638826128706195817e+00 2.689179359729520158e+00 9.020281312815733865e-02
7.563514225758552811e+00 2.151687448057178820e+00 7.067904376938434485e-02
8.616997392941321721e+00 1.671801199766355772e+00 5.537168539102978182e-02
9.817214836071872952e+00 1.383058653570643060e+00 4.516494303636910124e-02
1.118460442108735009e+01 1.051864794932842351e+00 3.625162377606239855e-02
1.274245069961824761e+01 8.553226710053687398e-01 3.039644311919648123e-02
1.451728140926205768e+01 6.567968928409610996e-01 2.551757847696903281e-02
1.653931920034971981e+01 5.125899211410465117e-01 2.201930667671030475e-02
1.884299628142029093e+01 4.025212161408384670e-01 1.944641358534906009e-02
2.146754074702852577e+01 3.035946867122134574e-01 1.738808124391690718e-02
2.445764457215044274e+01 2.326785024754451925e-01 1.592947454223873557e-02
2.786422464810916466e+01 1.704951760795554438e-01 1.476348356059174922e-02
3.174528981929791982e+01 1.273320888065001544e-01 1.395626074090290311e-02
3.616692868500850011e+01 9.246064157329358935e-02 1.334037526426441918e-02
4.120443498711833286e+01 6.418063543597019027e-02 1.286663715957610948e-02
4.694358974726586098e+01 4.405526237126244915e-02 1.253382296109419557e-02
