1.069642439726958605e+00 -2.463174398620076033e-01 2.808759286276130496e+01
1.218627458003121777e+00 -2.238822363011172101e+00 nan
1.388363836590320144e+00 -1.332732179009899376e+00 nan
1.581741926207981042e+00 -7.186625629546727900e-01 9.012191116663503365e+00
1.802054659727066133e+00 -1.671936932002273668e+00 nan
2.053053625776520175e+00 -1.419117618942864922e+00 nan
2.339012952555230562e+00 -8.311404793784080702e-01 3.852230694622369001e+00
2.664802089693036891e+00 -8.397101176690591195e-01 3.116494916871749510e+00
3.035968727524477995e+00 -1.160225244947694634e+00 nan
3.458833265763586962e+00 -1.211581093995766079e+00 nan
3.940596440236666886e+00 -8.959486308247428532e-01 1.400302234995981498e+00
4.489461940391565875e+00 3.252741568049622778e+00 7.357917442070399439e+00
5.114776105571953835e+00 1.624667532830400063e+01 1.224521468898201881e+01
5.827187078870319503e+00 2.224516774587475609e+01 1.177102720078423737e+01
6.638826128706195817e+00 2.126368950327746177e+01 9.516180864417762564e+00
7.563514225758552811e+00 6.057956508076140167e+00 4.366450909663109670e+00
8.616997392941321721e+00 9.776441516814800892e+00 4.486312266796931958e+00
9.817214836071872952e+00 4.633757084789350777e+00 2.654644293177859105e+00
1.118460442108735009e+01 3.602573580996177416e+00 1.979834197372082105e+00
1.274245069961824761e+01 5.690436717966225189e+00 2.001943633868885630e+00
1.451728140926205768e+01 2.899349950455321512e+00 1.250778327377191301e+00
1.653931920034971981e+01 2.381335964176576336e+00 9.667741558789455514e-01
1.884299628142029093e+01 1.353845198955801132e+00 6.636765314771718716e-01
2.146754074702852577e+01 1.495772412820474573e+00 5.755050216608211811e-01
2.445764457215044274e+01 7.938246735554559397e-01 4.028839063213589533e-01
2.786422464810916466e+01 6.823734939017569445e-01 3.289903742258468711e-01
3.174528981929791982e+01 4.274053522001275418e-01 2.546949227346621547e-01
3.616692868500850011e+01 5.603364425565344753e-01 2.328002093558255992e-01
4.120443498711833286e+01 3.549796102206597137e-01 1.858655057176740732e-01
4.694358974726586098e+01 1.677732985008117961e-01 1.486876026938003803e-01
