1.069642439726958605e+00 -1.067674057428515511e+00 nan
1.218627458003121777e+00 -5.925473220925869811e-01 3.254037889688398133e-01
1.388363836590320144e+00 -3.220053156110254111e-01 3.562855036651847995e-01
1.581741926207981042e+00 -3.034041912826679344e-02 3.470606877346268382e-01
1.802054659727066133e+00 2.727450510342858792e+00 5.608660498731374844e-01
2.053053625776520175e+00 4.857958967956624186e+00 5.786376095791893048e-01
2.339012952555230562e+00 6.514188885979608656e+00 5.400896749523258489e-01
2.664802089693036891e+00 8.257250557494714371e+00 5.030207210895908387e-01
3.035968727524477995e+00 8.210283026958707708e+00 4.183896544767185532e-01
3.458833265763586962e+00 7.382347995357341652e+00 3.322934933070469388e-01
3.940596440236666886e+00 6.536066096959693539e+00 2.625806274589683742e-01
4.489461940391565875e+00 5.283627610694267673e+00 1.995094845094353975e-01
5.114776105571953835e+00 4.180993378398499161e+00 1.511331090118540887e-01
5.827187078870319503e+00 3.517890883245252454e+00 1.188036642307242069e-01
6.638826128706195817e+00 2.722208700272896298e+00 9.054148227963354501e-02
7.563514225758552811e+00 2.125375902019056795e+00 7.018156036029336853e-02
8.616997392941321721e+00 1.717373803464821602e+00 5.590356151987443262e-02
9.817214836071872952e+00 1.380766758416848816e+00 4.506260172864114816e-02
1.118460442108735009e+01 1.119728798711618900e+00 3.706072746701849496e-02
1.274245069961824761e+01 8.571115255717252079e-01 3.037404305804013854e-02
1.451728140926205768e+01 6.635007114609641210e-01 2.556372303968528978e-02
1.653931920034971981e+01 5.366169918272325479e-01 2.227964116276581405e-02
1.884299628142029093e+01 3.965303432517994775e-01 1.935021636875137660e-02
2.146754074702852577e+01 2.972886601237483273e-01 1.729213497935591648e-02
2.445764457215044274e+01 2.186129957164837379e-01 1.574440622772141363e-02
2.786422464810916466e+01 1.665776294313552341e-01 1.470069957318629814e-02
3.174528981929791982e+01 1.176747989086268653e-01 1.382707777693066228e-02
3.616692868500850011e+01 7.838986710601258956e-02 1.316014430311010508e-02
4.120443498711833286e+01 5.336929921907129781e-02 1.272566748779123402e-02
4.694358974726586098e+01 3.453657691441747168e-02 1.240864291674158640e-02
