1.069642439726958605e+00 -1.242969296538225521e+00 nan
1.218627458003121777e+00 -1.223783781057492970e+00 nan
1.388363836590320144e+00 -9.731789806065043180e-01 1.088178341237208968e-01
1.581741926207981042e+00 -3.907724666728034091e-01 4.224060590805724935e-01
1.802054659727066133e+00 5.188595356187455376e-01 5.486718057983476227e-01
2.053053625776520175e+00 2.441680903707006856e+00 6.782357827138013606e-01
2.339012952555230562e+00 4.690832380524788903e+00 7.169834646579178461e-01
2.664802089693036891e+00 6.949306136273792234e+00 7.084841234451015879e-01
3.035968727524477995e+00 7.984951106062949222e+00 6.268629001415684243e-01
3.458833265763586962e+00 8.167466350758942895e+00 5.269077564465763919e-01
3.940596440236666886e+00 7.511647249459229236e+00 4.220722441741451281e-01
4.489461940391565875e+00 6.061020046628129876e+00 3.187660139418097005e-01
5.114776105571953835e+00 5.041250356479357819e+00 2.456791794425675080e-01
5.827187078870319503e+00 4.204578286713425150e+00 1.908629529778890221e-01
6.638826128706195817e+00 3.353800668715801514e+00 1.461242637811964173e-01
7.563514225758552811e+00 2.722113054819920386e+00 1.139312835758821418e-01
8.616997392941321721e+00 2.034551161276678677e+00 8.656885081526322079e-02
9.817214836071872952e+00 1.638294585242387136e+00 6.880525857874579543e-02
1.118460442108735009e+01 1.326738067931439335e+00 5.562756630489552878e-02
1.274245069961824761e+01 1.040104959231393345e+00 4.512812251408764019e-02
1.451728140926205768e+01 8.067132077841459026e-01 3.721929613413470922e-02
1.653931920034971981e+01 6.313075080821681784e-01 3.144682166312722654e-02
1.884299628142029093e+01 5.051238592964224505e-01 2.731371482120911742e-02
2.146754074702852577e+01 3.698693242964732342e-01 2.371599530748869436e-02
2.445764457215044274e+01 2.794897396002549161e-01 2.125889439520891114e-02
2.786422464810916466e+01 1.996416479968976532e-01 1.929625801977406449e-02
3.174528981929791982e+01 1.455973672801009755e-01 1.795479020845184084e-02
3.616692868500850011e+01 1.040668592451878816e-01 1.696724725195003156e-02
4.120443498711833286e+01 6.827584039207268418e-02 1.618218948799617779e-02
4.694358974726586098e+01 4.740779082181401094e-02 1.569829264597524809e-02
