1.069642439726958605e+00 -9.996132744060042263e-01 2.041199620458192809e-01
1.218627458003121777e+00 -7.321408878616639804e-01 4.082368630728205439e+00
1.388363836590320144e+00 -1.495117258568677610e+00 nan
1.581741926207981042e+00 -8.750673370443526888e-01 1.926725990073065331e+00
1.802054659727066133e+00 -1.311199266469352143e+00 nan
2.053053625776520175e+00 -1.203562116812998184e+00 nan
2.339012952555230562e+00 -1.383906939969671512e+00 nan
2.664802089693036891e+00 -8.520236915274588263e-01 9.606860577112171784e-01
3.035968727524477995e+00 1.931031302327884669e+00 3.529604087092711229e+00
3.458833265763586962e+00 3.785219981490563157e+00 3.715683211836307898e+00
3.940596440236666886e+00 4.579639369192005205e+00 3.299890691003187992e+00
4.489461940391565875e+00 8.490842619690768700e+00 3.549935009434912470e+00
5.114776105571953835e+00 1.021582013001311751e+01 3.189670124912975968e+00
5.827187078870319503e+00 1.068734369031438547e+01 2.697577552819501179e+00
6.638826128706195817e+00 1.161787901630722963e+01 2.330548736402955790e+00
7.563514225758552811e+00 8.783570859106870188e+00 1.696688672504290452e+00
8.616997392941321721e+00 5.596052384323904505e+00 1.145693920729572435e+00
9.817214836071872952e+00 4.407444996148213612e+00 8.591591427075542242e-01
1.118460442108735009e+01 3.892157686177446507e+00 6.817916586161593129e-01
1.274245069961824761e+01 2.669109624760947597e+00 4.881250519562770340e-01
1.451728140926205768e+01 2.380330286343474544e+00 3.938304992750642497e-01
1.653931920034971981e+01 1.715100613531156615e+00 2.945935886032912121e-01
1.884299628142029093e+01 1.285120661744494130e+00 2.270382833633433073e-01
2.146754074702852577e+01 9.668166693382054255e-01 1.783471839541723447e-01
2.445764457215044274e+01 7.830995548386108229e-01 1.457635819832614199e-01
2.786422464810916466e+01 5.578865243959965081e-01 1.171926356343567371e-01
3.174528981929791982e+01 3.891196968407024670e-01 9.636000166469288475e-02
3.616692868500850011e+01 2.167973989555944669e-01 7.891874592587226622e-02
4.120443498711833286e+01 1.830139545845566040e-01 7.079686094388752682e-02
4.694358974726586098e+01 1.460278803862540276e-01 6.432879938112361085e-02
