1.069642439726958605e+00 -2.145987629704095845e-01 9.312563228645887037e+00
1.218627458003121777e+00 -1.571877080519122227e+00 nan
1.388363836590320144e+00 -1.862755089625794724e+00 nan
1.581741926207981042e+00 -5.632612252317761303e-01 3.646982789314159756e+00
1.802054659727066133e+00 -8.491721945963586204e-01 1.762033238784181499e+00
2.053053625776520175e+00 -1.154751163890005206e+00 nan
2.339012952555230562e+00 -9.884853158540429785e-01 3.267188178304712420e-01
2.664802089693036891e+00 -9.803813733203905478e-01 3.541164503585906842e-01
3.035968727524477995e+00 2.169340400359180521e+00 3.715850527381341806e+00
3.458833265763586962e+00 6.874643987465063333e+00 4.830856463587444694e+00
3.940596440236666886e+00 5.512395855526444954e+00 3.610833032911679119e+00
4.489461940391565875e+00 1.062996871238727969e+01 3.984703032418453361e+00
5.114776105571953835e+00 1.145094724237183570e+01 3.406633827760892075e+00
5.827187078870319503e+00 7.955461040120233918e+00 2.378758241359870684e+00
6.638826128706195817e+00 9.025545279409653787e+00 2.088737589778761894e+00
7.563514225758552811e+00 6.903235204059274821e+00 1.532587935304994486e+00
8.616997392941321721e+00 5.795014665026357648e+00 1.177959446077685213e+00
9.817214836071872952e+00 4.573639435485850946e+00 8.837290594073972105e-01
1.118460442108735009e+01 2.737622410104599613e+00 5.950358126261874325e-01
1.274245069961824761e+01 2.405319943897489932e+00 4.736463379484617819e-01
1.451728140926205768e+01 1.927172780656900564e+00 3.667298050697820888e-01
1.653931920034971981e+01 1.425917760160260173e+00 2.788602613812756759e-01
1.884299628142029093e+01 1.185308695919801369e+00 2.234071208839208400e-01
2.146754074702852577e+01 9.020479583025609038e-01 1.765102956754195096e-01
2.445764457215044274e+01 5.866174309569855971e-01 1.364543046041514773e-01
2.786422464810916466e+01 4.923036269128855391e-01 1.149218831928632695e-01
3.174528981929791982e+01 3.671304389323990502e-01 9.617073625872972487e-02
3.616692868500850011e+01 2.067859427070333211e-01 7.914944554445435543e-02
4.120443498711833286e+01 1.600782129974951395e-01 7.030107503545318659e-02
4.694358974726586098e+01 9.657466706178108318e-02 6.249752264648540667e-02
