1.069642439726958605e+00 -1.170528799225058592e+00 nan
1.218627458003121777e+00 -6.622986797385232993e-01 2.961668619111755274e-01
1.388363836590320144e+00 -8.195162663144441861e-01 1.837459830941111649e-01
1.581741926207981042e+00 6.796110190386175365e-01 4.568432011545763283e-01
1.802054659727066133e+00 2.688132074917070735e+00 5.577464940418194184e-01
2.053053625776520175e+00 4.741964145634822714e+00 5.726605563158070344e-01
2.339012952555230562e+00 6.916772493814566047e+00 5.546358725873404838e-01
2.664802089693036891e+00 7.853327527548542797e+00 4.913006799014406623e-01
3.035968727524477995e+00 7.919372636167880231e+00 4.111931720307518412e-01
3.458833265763586962e+00 7.334105627067282640e+00 3.311742486186419754e-01
3.940596440236666886e+00 6.182717606464859905e+00 2.556016721476354614e-01
4.489461940391565875e+00 5.154913849223229150e+00 1.971311952848830151e-01
5.114776105571953835e+00 4.247831265400217937e+00 1.522312882103130371e-01
5.827187078870319503e+00 3.399562297080436224e+00 1.169022643527657390e-01
6.638826128706195817e+00 2.698765801511379792e+00 9.016959288926104654e-02
7.563514225758552811e+00 2.131466025987773794e+00 7.025405194302460077e-02
8.616997392941321721e+00 1.708295316445243461e+00 5.576805604994698740e-02
9.817214836071872952e+00 1.323334898687919647e+00 4.429782645271937436e-02
1.118460442108735009e+01 1.075496547155022187e+00 3.649040307206338069e-02
1.274245069961824761e+01 8.468932301965470533e-01 3.024149585602669416e-02
1.451728140926205768e+01 6.662470862721239229e-01 2.559287099815053118e-02
1.653931920034971981e+01 4.956873742342362554e-01 2.178256691341121792e-02
1.884299628142029093e+01 3.946056507499271504e-01 1.932420799506997730e-02
2.146754074702852577e+01 2.890436096239785702e-01 1.719156040653231285e-02
2.445764457215044274e+01 2.127129963622622633e-01 1.567226713264692484e-02
2.786422464810916466e+01 1.582194059562924693e-01 1.459985287962147979e-02
3.174528981929791982e+01 1.105704027195157924e-01 1.374132042895451905e-02
3.616692868500850011e+01 7.634736675937547901e-02 1.313432324541887429e-02
4.120443498711833286e+01 5.348897631796267760e-02 1.272545857741355646e-02
4.694358974726586098e+01 3.446462920345139125e-02 1.240623373608521103e-02
