1.069642439726958605e+00 -1.029257021415368012e+00 nan
1.218627458003121777e+00 -8.037754896996851528e-01 3.476195640887164151e-01
1.388363836590320144e+00 -8.971643017946466792e-01 2.135671093589322778e-01
1.581741926207981042e+00 -6.373126526018624283e-01 3.266324707849342923e-01
1.802054659727066133e+00 2.238087632692022932e-01 4.935518888163663020e-01
2.053053625776520175e+00 2.869640897779046185e+00 7.210549162230439624e-01
2.339012952555230562e+00 4.458223909902706339e+00 7.035790245196005266e-01
2.664802089693036891e+00 6.488571724849697020e+00 6.886606380070320332e-01
3.035968727524477995e+00 8.466951175005796415e+00 6.456545048858217672e-01
3.458833265763586962e+00 7.917758022160374942e+00 5.203735389991087645e-01
3.940596440236666886e+00 7.072585740525052955e+00 4.110178712154078373e-01
4.489461940391565875e+00 6.094181707908217227e+00 3.202847320981606627e-01
5.114776105571953835e+00 4.934867710244879468e+00 2.437497845324668733e-01
5.827187078870319503e+00 4.092569343742033183e+00 1.888719281697020524e-01
6.638826128706195817e+00 3.222570405015002581e+00 1.437905441066721635e-01
7.563514225758552811e+00 2.612482077203857500e+00 1.120901507421514925e-01
8.616997392941321721e+00 1.989405207625407623e+00 8.592494475218821759e-02
9.817214836071872952e+00 1.656180398398651388e+00 6.924471950526671360e-02
1.118460442108735009e+01 1.301704939470625488e+00 5.531881877273603365e-02
1.274245069961824761e+01 1.035797385711381580e+00 4.514018712660469029e-02
1.451728140926205768e+01 7.802042255245849045e-01 3.687148558956878514e-02
1.653931920034971981e+01 6.143173277621334361e-01 3.123960338094152606e-02
1.884299628142029093e+01 4.800846264510205685e-01 2.698054399319067820e-02
2.146754074702852577e+01 3.466300284054768532e-01 2.340565877793879951e-02
2.445764457215044274e+01 2.573966568665557730e-01 2.096249493989466375e-02
2.786422464810916466e+01 1.929064899742589656e-01 1.922306926452849868e-02
3.174528981929791982e+01 1.437746847399863359e-01 1.795121174310592566e-02
3.616692868500850011e+01 9.941613060546172775e-02 1.692028854268592258e-02
4.120443498711833286e+01 7.128137291467773196e-02 1.624597177269122492e-02
4.694358974726586098e+01 4.231648723128733636e-02 1.564252160256972279e-02
