1.069642439726958605e+00 -1.636743407695431252e+00 nan
1.218627458003121777e+00 -8.046792560089537361e-01 5.674719397155624234e-01
1.388363836590320144e+00 -9.361659659295922253e-01 2.753152690875951825e-01
1.581741926207981042e+00 -7.866022099447513849e-01 4.099206377228017395e-01
1.802054659727066133e+00 -1.081501175051068131e+00 nan
2.053053625776520175e+00 7.850133837522608182e-01 7.995345877743034180e-01
2.339012952555230562e+00 1.598304598944904509e+00 7.906511496595782784e-01
2.664802089693036891e+00 5.378845871669883039e+00 1.033641726093869062e+00
3.035968727524477995e+00 7.606327042085847978e+00 9.969157088579752024e-01
3.458833265763586962e+00 8.004978833618091372e+00 8.452368664205489601e-01
3.940596440236666886e+00 9.318007445712879644e+00 7.534155651183193081e-01
4.489461940391565875e+00 7.429012757150376345e+00 5.629572213595178676e-01
5.114776105571953835e+00 5.995169929870964864e+00 4.252336025017075527e-01
5.827187078870319503e+00 5.344752570810997305e+00 3.384747634076625822e-01
6.638826128706195817e+00 4.227038680436706386e+00 2.558097720159643873e-01
7.563514225758552811e+00 3.205605465107961738e+00 1.914295087557818797e-01
8.616997392941321721e+00 2.666323667458225355e+00 1.505560606635089060e-01
9.817214836071872952e+00 2.045800364957427675e+00 1.154593042598737462e-01
1.118460442108735009e+01 1.607023539886253793e+00 9.066276234579431770e-02
1.274245069961824761e+01 1.243926192654583263e+00 7.181468409682217890e-02
1.451728140926205768e+01 9.813210145656332539e-01 5.834010157368414023e-02
1.653931920034971981e+01 7.580608243934254808e-01 4.796545770841983969e-02
1.884299628142029093e+01 5.941105903168439895e-01 4.045062070578947511e-02
2.146754074702852577e+01 4.375393821665742866e-01 3.434373559437538942e-02
2.445764457215044274e+01 3.343969748152828547e-01 3.016757267270955833e-02
2.786422464810916466e+01 2.626986133424422665e-01 2.723863359592350666e-02
3.174528981929791982e+01 1.826188495202365480e-01 2.462249947314175402e-02
3.616692868500850011e+01 1.404271972617761044e-01 2.305785003827698354e-02
4.120443498711833286e+01 8.978718061586699051e-02 2.157172072910770733e-02
4.694358974726586098e+01 6.161070591102246752e-02 2.067486706491349080e-02
