1.069642439726958605e+00 -1.021934401446117135e+00 nan
1.218627458003121777e+00 -4.061904372794979956e-01 3.930301484992522187e-01
1.388363836590320144e+00 -3.987921184466995950e-01 3.356460159959177569e-01
1.581741926207981042e+00 7.462961514930344098e-01 4.661654830617479872e-01
1.802054659727066133e+00 2.480958347729937064e+00 5.421385872571056197e-01
2.053053625776520175e+00 4.871651734780118481e+00 5.795835892908478559e-01
2.339012952555230562e+00 6.579829469312874934e+00 5.427497042685828221e-01
2.664802089693036891e+00 8.480293072011050981e+00 5.095587071169451754e-01
3.035968727524477995e+00 8.329915763017883279e+00 4.214668866510595246e-01
3.458833265763586962e+00 7.254814929801634449e+00 3.296762912819042324e-01
3.940596440236666886e+00 6.207659806981514095e+00 2.562625113937038179e-01
4.489461940391565875e+00 5.085105632680352095e+00 1.959864383185679626e-01
5.114776105571953835e+00 4.393946393735199685e+00 1.547897356039075190e-01
5.827187078870319503e+00 3.362667998611849285e+00 1.163878676587342537e-01
6.638826128706195817e+00 2.741186657176556629e+00 9.086271838126243339e-02
7.563514225758552811e+00 2.199353673923602148e+00 7.126673815301573511e-02
8.616997392941321721e+00 1.712556448752425631e+00 5.585882258582863108e-02
9.817214836071872952e+00 1.377784093967537871e+00 4.503982568904845579e-02
1.118460442108735009e+01 1.084228329230514820e+00 3.662145165468819186e-02
1.274245069961824761e+01 8.702181008131086859e-01 3.054719540594577273e-02
1.451728140926205768e+01 6.583038372185854303e-01 2.550838590270184877e-02
1.653931920034971981e+01 5.091839888178459894e-01 2.195558637144557138e-02
1.884299628142029093e+01 3.849795351968330337e-01 1.921768607571611859e-02
2.146754074702852577e+01 3.028870880126370846e-01 1.736346610911632116e-02
2.445764457215044274e+01 2.185626366689017441e-01 1.574796437462103876e-02
2.786422464810916466e+01 1.637365802971513240e-01 1.467083036814983976e-02
3.174528981929791982e+01 1.182240316087397325e-01 1.383698002522055007e-02
3.616692868500850011e+01 8.245837947894596454e-02 1.321136622239624941e-02
4.120443498711833286e+01 5.793408823505963312e-02 1.278257528028646506e-02
4.694358974726586098e+01 3.931171230049534948e-02 1.246791229938132468e-02
