1.069642439726958605e+00 -1.428756014213094172e+00 nan
1.218627458003121777e+00 2.987064627770551484e-01 2.730065278090183511e+01
1.388363836590320144e+00 -1.020401019697414036e+00 nan
1.581741926207981042e+00 -5.071564885496180342e-01 1.162236179141478409e+01
1.802054659727066133e+00 -1.716657131945225956e+00 nan
2.053053625776520175e+00 -5.967605953155254994e-01 7.083954075689777419e+00
2.339012952555230562e+00 -8.351912964538357187e-01 3.708187563474653725e+00
2.664802089693036891e+00 -1.354936736142993592e+00 nan
3.035968727524477995e+00 -1.439729951283806209e+00 nan
3.458833265763586962e+00 -1.025286472197276755e+00 nan
3.940596440236666886e+00 -1.372055339035147536e+00 nan
4.489461940391565875e+00 1.112116589652894660e+01 1.212971261439844284e+01
5.114776105571953835e+00 7.099007917066733953e+00 8.147944023688603821e+00
5.827187078870319503e+00 1.010237394880240558e+01 7.873348445169727761e+00
6.638826128706195817e+00 8.916936256707403530e+00 6.126303222563460160e+00
7.563514225758552811e+00 1.152594802564583532e+01 5.708522529548431201e+00
8.616997392941321721e+00 8.659054950852066668e+00 4.132056485559110648e+00
9.817214836071872952e+00 8.173306547285580592e+00 3.333924461428673602e+00
1.118460442108735009e+01 5.503251631479503914e+00 2.311716289128122437e+00
1.274245069961824761e+01 3.553829702435443494e+00 1.590997443535903111e+00
1.451728140926205768e+01 2.586664353030863062e+00 1.166693706733355373e+00
1.653931920034971981e+01 1.712427402359569584e+00 8.375423482130863739e-01
1.884299628142029093e+01 2.431836867300519955e+00 7.970237220406494183e-01
2.146754074702852577e+01 1.421342927622355035e+00 5.521780914549417885e-01
2.445764457215044274e+01 1.124974373640086345e+00 4.333498126400334161e-01
2.786422464810916466e+01 8.534163123937741346e-01 3.402957783489123922e-01
3.174528981929791982e+01 4.047901813793233217e-01 2.464532268281414973e-01
3.616692868500850011e+01 4.674998403733832131e-01 2.188251217945257621e-01
4.120443498711833286e+01 1.574250160654560027e-01 1.636543212066473019e-01
4.694358974726586098e+01 1.642222498697316624e-01 1.453489355982135744e-01
