1.069642439726958605e+00 -1.085163024871829140e+00 nan
1.218627458003121777e+00 -8.204423268932015123e-01 2.159427093543524745e-01
1.388363836590320144e+00 -6.926354735337181268e-01 2.397900079983588950e-01
1.581741926207981042e+00 -2.719179065642771675e-01 3.006119514184957819e-01
1.802054659727066133e+00 2.404638352721906180e+00 5.357379368860825108e-01
2.053053625776520175e+00 5.355228538431539675e+00 6.028954452724846202e-01
2.339012952555230562e+00 6.921505292364359185e+00 5.547873018317552862e-01
2.664802089693036891e+00 7.941056496264906173e+00 4.938226507287845068e-01
3.035968727524477995e+00 8.075401051784108830e+00 4.149977433018171569e-01
3.458833265763586962e+00 6.977774539167438839e+00 3.233950163327380389e-01
3.940596440236666886e+00 5.874715259445023818e+00 2.494630270055119281e-01
4.489461940391565875e+00 5.121947469917321527e+00 1.965247084907444375e-01
5.114776105571953835e+00 4.211092061928410679e+00 1.516047563485150296e-01
5.827187078870319503e+00 3.381083196043868089e+00 1.166045189561052686e-01
6.638826128706195817e+00 2.667212120238669826e+00 8.969163711053443344e-02
7.563514225758552811e+00 2.181694186927919166e+00 7.097003869072021631e-02
8.616997392941321721e+00 1.753358297431546031e+00 5.638185733217283141e-02
9.817214836071872952e+00 1.376311421083605158e+00 4.499394149709298046e-02
1.118460442108735009e+01 1.111408038248492547e+00 3.694687892298278292e-02
1.274245069961824761e+01 8.726132691904275873e-01 3.056045959676602364e-02
1.451728140926205768e+01 6.763729304421672861e-01 2.571587723821530322e-02
1.653931920034971981e+01 5.289989876609419994e-01 2.218368695895415674e-02
1.884299628142029093e+01 4.058946314925118148e-01 1.945869103480322992e-02
2.146754074702852577e+01 3.028337698072771644e-01 1.735511829064553466e-02
2.445764457215044274e+01 2.332396878798055351e-01 1.591513383040510723e-02
2.786422464810916466e+01 1.665123000138009068e-01 1.469762849926777200e-02
3.174528981929791982e+01 1.182309858278220993e-01 1.383154903740350071e-02
3.616692868500850011e+01 8.426981292905111331e-02 1.322761013661196902e-02
4.120443498711833286e+01 5.826259444029568968e-02 1.278156688673271965e-02
4.694358974726586098e+01 4.041679945473841684e-02 1.247625053427153970e-02
