1.069642439726958605e+00 -1.211623235042059488e+00 nan
1.218627458003121777e+00 -7.925538805824059452e-01 2.323626498595583734e-01
1.388363836590320144e+00 -6.349686394107227905e-01 2.616088519169424975e-01
1.581741926207981042e+00 4.280651962626988993e-01 4.216324369209075162e-01
1.802054659727066133e+00 2.676334250674160753e+00 5.574350302061311657e-01
2.053053625776520175e+00 5.334428793277313119e+00 6.025448530926126312e-01
2.339012952555230562e+00 6.887978755931923658e+00 5.541746049778586425e-01
2.664802089693036891e+00 7.916983236125402001e+00 4.936532244607773068e-01
3.035968727524477995e+00 7.785182670492288182e+00 4.083043267132136500e-01
3.458833265763586962e+00 6.964635553050907646e+00 3.234438842395820912e-01
3.940596440236666886e+00 6.185921306956217336e+00 2.559202900785211843e-01
4.489461940391565875e+00 5.088911419472887054e+00 1.961217959718914439e-01
5.114776105571953835e+00 4.039504862236636740e+00 1.488329541739044637e-01
5.827187078870319503e+00 3.415297852915087695e+00 1.172640009818333301e-01
6.638826128706195817e+00 2.688737009692974134e+00 9.010268407530223900e-02
7.563514225758552811e+00 2.125045010623187292e+00 7.022599491287491447e-02
8.616997392941321721e+00 1.710130641902454229e+00 5.584243693242293277e-02
9.817214836071872952e+00 1.349078854675663575e+00 4.467506520553634480e-02
1.118460442108735009e+01 1.075881949001954663e+00 3.652520056699064960e-02
1.274245069961824761e+01 8.370327084323530009e-01 3.014240933956812904e-02
1.451728140926205768e+01 6.441770344113195712e-01 2.534216624454690980e-02
1.653931920034971981e+01 5.149990521210427996e-01 2.203104126420503406e-02
1.884299628142029093e+01 3.899615028798801841e-01 1.928168586188855685e-02
2.146754074702852577e+01 2.984873863847159470e-01 1.731494001803436655e-02
2.445764457215044274e+01 2.248555411886881128e-01 1.582586469762400569e-02
2.786422464810916466e+01 1.725751603246137300e-01 1.477836620463131995e-02
3.174528981929791982e+01 1.166754086818899694e-01 1.382139245701561638e-02
3.616692868500850011e+01 8.695073262189234597e-02 1.326696259253605167e-02
4.120443498711833286e+01 5.862588947621327762e-02 1.279315065744298686e-02
4.694358974726586098e+01 3.594367924715302642e-02 1.243046144044809495e-02
