1.069642439726958605e+00 -1.614992814797172827e+00 nan
1.218627458003121777e+00 -1.090959379588499090e+00 nan
1.388363836590320144e+00 -1.175325194708532806e+00 nan
1.581741926207981042e+00 -7.752890173410404984e-01 2.599423409676347330e+00
1.802054659727066133e+00 -9.874797276865054929e-01 5.044549768729604811e-01
2.053053625776520175e+00 -7.380923676610111617e-01 1.891022961043316686e+00
2.339012952555230562e+00 -7.394794992509763354e-01 1.544284128971384229e+00
2.664802089693036891e+00 -8.863518672945942534e-01 8.469256550130479511e-01
3.035968727524477995e+00 -9.730776768335791527e-01 3.400426952271342618e-01
3.458833265763586962e+00 2.742717802665361582e+00 3.304379380037683056e+00
3.940596440236666886e+00 7.502790072011737088e+00 4.104367600102333036e+00
4.489461940391565875e+00 1.055226173106074405e+01 3.946245105663017672e+00
5.114776105571953835e+00 8.843716432209484779e+00 3.000903714833859315e+00
5.827187078870319503e+00 1.048388846355283910e+01 2.688671498323567555e+00
6.638826128706195817e+00 9.219814637351420927e+00 2.096905109274269208e+00
7.563514225758552811e+00 6.868944573802907350e+00 1.519678301992912539e+00
8.616997392941321721e+00 5.365117094139973730e+00 1.130520683674177684e+00
9.817214836071872952e+00 3.835784995755768367e+00 8.134388107025469772e-01
1.118460442108735009e+01 3.629739938680001110e+00 6.650113182117560751e-01
1.274245069961824761e+01 2.897989154148127522e+00 5.078437354228960698e-01
1.451728140926205768e+01 2.102271209025901921e+00 3.768831756156686974e-01
1.653931920034971981e+01 1.425351534871805992e+00 2.772048666933218941e-01
1.884299628142029093e+01 1.273556239496981934e+00 2.275405160736361510e-01
2.146754074702852577e+01 8.540137936252933937e-01 1.727470668798307407e-01
2.445764457215044274e+01 6.249928804231024149e-01 1.378414074812294721e-01
2.786422464810916466e+01 4.650561241581605554e-01 1.128976952402569456e-01
3.174528981929791982e+01 2.589136276535637382e-01 9.020883291463496767e-02
3.616692868500850011e+01 2.451236529917946161e-01 8.066127787649728098e-02
4.120443498711833286e+01 1.689928729967586918e-01 7.041745723824709147e-02
4.694358974726586098e+01 1.266694630202633842e-01 6.366301999828685720e-02
