1.069642439726958605e+00 -3.784466734765643992e+00 nan
1.218627458003121777e+00 3.092522302540918755e-01 2.699896654314114741e+01
1.388363836590320144e+00 -7.412666682918502836e-01 1.018587066884091286e+01
1.581741926207981042e+00 -9.793233082706767068e-01 2.344746101613039535e+00
1.802054659727066133e+00 -1.452821382915457704e+00 nan
2.053053625776520175e+00 -7.974276089051244298e-01 4.945383771883769874e+00
2.339012952555230562e+00 -1.460336869661063464e+00 nan
2.664802089693036891e+00 -1.181045099695671396e+00 nan
3.035968727524477995e+00 -8.140613311661326623e-01 2.657417381868957929e+00
3.458833265763586962e+00 -9.150377950641317426e-01 1.478437608680502224e+00
3.940596440236666886e+00 1.072981778952816079e+01 1.429944439158405345e+01
4.489461940391565875e+00 3.005501452146342789e+00 6.852985086288112093e+00
5.114776105571953835e+00 1.225197500496748582e+01 1.028765925506650625e+01
5.827187078870319503e+00 9.719250194016233024e+00 7.618961708492582474e+00
6.638826128706195817e+00 1.091786222137065820e+01 6.627424220754976503e+00
7.563514225758552811e+00 1.777212764894162333e+01 6.939559503830431630e+00
8.616997392941321721e+00 1.054498190193042717e+01 4.466473522023997056e+00
9.817214836071872952e+00 6.408718032742048543e+00 2.937900398938078972e+00
1.118460442108735009e+01 5.327114367352934643e+00 2.245186858000046470e+00
1.274245069961824761e+01 4.251595266566761566e+00 1.690534855888881749e+00
1.451728140926205768e+01 2.246983599098189899e+00 1.090638123612412969e+00
1.653931920034971981e+01 2.038544416162695327e+00 8.772339925260049798e-01
1.884299628142029093e+01 1.368783730780312791e+00 6.402652347071912109e-01
2.146754074702852577e+01 1.371853878965945128e+00 5.381002780536816577e-01
2.445764457215044274e+01 7.535015276365024661e-01 3.827534722929770150e-01
2.786422464810916466e+01 9.514989810605862797e-01 3.462271530442264655e-01
3.174528981929791982e+01 4.033438023907189862e-01 2.429878738230487611e-01
3.616692868500850011e+01 2.806983525988855366e-01 1.979440557191026739e-01
4.120443498711833286e+01 1.596714966837202709e-01 1.618037520355475323e-01
4.694358974726586098e+01 -5.347845479938873048e-02 1.242654561705563154e-01
