1.069642439726958605e+00 -1.340692869189077374e+00 nan
1.218627458003121777e+00 -8.210824675203984846e-01 5.424066268253314727e-01
1.388363836590320144e+00 -9.471442302286166015e-01 2.501950604450517424e-01
1.581741926207981042e+00 -9.277128218602206378e-01 2.382598677682681299e-01
1.802054659727066133e+00 -2.801197159182029495e-01 6.183016671681943466e-01
2.053053625776520175e+00 7.228328006379121096e-01 7.844304013045754198e-01
2.339012952555230562e+00 2.593295777440082883e+00 9.292481821817659693e-01
2.664802089693036891e+00 4.825150760801673933e+00 9.859007028907093018e-01
3.035968727524477995e+00 8.541225525148998798e+00 1.049795573772177804e+00
3.458833265763586962e+00 7.483233752632997948e+00 8.183820683343928648e-01
3.940596440236666886e+00 9.077231258019873295e+00 7.430552531173606479e-01
4.489461940391565875e+00 7.738429623761456710e+00 5.733000528513558791e-01
5.114776105571953835e+00 6.281014428224210633e+00 4.341324512491779863e-01
5.827187078870319503e+00 5.320565809127382195e+00 3.373331620411605947e-01
6.638826128706195817e+00 4.117932513537567729e+00 2.524305147647605274e-01
7.563514225758552811e+00 3.083740317708455247e+00 1.879455253925904901e-01
8.616997392941321721e+00 2.580119751491853464e+00 1.482362137301686533e-01
9.817214836071872952e+00 2.065122827490680990e+00 1.157810039348996650e-01
1.118460442108735009e+01 1.592597311847031349e+00 9.023744445963194361e-02
1.274245069961824761e+01 1.207904414195009934e+00 7.096232363613096117e-02
1.451728140926205768e+01 9.593706187892010462e-01 5.782510025046569413e-02
1.653931920034971981e+01 7.363408517615244175e-01 4.748144887987037349e-02
1.884299628142029093e+01 5.664642962581918351e-01 3.987018315020941783e-02
2.146754074702852577e+01 4.467550705771443642e-01 3.449006667707230772e-02
2.445764457215044274e+01 3.188016618783646727e-01 2.984441688980257398e-02
2.786422464810916466e+01 2.327928835964911958e-01 2.665088767373333112e-02
3.174528981929791982e+01 1.847568290866345997e-01 2.464347674401732788e-02
3.616692868500850011e+01 1.349447343976883928e-01 2.293763530999876066e-02
4.120443498711833286e+01 8.115545139828039822e-02 2.139425537014989429e-02
4.694358974726586098e+01 5.345638576039690726e-02 2.050752173922982050e-02
