1.069642439726958605e+00 -1.164621398938701091e+00 nan
1.218627458003121777e+00 -6.605161150451492880e-01 7.425245453006239504e-01
1.388363836590320144e+00 -5.319186041917742802e-01 7.399719332171947883e-01
1.581741926207981042e+00 -1.298893176279447559e+00 nan
1.802054659727066133e+00 -7.223943741889553571e-01 3.815192574314980045e-01
2.053053625776520175e+00 2.723471694854597835e-01 6.697867603080666088e-01
2.339012952555230562e+00 2.563954884925532696e+00 9.196959325357411119e-01
2.664802089693036891e+00 4.705596591323110367e+00 9.695875618428014819e-01
3.035968727524477995e+00 7.313842700458526025e+00 9.721274451629206004e-01
3.458833265763586962e+00 8.772866322054751365e+00 8.755462799980965327e-01
3.940596440236666886e+00 8.398025284297204962e+00 7.117062025217492094e-01
4.489461940391565875e+00 7.912659064311414525e+00 5.760081233096950859e-01
5.114776105571953835e+00 6.482345667491372865e+00 4.380948943809447882e-01
5.827187078870319503e+00 5.132080565505867220e+00 3.297195415133744589e-01
6.638826128706195817e+00 4.102969733440822608e+00 2.505558738861005108e-01
7.563514225758552811e+00 3.236971123687951035e+00 1.909415941331699951e-01
8.616997392941321721e+00 2.432275612019039190e+00 1.437207552142283906e-01
9.817214836071872952e+00 2.122821029696074113e+00 1.164986543074516684e-01
1.118460442108735009e+01 1.586454104795214093e+00 8.962089379108663378e-02
1.274245069961824761e+01 1.249859202281130344e+00 7.149418846251459625e-02
1.451728140926205768e+01 9.425981394133020608e-01 5.719235809997781639e-02
1.653931920034971981e+01 7.294334783567393288e-01 4.711745224393192738e-02
1.884299628142029093e+01 5.581817718397474870e-01 3.952765590954806368e-02
2.146754074702852577e+01 4.235799331401757239e-01 3.389669160316859803e-02
2.445764457215044274e+01 3.215646994404783854e-01 2.977490740430104033e-02
2.786422464810916466e+01 2.235985227080052873e-01 2.637403265809941041e-02
3.174528981929791982e+01 1.723004047307770126e-01 2.431862366104853290e-02
3.616692868500850011e+01 1.227263022783597890e-01 2.262756124294923801e-02
4.120443498711833286e+01 8.214508113466822969e-02 2.133925410800859013e-02
4.694358974726586098e+01 5.722635260353747810e-02 2.050936053806542286e-02
