1.069642439726958605e+00 -1.199290029657456014e+00 nan
1.218627458003121777e+00 -9.798186054760158470e-01 1.812292982224617266e-01
1.388363836590320144e+00 -8.967775452631101540e-01 3.478439991429239098e-01
1.581741926207981042e+00 -7.661627603032150624e-01 4.263384368914573397e-01
1.802054659727066133e+00 -5.851933615654090204e-01 4.668865395789935091e-01
2.053053625776520175e+00 1.672906524010737694e-01 6.421949819803619564e-01
2.339012952555230562e+00 2.952710077980017722e+00 9.698722863790977256e-01
2.664802089693036891e+00 4.831867989621230208e+00 9.814357159760396243e-01
3.035968727524477995e+00 7.260749173402373025e+00 9.699676763729826456e-01
3.458833265763586962e+00 9.814339040041419437e+00 9.241125870079983651e-01
3.940596440236666886e+00 8.712316335660649003e+00 7.249968407003362092e-01
4.489461940391565875e+00 8.167066265947786619e+00 5.854673795499863997e-01
5.114776105571953835e+00 6.135762506906402791e+00 4.272571954015108586e-01
5.827187078870319503e+00 4.786476759701369765e+00 3.195279867523362349e-01
6.638826128706195817e+00 4.149282129990975676e+00 2.521061120070218209e-01
7.563514225758552811e+00 3.264231259873559221e+00 1.918486779526596409e-01
8.616997392941321721e+00 2.562381384179511112e+00 1.471111773961179259e-01
9.817214836071872952e+00 2.064844342813150213e+00 1.152523175028281055e-01
1.118460442108735009e+01 1.608763235721136109e+00 9.020177526276142166e-02
1.274245069961824761e+01 1.253199398004724019e+00 7.162918293404894887e-02
1.451728140926205768e+01 9.877945068865185974e-01 5.817328348518917974e-02
1.653931920034971981e+01 7.112180944593702314e-01 4.679127172583408267e-02
1.884299628142029093e+01 5.895531166104810428e-01 4.017178157150628343e-02
2.146754074702852577e+01 4.489769208898384267e-01 3.441005222638275629e-02
2.445764457215044274e+01 3.105375363960471979e-01 2.958636372988954211e-02
2.786422464810916466e+01 2.149148455716263229e-01 2.622793609525066530e-02
3.174528981929791982e+01 1.640671137237961208e-01 2.417960699963596014e-02
3.616692868500850011e+01 1.160684718248079506e-01 2.251678819294623130e-02
4.120443498711833286e+01 7.402914389295256470e-02 2.120016928000358070e-02
4.694358974726586098e+01 5.891959964549808859e-02 2.055283783455195620e-02
