1.069642439726958605e+00 -9.603968742292068317e-01 2.045399524329419016e-01
1.218627458003121777e+00 -1.035517087039484085e+00 nan
1.388363836590320144e+00 -9.126143476361536777e-01 1.959534028884800938e-01
1.581741926207981042e+00 -3.615435249622769298e-01 4.313947101610035584e-01
1.802054659727066133e+00 6.632587617269460889e-01 5.728388012271909968e-01
2.053053625776520175e+00 3.287480587871402626e+00 7.557143551139007265e-01
2.339012952555230562e+00 5.012469685643317518e+00 7.355027484425582518e-01
2.664802089693036891e+00 6.690775154466043873e+00 6.949247072671458358e-01
3.035968727524477995e+00 8.287282153778491534e+00 6.363078840463328723e-01
3.458833265763586962e+00 8.268553467895282338e+00 5.287723398551742449e-01
3.940596440236666886e+00 7.489184634888626846e+00 4.205058446226085933e-01
4.489461940391565875e+00 6.216514951492473351e+00 3.219013188374068024e-01
5.114776105571953835e+00 5.265061568480732035e+00 2.502296273431234286e-01
5.827187078870319503e+00 4.007082680843399913e+00 1.862303499103885318e-01
6.638826128706195817e+00 3.255606037203225611e+00 1.438458637070655355e-01
7.563514225758552811e+00 2.537807165406110066e+00 1.102108406402291657e-01
8.616997392941321721e+00 2.078983296712948903e+00 8.718741245696338960e-02
9.817214836071872952e+00 1.648653575101015623e+00 6.884429277527932822e-02
1.118460442108735009e+01 1.329548769886091941e+00 5.556590836099903341e-02
1.274245069961824761e+01 1.038442970200146309e+00 4.501770659781017397e-02
1.451728140926205768e+01 8.062466449353378195e-01 3.714573416218877600e-02
1.653931920034971981e+01 6.457206531428945073e-01 3.161198697315807660e-02
1.884299628142029093e+01 4.907456189660441837e-01 2.705479780700273049e-02
2.146754074702852577e+01 3.689478744824894463e-01 2.366598829499248421e-02
2.445764457215044274e+01 2.831692166511381448e-01 2.128203748194698944e-02
2.786422464810916466e+01 2.104315180383691253e-01 1.942759606825016430e-02
3.174528981929791982e+01 1.577479886739987514e-01 1.810853690806003488e-02
3.616692868500850011e+01 1.051917725045992125e-01 1.696156809675839969e-02
4.120443498711833286e+01 7.565859918947359652e-02 1.626950344202515025e-02
4.694358974726586098e+01 5.335264560452990246e-02 1.576555224934036298e-02
