1.069642439726958605e+00 -8.097258383261709547e-01 1.366150013313503209e+01
1.218627458003121777e+00 -3.934694986640097092e-01 1.853570095679046759e+01
1.388363836590320144e+00 -2.545420741214305949e-01 1.743950697288936169e+01
1.581741926207981042e+00 -1.162852112676056482e+00 nan
1.802054659727066133e+00 -1.136706266246012564e+00 nan
2.053053625776520175e+00 -1.039632439736732916e+00 nan
2.339012952555230562e+00 -5.193846324017403759e-01 6.291334030059046789e+00
2.664802089693036891e+00 -8.158309750204961741e-01 3.233786571492678785e+00
3.035968727524477995e+00 -9.010748117411258029e-01 1.955123109315952901e+00
3.458833265763586962e+00 -8.994422362780369884e-01 1.622361793776329275e+00
3.940596440236666886e+00 -1.085133886254920466e+00 nan
4.489461940391565875e+00 1.482055616200914372e+01 1.378163492013770686e+01
5.114776105571953835e+00 1.499591344027504469e+01 1.141263736778341453e+01
5.827187078870319503e+00 1.534111395344602435e+01 9.519525722436295467e+00
6.638826128706195817e+00 1.854460415306791887e+01 8.616322347812458204e+00
7.563514225758552811e+00 1.062972287059436027e+01 5.459107202125584202e+00
8.616997392941321721e+00 6.839660750519966470e+00 3.686282514127480425e+00
9.817214836071872952e+00 7.314220108908378037e+00 3.146478932904181125e+00
1.118460442108735009e+01 6.145775657856693108e+00 2.414067248588972259e+00
1.274245069961824761e+01 3.326385012770010974e+00 1.538866584121854286e+00
1.451728140926205768e+01 4.262497375446582026e+00 1.424572921121229685e+00
1.653931920034971981e+01 2.325023711269674109e+00 9.286443330104502403e-01
1.884299628142029093e+01 2.604935578844795430e+00 8.143819404662734351e-01
2.146754074702852577e+01 8.449934920133268523e-01 4.717949533677560647e-01
2.445764457215044274e+01 1.456462889072895006e+00 4.688144908636865393e-01
2.786422464810916466e+01 6.770913070104642717e-01 3.188029605414189338e-01
3.174528981929791982e+01 4.676428327352806225e-01 2.516367067554797776e-01
3.616692868500850011e+01 3.517963491415643240e-01 2.064083803989296417e-01
4.120443498711833286e+01 2.188886878277087611e-01 1.684816028759192619e-01
4.694358974726586098e+01 5.506315845801612596e-02 1.349095203587414304e-01
