1.069642439726958605e+00 -5.635661407195959427e+00 nan
1.218627458003121777e+00 -4.510212399800739291e-02 2.325744610132538881e+01
1.388363836590320144e+00 -1.007267318594289307e+00 nan
1.581741926207981042e+00 -1.162852112676056482e+00 nan
1.802054659727066133e+00 -1.136706266246012564e+00 nan
2.053053625776520175e+00 -7.374646708868468625e-01 5.678758625719030562e+00
2.339012952555230562e+00 -1.228430794189219188e+00 nan
2.664802089693036891e+00 -6.412318428069869736e-01 4.513509326672574318e+00
3.035968727524477995e+00 -7.822576360073056900e-01 2.900657646109135346e+00
3.458833265763586962e+00 -1.108702821630702662e+00 nan
3.940596440236666886e+00 -9.439529460397433347e-01 9.948547451695256560e-01
4.489461940391565875e+00 2.881311999230833809e+00 6.804101786410200248e+00
5.114776105571953835e+00 1.657545377102265682e+00 4.626974899249034046e+00
5.827187078870319503e+00 1.170817063739164787e+01 8.377015127221433488e+00
6.638826128706195817e+00 7.722055247124941957e+00 5.702410045631719271e+00
7.563514225758552811e+00 9.658494706852735590e+00 5.219744192166738017e+00
8.616997392941321721e+00 7.909503298026859142e+00 3.937642071710265146e+00
9.817214836071872952e+00 5.778314957250840322e+00 2.829088664173255552e+00
1.118460442108735009e+01 6.971158223607042181e+00 2.558051647239519610e+00
1.274245069961824761e+01 3.331175009494857342e+00 1.539762027408434486e+00
1.451728140926205768e+01 3.464546433521702884e+00 1.303277159642623584e+00
1.653931920034971981e+01 1.783295637782076337e+00 8.438459020661238652e-01
1.884299628142029093e+01 1.088090421502873273e+00 6.029653060237183393e-01
2.146754074702852577e+01 1.476525974504287575e+00 5.558318345644157610e-01
2.445764457215044274e+01 7.449236236055993832e-01 3.847759647617647882e-01
2.786422464810916466e+01 4.962329071123845470e-01 2.981875810915551317e-01
3.174528981929791982e+01 3.740220870202926040e-01 2.417552104121560574e-01
3.616692868500850011e+01 9.193092291029847374e-02 1.804707929419309687e-01
4.120443498711833286e+01 2.130203981745746322e-01 1.679378273839256530e-01
4.694358974726586098e+01 1.346600701646725184e-01 1.419886630892125690e-01
