1.069642439726958605e+00 -2.008062216414650880e+00 nan
1.218627458003121777e+00 -4.227904964901219032e-02 2.322886697528231892e+01
1.388363836590320144e+00 -7.516145523281607677e-01 1.003942757752889925e+01
1.581741926207981042e+00 -3.273905996758508241e-01 1.345284455250001265e+01
1.802054659727066133e+00 -6.823167139342058984e-01 7.601208680380091565e+00
2.053053625776520175e+00 -9.587850126579076093e-01 2.243931192722442791e+00
2.339012952555230562e+00 -7.173177934100996023e-01 4.811879402925359983e+00
2.664802089693036891e+00 -7.064494765252042896e-01 4.071666392919866873e+00
3.035968727524477995e+00 -7.300448371191965435e-01 3.221051879409382757e+00
3.458833265763586962e+00 -1.279595052971982394e+00 nan
3.940596440236666886e+00 -1.025347750661160351e+00 nan
4.489461940391565875e+00 6.855474495525619716e+00 9.664180073101231727e+00
5.114776105571953835e+00 2.311215292915644426e+01 1.401968226967836806e+01
5.827187078870319503e+00 2.414165210555199437e+01 1.183701291788450050e+01
6.638826128706195817e+00 1.124240991663798006e+01 6.758475428876071334e+00
7.563514225758552811e+00 1.052209182156368605e+01 5.418579802481641394e+00
8.616997392941321721e+00 6.815107036912316119e+00 3.670537441569655002e+00
9.817214836071872952e+00 6.854605780857245811e+00 3.046358399571680753e+00
1.118460442108735009e+01 4.844221952015493216e+00 2.166088261243336088e+00
1.274245069961824761e+01 2.444203551510789385e+00 1.362213109529166521e+00
1.451728140926205768e+01 4.130509955738828509e+00 1.401397389841835261e+00
1.653931920034971981e+01 1.983044349133517237e+00 8.735383528986832014e-01
1.884299628142029093e+01 2.152041318395618852e+00 7.534663940941758176e-01
2.146754074702852577e+01 1.218845967224778226e+00 5.212475513730553400e-01
2.445764457215044274e+01 6.721230256548131887e-01 3.746623495640925561e-01
2.786422464810916466e+01 9.926189893937613640e-01 3.524767722661001912e-01
3.174528981929791982e+01 3.720819054186732533e-01 2.409644453568477451e-01
3.616692868500850011e+01 3.644194155443796213e-01 2.071573457974818788e-01
4.120443498711833286e+01 2.217327276776834832e-01 1.683667291100387209e-01
4.694358974726586098e+01 1.320321565852606849e-01 1.414523192625382342e-01
