1.069642439726958605e+00 -1.472130185974527716e+00 nan
1.218627458003121777e+00 -5.752865632143866481e-01 3.327436893199238743e-01
1.388363836590320144e+00 -6.292440397531853247e-01 2.638488680127333841e-01
1.581741926207981042e+00 4.103110512014920275e-01 4.193105785204023772e-01
1.802054659727066133e+00 2.958586811809334360e+00 5.790016129766309971e-01
2.053053625776520175e+00 4.968183807925608875e+00 5.850377195900445804e-01
2.339012952555230562e+00 7.234274601758564849e+00 5.669746348848754280e-01
2.664802089693036891e+00 7.939786519559332234e+00 4.946720908554780305e-01
3.035968727524477995e+00 8.234320497698643493e+00 4.196026245874186489e-01
3.458833265763586962e+00 7.474721400599146470e+00 3.347798500059782634e-01
3.940596440236666886e+00 6.184544998136434657e+00 2.560729827791157209e-01
4.489461940391565875e+00 5.315153460366959237e+00 2.003686398345594921e-01
5.114776105571953835e+00 4.229729495658771654e+00 1.521762630094272428e-01
5.827187078870319503e+00 3.460371198714227159e+00 1.180588508209524934e-01
6.638826128706195817e+00 2.701599854931092004e+00 9.035569914104948919e-02
7.563514225758552811e+00 2.109796821244310117e+00 7.005218693483084014e-02
8.616997392941321721e+00 1.684355238048998338e+00 5.552397173333076946e-02
9.817214836071872952e+00 1.360084636165454608e+00 4.484689844892020966e-02
1.118460442108735009e+01 1.068661538042494197e+00 3.645407776958727031e-02
1.274245069961824761e+01 8.521660365530252523e-01 3.034747541048293112e-02
1.451728140926205768e+01 6.613949057252335173e-01 2.556605143582700579e-02
1.653931920034971981e+01 5.150095641401568614e-01 2.204215521584284437e-02
1.884299628142029093e+01 3.936971082780891251e-01 1.933552616323119810e-02
2.146754074702852577e+01 3.002904973773228292e-01 1.734422441952128760e-02
2.445764457215044274e+01 2.300751758344803388e-01 1.589461642166686492e-02
2.786422464810916466e+01 1.713348285860736286e-01 1.476985616461505731e-02
3.174528981929791982e+01 1.203615120835626051e-01 1.387057752667998634e-02
3.616692868500850011e+01 8.533221206513452728e-02 1.325308912861693049e-02
4.120443498711833286e+01 5.814410667838942892e-02 1.279243392302282373e-02
4.694358974726586098e+01 4.053942367938945246e-02 1.248951459197756089e-02
