1.069642439726958605e+00 -1.241970236684439399e+00 nan
1.218627458003121777e+00 -9.478085327504566227e-01 1.787849520239811474e-01
1.388363836590320144e+00 -8.005114776096871054e-01 2.966511802798119657e-01
1.581741926207981042e+00 -5.580424495470468482e-01 3.595925383981926071e-01
1.802054659727066133e+00 5.607530199894559253e-01 5.559521607426468615e-01
2.053053625776520175e+00 2.542448173270634548e+00 6.878428479480366287e-01
2.339012952555230562e+00 5.238602570639676159e+00 7.508519492686364094e-01
2.664802089693036891e+00 7.796912667791117357e+00 7.460408752438304480e-01
3.035968727524477995e+00 8.367432634596600138e+00 6.403858897532238581e-01
3.458833265763586962e+00 8.312206322548625792e+00 5.310934769332421590e-01
3.940596440236666886e+00 7.016036759627217734e+00 4.083867653999210812e-01
4.489461940391565875e+00 6.017691422893365782e+00 3.175500188505973598e-01
5.114776105571953835e+00 4.954031815202813327e+00 2.435698533779832864e-01
5.827187078870319503e+00 3.968661269557073545e+00 1.857371091235217875e-01
6.638826128706195817e+00 3.362861653554694019e+00 1.462461695776190174e-01
7.563514225758552811e+00 2.616373041243607922e+00 1.118922569498390224e-01
8.616997392941321721e+00 2.119739612174337040e+00 8.806479941302325365e-02
9.817214836071872952e+00 1.590796319395824110e+00 6.796420374256806340e-02
1.118460442108735009e+01 1.296439342167056363e+00 5.510937489026742492e-02
1.274245069961824761e+01 1.039914537841972297e+00 4.510938873415177436e-02
1.451728140926205768e+01 7.922262495974885521e-01 3.698245075871720716e-02
1.653931920034971981e+01 5.945911328989703648e-01 3.087902678636238532e-02
1.884299628142029093e+01 4.609292308473673661e-01 2.664382841592010526e-02
2.146754074702852577e+01 3.588789374400969123e-01 2.354619416320141365e-02
2.445764457215044274e+01 2.557586954290533843e-01 2.090322751728881587e-02
2.786422464810916466e+01 1.889356930931869183e-01 1.913395955453500719e-02
3.174528981929791982e+01 1.388880826515117572e-01 1.785193576291475848e-02
3.616692868500850011e+01 1.034454932407626870e-01 1.695401497672656757e-02
4.120443498711833286e+01 7.215991341471039711e-02 1.623516827861146497e-02
4.694358974726586098e+01 4.841244210396111747e-02 1.570932336861360565e-02
