1.069642439726958605e+00 -1.088970791132545024e+00 nan
1.218627458003121777e+00 -1.111136719141347040e+00 nan
1.388363836590320144e+00 -8.599302378840936179e-01 4.089316972740632550e-01
1.581741926207981042e+00 -8.094241873552774358e-01 3.884239661630012330e-01
1.802054659727066133e+00 -9.026707076180020550e-01 2.282145300870006555e-01
2.053053625776520175e+00 5.738504158080444117e-01 7.527001211748552967e-01
2.339012952555230562e+00 2.687108969993492469e+00 9.451347562347000020e-01
2.664802089693036891e+00 4.776610284708771914e+00 9.856527642714570936e-01
3.035968727524477995e+00 7.205176350654427964e+00 9.754021153895525709e-01
3.458833265763586962e+00 8.596496126224840495e+00 8.760027185188377086e-01
3.940596440236666886e+00 9.435733410307484803e+00 7.599619094683247589e-01
4.489461940391565875e+00 7.471581306741593487e+00 5.659511150379443745e-01
5.114776105571953835e+00 6.453451786924947697e+00 4.414324533121413152e-01
5.827187078870319503e+00 4.840550777830884499e+00 3.239746468219797393e-01
6.638826128706195817e+00 4.242463085204115636e+00 2.568825404738758200e-01
7.563514225758552811e+00 3.340030145479385482e+00 1.954704000337174619e-01
8.616997392941321721e+00 2.446924394643470890e+00 1.454228040625222540e-01
9.817214836071872952e+00 2.059652041140230594e+00 1.160597516305191673e-01
1.118460442108735009e+01 1.617715268730712364e+00 9.111196972179855247e-02
1.274245069961824761e+01 1.257924118387676593e+00 7.227626579215987168e-02
1.451728140926205768e+01 9.802050215135496014e-01 5.844247167965073431e-02
1.653931920034971981e+01 7.451363301125586425e-01 4.780441172135739547e-02
1.884299628142029093e+01 5.781812974104185709e-01 4.021718749275634414e-02
2.146754074702852577e+01 4.336394796851263944e-01 3.433254472501721249e-02
2.445764457215044274e+01 3.593553427274758238e-01 3.069729843344006989e-02
2.786422464810916466e+01 2.527206716245409268e-01 2.709536253613553311e-02
3.174528981929791982e+01 1.804854880048625265e-01 2.462178134217878761e-02
3.616692868500850011e+01 1.315645477431715005e-01 2.292662792447886649e-02
4.120443498711833286e+01 9.268857880471781385e-02 2.165833407809339764e-02
4.694358974726586098e+01 6.327523876283969173e-02 2.073606237997189725e-02
