1.069642439726958605e+00 -2.567275918366376253e+00 nan
1.218627458003121777e+00 -3.003658350257421006e-02 2.310221027152046602e+01
1.388363836590320144e+00 -1.967497706987499484e+00 nan
1.581741926207981042e+00 -9.676988788040576939e-01 2.913435252427822864e+00
1.802054659727066133e+00 -1.770927422577162069e+00 nan
2.053053625776520175e+00 -3.401535802648190110e-01 8.873150833104817892e+00
2.339012952555230562e+00 -1.196307125506299140e+00 nan
2.664802089693036891e+00 -7.208222000327713097e-01 3.924083004371730965e+00
3.035968727524477995e+00 -7.565657213398218062e-01 3.022798265900163095e+00
3.458833265763586962e+00 -9.513856827387341397e-01 1.111761069184289408e+00
3.940596440236666886e+00 -1.033668855849157797e+00 nan
4.489461940391565875e+00 2.740076012704612207e+00 6.582694865666220529e+00
5.114776105571953835e+00 1.706124396801260445e+01 1.196330104774485825e+01
5.827187078870319503e+00 1.466832971472307356e+01 9.184703494242972610e+00
6.638826128706195817e+00 9.698474836847921665e+00 6.236031208703028739e+00
7.563514225758552811e+00 1.517703800423992888e+01 6.384076429134163178e+00
8.616997392941321721e+00 6.593909051277203837e+00 3.574828733505428069e+00
9.817214836071872952e+00 5.232708757342394712e+00 2.670376124107058047e+00
1.118460442108735009e+01 4.750535784433671971e+00 2.123194818572383902e+00
1.274245069961824761e+01 4.915107000850269969e+00 1.790976193053804177e+00
1.451728140926205768e+01 2.611865020955447036e+00 1.147408454523664245e+00
1.653931920034971981e+01 3.020192495124888410e+00 1.015858116739498884e+00
1.884299628142029093e+01 1.827339590991422513e+00 7.015151617717114707e-01
2.146754074702852577e+01 1.150450311300484474e+00 5.065467647566894716e-01
2.445764457215044274e+01 9.303728566535116595e-01 4.021230567946253998e-01
2.786422464810916466e+01 9.085217877533520170e-01 3.398156764762336746e-01
3.174528981929791982e+01 2.002168752842925503e-01 2.200154912189608014e-01
3.616692868500850011e+01 1.695522295182207984e-01 1.859726501134486287e-01
4.120443498711833286e+01 1.178324543806350544e-01 1.571287422981218207e-01
4.694358974726586098e+01 5.180328842053016913e-02 1.330617859864350883e-01
