1.069642439726958605e+00 -7.814187153662164320e-01 4.803619073741342227e+00
1.218627458003121777e+00 -6.002855369477724246e-01 4.936419445609392831e+00
1.388363836590320144e+00 -1.552165827716779134e+00 nan
1.581741926207981042e+00 -1.074431212228937227e+00 nan
1.802054659727066133e+00 -9.925854345844247195e-01 3.819917512328524500e-01
2.053053625776520175e+00 -1.181236656333378487e+00 nan
2.339012952555230562e+00 -1.027394548124545448e+00 nan
2.664802089693036891e+00 -1.050959461565542430e+00 nan
3.035968727524477995e+00 -8.011636324020647848e-01 9.093687248519575217e-01
3.458833265763586962e+00 2.637922615399513226e+00 3.205615668712476829e+00
3.940596440236666886e+00 5.894529114379318813e+00 3.633773109009687641e+00
4.489461940391565875e+00 8.350006239358510385e+00 3.487668198527855701e+00
5.114776105571953835e+00 9.590493457943018996e+00 3.066187079178830821e+00
5.827187078870319503e+00 1.174532129197956110e+01 2.794214904860679471e+00
6.638826128706195817e+00 1.024111698264667858e+01 2.170556227303044761e+00
7.563514225758552811e+00 7.220234571658810552e+00 1.531114369001610909e+00
8.616997392941321721e+00 6.749712581189341698e+00 1.237446387754894239e+00
9.817214836071872952e+00 4.152416339656496369e+00 8.288303670386958366e-01
1.118460442108735009e+01 2.976298893506204912e+00 6.023724504699231597e-01
1.274245069961824761e+01 2.811286640825739092e+00 4.939298955476668640e-01
1.451728140926205768e+01 2.319338140102952472e+00 3.860619405250988456e-01
1.653931920034971981e+01 1.561368132043464474e+00 2.820127677867177995e-01
1.884299628142029093e+01 1.140681918036131837e+00 2.162425678742865565e-01
2.146754074702852577e+01 1.044160002578987001e+00 1.811521986580990340e-01
2.445764457215044274e+01 6.769195588323522195e-01 1.387939896922371630e-01
2.786422464810916466e+01 5.685721342860816652e-01 1.167821701143588464e-01
3.174528981929791982e+01 2.766327175661906779e-01 8.996295660233005753e-02
3.616692868500850011e+01 2.359682672066931719e-01 7.925772866630466373e-02
4.120443498711833286e+01 1.512502024149990909e-01 6.878018862885129647e-02
4.694358974726586098e+01 6.795365724879354197e-02 6.022568781186381920e-02
