1.069642439726958605e+00 -1.389472575195033421e+00 nan
1.218627458003121777e+00 -8.080526596890067470e-01 2.232123527930427453e-01
1.388363836590320144e+00 -5.075049402601909954e-01 3.034759304196211205e-01
1.581741926207981042e+00 1.997960482577882946e-01 3.858992073459242556e-01
1.802054659727066133e+00 2.473727947522654347e+00 5.410396176843773608e-01
2.053053625776520175e+00 4.610829237147662241e+00 5.658300972628809156e-01
2.339012952555230562e+00 6.525478978504459349e+00 5.402217216137245037e-01
2.664802089693036891e+00 7.935658161933465848e+00 4.935436522419033301e-01
3.035968727524477995e+00 8.141586491152764893e+00 4.165066123408868171e-01
3.458833265763586962e+00 7.322135563755853838e+00 3.308236495709381830e-01
3.940596440236666886e+00 6.358810230889743842e+00 2.589934164838214592e-01
4.489461940391565875e+00 5.174557756901773331e+00 1.974349149472026665e-01
5.114776105571953835e+00 4.160991841947893732e+00 1.507195472636972122e-01
5.827187078870319503e+00 3.297183349100739846e+00 1.152385147804558668e-01
6.638826128706195817e+00 2.630351933955306087e+00 8.911518113538272057e-02
7.563514225758552811e+00 2.070477030162232168e+00 6.936153218536161846e-02
8.616997392941321721e+00 1.661660564521391326e+00 5.511592576929915527e-02
9.817214836071872952e+00 1.360675029877719044e+00 4.477911368990254021e-02
1.118460442108735009e+01 1.048074182449381109e+00 3.613238412892017665e-02
1.274245069961824761e+01 8.196923277654091233e-01 2.989653174533916935e-02
1.451728140926205768e+01 6.431091544053395559e-01 2.530502088368634037e-02
1.653931920034971981e+01 4.994452296777449618e-01 2.182364053555961581e-02
1.884299628142029093e+01 3.852971638659925535e-01 1.920938955818022112e-02
2.146754074702852577e+01 2.878348001144157564e-01 1.717415809889330167e-02
2.445764457215044274e+01 2.176090143024849155e-01 1.572761634100927272e-02
2.786422464810916466e+01 1.593852039443734991e-01 1.461125759228924792e-02
3.174528981929791982e+01 1.143297224117503230e-01 1.378354836559935945e-02
3.616692868500850011e+01 8.256709296582132040e-02 1.320571419151825646e-02
4.120443498711833286e+01 5.609705584214585983e-02 1.275430648405709994e-02
4.694358974726586098e+01 3.953414262628318632e-02 1.246419336016928864e-02
