1.069642439726958605e+00 -1.433264816747873649e+00 nan
1.218627458003121777e+00 -9.649823571255045085e-01 1.460179423637660567e-01
1.388363836590320144e+00 -8.862037865779890389e-01 2.233957467555504339e-01
1.581741926207981042e+00 -6.091963125630206477e-01 3.371511438765361079e-01
1.802054659727066133e+00 3.355554310568857890e-01 5.127223608809269306e-01
2.053053625776520175e+00 2.879209357655645007e+00 7.178982659659024490e-01
2.339012952555230562e+00 4.860331743862099430e+00 7.253021976362372669e-01
2.664802089693036891e+00 7.915214465336987359e+00 7.490350360544218988e-01
3.035968727524477995e+00 8.260187263637210009e+00 6.347301833554900297e-01
3.458833265763586962e+00 7.914978273320749658e+00 5.174495302997031976e-01
3.940596440236666886e+00 7.298651766270477736e+00 4.149656008522663586e-01
4.489461940391565875e+00 5.942146522045539392e+00 3.147865256900365671e-01
5.114776105571953835e+00 5.121446458227083554e+00 2.467399764246481775e-01
5.827187078870319503e+00 4.095870556446927324e+00 1.879615964111448490e-01
6.638826128706195817e+00 3.262923289736660681e+00 1.438650568076859926e-01
7.563514225758552811e+00 2.678366207922355802e+00 1.127709020051880923e-01
8.616997392941321721e+00 2.079422473102992885e+00 8.712142554431527575e-02
9.817214836071872952e+00 1.583507132533407802e+00 6.767185007387421791e-02
1.118460442108735009e+01 1.260885904804665447e+00 5.439407575551905016e-02
1.274245069961824761e+01 1.042538051915692154e+00 4.504829903285728632e-02
1.451728140926205768e+01 7.734551116140013782e-01 3.661119732257521464e-02
1.653931920034971981e+01 5.863721160304549151e-01 3.068993068536986571e-02
1.884299628142029093e+01 4.605507560476300721e-01 2.658547927212099454e-02
2.146754074702852577e+01 3.406325262899099204e-01 2.323172256315322523e-02
2.445764457215044274e+01 2.645723421844086154e-01 2.099556483631305481e-02
2.786422464810916466e+01 1.824784309527314186e-01 1.900649547240667106e-02
3.174528981929791982e+01 1.254076595395836602e-01 1.762523849430035205e-02
3.616692868500850011e+01 7.929337356635390854e-02 1.657389763384630940e-02
4.120443498711833286e+01 5.115648053740384782e-02 1.590305189005323042e-02
4.694358974726586098e+01 3.799568926795360291e-02 1.553319520886038002e-02
