1.069642439726958605e+00 -1.134553366199953839e+00 nan
1.218627458003121777e+00 -9.517550661363136655e-01 1.712334588006911018e-01
1.388363836590320144e+00 -8.044565624107391510e-01 2.925770509845468936e-01
1.581741926207981042e+00 -4.935979128873946298e-01 3.834515684880946962e-01
1.802054659727066133e+00 1.111314329136148249e+00 6.443317943358564115e-01
2.053053625776520175e+00 3.782217311396451898e+00 7.969313007604900134e-01
2.339012952555230562e+00 5.505514406912404901e+00 7.640701879669123953e-01
2.664802089693036891e+00 7.355739694124931560e+00 7.238047747929960973e-01
3.035968727524477995e+00 8.408848641075580943e+00 6.394606990117903678e-01
3.458833265763586962e+00 7.895455803528253824e+00 5.163848875720551401e-01
3.940596440236666886e+00 6.931501729039426962e+00 4.045580195854115990e-01
4.489461940391565875e+00 6.197529303088245456e+00 3.208544689024496188e-01
5.114776105571953835e+00 4.957563265765798199e+00 2.427769135079903273e-01
5.827187078870319503e+00 4.014945432086114430e+00 1.860724314716764860e-01
6.638826128706195817e+00 3.243877437095551208e+00 1.433632086406979311e-01
7.563514225758552811e+00 2.587310050081968349e+00 1.109621917779037154e-01
8.616997392941321721e+00 2.039441058646088489e+00 8.633500401609993380e-02
9.817214836071872952e+00 1.660036476111656834e+00 6.892852857951389800e-02
1.118460442108735009e+01 1.300305731703980561e+00 5.500075705821864253e-02
1.274245069961824761e+01 9.860942583833409714e-01 4.411973335957432990e-02
1.451728140926205768e+01 7.680364492284770250e-01 3.650198339105877737e-02
1.653931920034971981e+01 5.948812181989604486e-01 3.079877518782108206e-02
1.884299628142029093e+01 4.439025319445804030e-01 2.631989688988992104e-02
2.146754074702852577e+01 3.433932406338331411e-01 2.325877100593039259e-02
2.445764457215044274e+01 2.452316979933626406e-01 2.069906182059008670e-02
2.786422464810916466e+01 1.675621329393714998e-01 1.877748700678930419e-02
3.174528981929791982e+01 1.308346233122443802e-01 1.769543346673339151e-02
3.616692868500850011e+01 8.918252376373181356e-02 1.671001671694296448e-02
4.120443498711833286e+01 6.355903197109569192e-02 1.607632228546250139e-02
4.694358974726586098e+01 3.657907595111886678e-02 1.550500116625783478e-02
