1.069642439726958605e+00 -9.427828597533254307e-01 3.828718400043137904e-01
1.218627458003121777e+00 -9.589454487463227039e-01 2.464588222134139195e-01
1.388363836590320144e+00 -1.206154152687235026e+00 nan
1.581741926207981042e+00 -1.100741463819888910e+00 nan
1.802054659727066133e+00 -4.902675416549393539e-01 4.934995132169560650e-01
2.053053625776520175e+00 2.119457930067811802e-01 6.239518272905429930e-01
2.339012952555230562e+00 2.382250196319599223e+00 8.551667208255171460e-01
2.664802089693036891e+00 5.006789621636260179e+00 9.501745709567905873e-01
3.035968727524477995e+00 6.701157683257298103e+00 8.927157574729752687e-01
3.458833265763586962e+00 8.049508307757069048e+00 8.036654764713141441e-01
3.940596440236666886e+00 8.567457752424378015e+00 6.868036709691296426e-01
4.489461940391565875e+00 7.175310728339374222e+00 5.257099949853099030e-01
5.114776105571953835e+00 5.766995210019956630e+00 3.966092224777432174e-01
5.827187078870319503e+00 4.721628820813959848e+00 3.035909845541014951e-01
6.638826128706195817e+00 4.143243263401521048e+00 2.410654498334331985e-01
7.563514225758552811e+00 3.100928488027844931e+00 1.795195688147933344e-01
8.616997392941321721e+00 2.398132249194440568e+00 1.370013616333941031e-01
9.817214836071872952e+00 1.967457404300340773e+00 1.083362543998032668e-01
1.118460442108735009e+01 1.548020592520539473e+00 8.529951633122559440e-02
1.274245069961824761e+01 1.267526620760116129e+00 6.916565134488653066e-02
1.451728140926205768e+01 9.099364822842748168e-01 5.445500867691513425e-02
1.653931920034971981e+01 7.358811481238614061e-01 4.559912710839544858e-02
1.884299628142029093e+01 5.502668718511980472e-01 3.806187699578399142e-02
2.146754074702852577e+01 3.998607768297393061e-01 3.237999958062674766e-02
2.445764457215044274e+01 2.986622383934656177e-01 2.845654612556699006e-02
2.786422464810916466e+01 2.398647732776366670e-01 2.591905077857462047e-02
3.174528981929791982e+01 1.650085457440599868e-01 2.352188868033096639e-02
3.616692868500850011e+01 1.209734385330978323e-01 2.200278717586451327e-02
4.120443498711833286e+01 8.654711981169094237e-02 2.087879899804525805e-02
4.694358974726586098e+01 5.757547588424638541e-02 2.000956001557696595e-02
