1.069642439726958605e+00 -1.190299228028265155e+00 nan
1.218627458003121777e+00 -5.811002465991819133e-01 4.660025435436293328e+00
1.388363836590320144e+00 -1.733055173834250340e+00 nan
1.581741926207981042e+00 -8.625840026225208845e-01 1.844479360600345341e+00
1.802054659727066133e+00 -1.143692279538977896e+00 nan
2.053053625776520175e+00 -8.057012949702644367e-01 1.477908184537817693e+00
2.339012952555230562e+00 -9.921429497009763843e-01 2.433405554606790089e-01
2.664802089693036891e+00 -9.441088229526113373e-01 5.389187648306852374e-01
3.035968727524477995e+00 -1.013251001255436101e+00 nan
3.458833265763586962e+00 2.089717521671616840e+00 2.723909634975016925e+00
3.940596440236666886e+00 5.515620938006142282e+00 3.257770805459846208e+00
4.489461940391565875e+00 8.790223593174331995e+00 3.294365699417514115e+00
5.114776105571953835e+00 9.472744938771420209e+00 2.814272317739488383e+00
5.827187078870319503e+00 1.014864162520821012e+01 2.407105403425765289e+00
6.638826128706195817e+00 8.261439128874332738e+00 1.811230484972536248e+00
7.563514225758552811e+00 6.858907591445445817e+00 1.382078593337758177e+00
8.616997392941321721e+00 5.354602133588636903e+00 1.028493892021667078e+00
9.817214836071872952e+00 3.924486053285695775e+00 7.483213739527684316e-01
1.118460442108735009e+01 3.033353646599706188e+00 5.620350649192557002e-01
1.274245069961824761e+01 2.716747259343686771e+00 4.514273456008819352e-01
1.451728140926205768e+01 2.122951949188773391e+00 3.458621160760363966e-01
1.653931920034971981e+01 1.545932001602424055e+00 2.610407540526288872e-01
1.884299628142029093e+01 1.239197201268915638e+00 2.067859818927314519e-01
2.146754074702852577e+01 7.443473779814955282e-01 1.527400764710984127e-01
2.445764457215044274e+01 6.677248841305332139e-01 1.291861622466168869e-01
2.786422464810916466e+01 4.402771522001378557e-01 1.031068067146765493e-01
3.174528981929791982e+01 3.371296551254974183e-01 8.734269144171405430e-02
3.616692868500850011e+01 2.439411828045461306e-01 7.504054638293732038e-02
4.120443498711833286e+01 1.688709687771006163e-01 6.580947443771163752e-02
4.694358974726586098e+01 7.200045662355036846e-02 5.726999431810370772e-02
