1.069642439726958605e+00 -8.874315805367862797e-01 5.388375749689944261e-01
1.218627458003121777e+00 -9.833999798086108246e-01 1.572441566347096698e-01
1.388363836590320144e+00 -9.819185273661397151e-01 1.392760353289459740e-01
1.581741926207981042e+00 -8.773964990275076037e-01 2.953291485897514002e-01
1.802054659727066133e+00 -4.008382546676927394e-01 5.368568692189166214e-01
2.053053625776520175e+00 4.196533005591063237e-01 6.776475697916466423e-01
2.339012952555230562e+00 3.772626959570271055e+00 1.020334461519630809e+00
2.664802089693036891e+00 4.824387848785412380e+00 9.385730119860973275e-01
3.035968727524477995e+00 7.779904943788942262e+00 9.580060777227946689e-01
3.458833265763586962e+00 8.070306547981225265e+00 8.072755346464258741e-01
3.940596440236666886e+00 8.561146440651747014e+00 6.887964003245964362e-01
4.489461940391565875e+00 7.462040328081208429e+00 5.373288384994194811e-01
5.114776105571953835e+00 6.162963013328285555e+00 4.105069913070357179e-01
5.827187078870319503e+00 4.936822325832057601e+00 3.109115462826015919e-01
6.638826128706195817e+00 4.096228185493564489e+00 2.405408546919292623e-01
7.563514225758552811e+00 3.163681089601519059e+00 1.816831955335024007e-01
8.616997392941321721e+00 2.537121375656007594e+00 1.407803526081011780e-01
9.817214836071872952e+00 1.927522520320983368e+00 1.077407292195115829e-01
1.118460442108735009e+01 1.585124055575217739e+00 8.634973409053998961e-02
1.274245069961824761e+01 1.231858606930005928e+00 6.861585932276524635e-02
1.451728140926205768e+01 9.452914612270200134e-01 5.531138326371872610e-02
1.653931920034971981e+01 7.638681835448100088e-01 4.626080412249920087e-02
1.884299628142029093e+01 5.252617135629127354e-01 3.767721331394056905e-02
2.146754074702852577e+01 4.257427837868961173e-01 3.294098200053136027e-02
2.445764457215044274e+01 3.322450236194554041e-01 2.914256001361872905e-02
2.786422464810916466e+01 2.330774718699868409e-01 2.584792690977954707e-02
3.174528981929791982e+01 1.753367596617314561e-01 2.375829148876177146e-02
3.616692868500850011e+01 1.185336551021820561e-01 2.200016265585623063e-02
4.120443498711833286e+01 8.506607624727413608e-02 2.089030218136106107e-02
4.694358974726586098e+01 5.234406567178839786e-02 1.994999178563122699e-02
