1.069642439726958605e+00 -9.376947361246041890e-01 1.610986316256069750e-01
1.218627458003121777e+00 -7.951867906289862287e-01 2.219738707643112152e-01
1.388363836590320144e+00 -5.377928453190099489e-01 2.830302918515179011e-01
1.581741926207981042e+00 -1.900335189188124829e-01 3.051825315559728580e-01
1.802054659727066133e+00 1.846357231637432372e+00 4.712849840051744899e-01
2.053053625776520175e+00 4.480956277086113104e+00 5.384403953410421551e-01
2.339012952555230562e+00 6.824374277856103177e+00 5.308743286947563700e-01
2.664802089693036891e+00 7.210100941990694068e+00 4.549645445149539946e-01
3.035968727524477995e+00 7.621018429295406627e+00 3.891224610398696382e-01
3.458833265763586962e+00 7.281395767597720337e+00 3.181756395732373566e-01
3.940596440236666886e+00 6.067532974362954690e+00 2.443172600825197494e-01
4.489461940391565875e+00 5.084521222787530270e+00 1.889834655411679887e-01
5.114776105571953835e+00 4.043182495096814932e+00 1.436086333045318575e-01
5.827187078870319503e+00 3.299535386104436085e+00 1.113923751317910521e-01
6.638826128706195817e+00 2.653594836180941829e+00 8.651583740230020525e-02
7.563514225758552811e+00 2.111625046165053643e+00 6.770166662306667527e-02
8.616997392941321721e+00 1.625587593847503953e+00 5.291011151575510801e-02
9.817214836071872952e+00 1.310900637651149392e+00 4.279086657230804502e-02
1.118460442108735009e+01 1.052919526187997112e+00 3.514528546619947319e-02
1.274245069961824761e+01 8.272536516351973734e-01 2.915967855315844404e-02
1.451728140926205768e+01 6.342821951789539003e-01 2.453099438343463515e-02
1.653931920034971981e+01 4.885935439964625981e-01 2.114719812250635475e-02
1.884299628142029093e+01 3.730273658037608353e-01 1.860668919339482710e-02
2.146754074702852577e+01 2.900951021594624368e-01 1.680876863279638991e-02
2.445764457215044274e+01 2.154023108418694488e-01 1.535812938898065486e-02
2.786422464810916466e+01 1.591146932636324784e-01 1.429997095174632797e-02
3.174528981929791982e+01 1.113438997313200840e-01 1.346668664043206010e-02
3.616692868500850011e+01 7.826856705514617651e-02 1.289170924525961937e-02
4.120443498711833286e+01 5.369827153611517190e-02 1.247576806166066435e-02
4.694358974726586098e+01 3.280289499406108256e-02 1.214436535870401339e-02
