1.069642439726958605e+00 -1.256830465436284516e+00 nan
1.218627458003121777e+00 -1.146614156343103375e+00 nan
1.388363836590320144e+00 -8.534741260816383068e-01 2.430187744010702811e-01
1.581741926207981042e+00 -8.092719807073214255e-01 2.257821346931447870e-01
1.802054659727066133e+00 2.564070787425318798e-01 4.767362351690795363e-01
2.053053625776520175e+00 2.633411148151207914e+00 6.660166030889890232e-01
2.339012952555230562e+00 4.463426650497479109e+00 6.712352925800878500e-01
2.664802089693036891e+00 7.320931964889199506e+00 6.934520902327705461e-01
3.035968727524477995e+00 8.247827598073744326e+00 6.086636749586772366e-01
3.458833265763586962e+00 8.191645628353471764e+00 5.049016727880193400e-01
3.940596440236666886e+00 7.257526410415965579e+00 3.974680754153193663e-01
4.489461940391565875e+00 5.856722042905243342e+00 3.003832619390328640e-01
5.114776105571953835e+00 4.746050573913662696e+00 2.288599548523429783e-01
5.827187078870319503e+00 4.040814678544862204e+00 1.796630260667188006e-01
6.638826128706195817e+00 3.046164414315311930e+00 1.342416103099995095e-01
7.563514225758552811e+00 2.605070235483140539e+00 1.072978477764170574e-01
8.616997392941321721e+00 2.023111785899346149e+00 8.301775337234394703e-02
9.817214836071872952e+00 1.554268775661030499e+00 6.481959863788422371e-02
1.118460442108735009e+01 1.289979338797516917e+00 5.302379953635053683e-02
1.274245069961824761e+01 9.825626868549015569e-01 4.266378776487451258e-02
1.451728140926205768e+01 7.678809525631460353e-01 3.539015546737316747e-02
1.653931920034971981e+01 6.111399015721159511e-01 3.014762427425128274e-02
1.884299628142029093e+01 4.673131873205453868e-01 2.593657232601951843e-02
2.146754074702852577e+01 3.653762948755894246e-01 2.296824637780199227e-02
2.445764457215044274e+01 2.623953857106620102e-01 2.042919890573962130e-02
2.786422464810916466e+01 1.942301210081649465e-01 1.871088644569719392e-02
3.174528981929791982e+01 1.458262732349797641e-01 1.750295871831311981e-02
3.616692868500850011e+01 1.005760718988888414e-01 1.650013328043471034e-02
4.120443498711833286e+01 7.064792985532020175e-02 1.582761989268453157e-02
4.694358974726586098e+01 4.247982969981944912e-02 1.525779923058689057e-02
