1.069642439726958605e+00 -1.339398846539776589e+00 nan
1.218627458003121777e+00 -8.131627749844081432e-01 5.248189393312224782e-01
1.388363836590320144e+00 -1.125310860632306564e+00 nan
1.581741926207981042e+00 -9.186292395721038506e-01 2.393504106182267610e-01
1.802054659727066133e+00 -2.706494785953212912e-01 5.892831935795084242e-01
2.053053625776520175e+00 2.998155020448747266e-01 6.450264816301009008e-01
2.339012952555230562e+00 2.359877153792472981e+00 8.507680324379643944e-01
2.664802089693036891e+00 6.053143930713915211e+00 1.028936253508746956e+00
3.035968727524477995e+00 7.314327673046515876e+00 9.268158234272266816e-01
3.458833265763586962e+00 8.659158021937322758e+00 8.299897310686399354e-01
3.940596440236666886e+00 8.607175254075148274e+00 6.871047606803178942e-01
4.489461940391565875e+00 7.088124879970732373e+00 5.217595121395708357e-01
5.114776105571953835e+00 6.256532418910456528e+00 4.114259380777586794e-01
5.827187078870319503e+00 4.763424802245761924e+00 3.043060529745653109e-01
6.638826128706195817e+00 3.832161579910811078e+00 2.321962310862124845e-01
7.563514225758552811e+00 3.071829217177551641e+00 1.784733914310134839e-01
8.616997392941321721e+00 2.567345973007489679e+00 1.408536501881587910e-01
9.817214836071872952e+00 1.960413035774958068e+00 1.080027649003124784e-01
1.118460442108735009e+01 1.549763863663281338e+00 8.520474794508806071e-02
1.274245069961824761e+01 1.272448168097619847e+00 6.916372809728721371e-02
1.451728140926205768e+01 9.382354042762017787e-01 5.494313898162841991e-02
1.653931920034971981e+01 7.308048402005387079e-01 4.543727486801629051e-02
1.884299628142029093e+01 5.563803345495244024e-01 3.812785956173650459e-02
2.146754074702852577e+01 4.225191973431550174e-01 3.276350954040006813e-02
2.445764457215044274e+01 3.225593044724188729e-01 2.886507517814541207e-02
2.786422464810916466e+01 2.292784772524096848e-01 2.569511349429804900e-02
3.174528981929791982e+01 1.619723174030600621e-01 2.344087384323444156e-02
3.616692868500850011e+01 1.177266810746746550e-01 2.192065693250944483e-02
4.120443498711833286e+01 7.020851156269714011e-02 2.055985355292015704e-02
4.694358974726586098e+01 5.892087197371354002e-02 2.001451196073676664e-02
