1.069642439726958605e+00 -1.131528507646820003e+00 nan
1.218627458003121777e+00 -6.590938234551144692e-01 7.114659091486580378e-01
1.388363836590320144e+00 -7.474495947660335649e-01 5.196968024918612317e-01
1.581741926207981042e+00 -8.828957223701732193e-01 2.881650983578492586e-01
1.802054659727066133e+00 -6.442715229494160312e-01 4.129618166132579815e-01
2.053053625776520175e+00 -2.536438612405977899e-01 4.903836294912978788e-01
2.339012952555230562e+00 1.996306014855715460e+00 8.060626061637949924e-01
2.664802089693036891e+00 4.720011294355403564e+00 9.285311265966335048e-01
3.035968727524477995e+00 7.530979665494937692e+00 9.424547758276473619e-01
3.458833265763586962e+00 8.506028291302058619e+00 8.259715008147922033e-01
3.940596440236666886e+00 7.737468061319662027e+00 6.556089107297546903e-01
4.489461940391565875e+00 6.745470806295346122e+00 5.114791453610508798e-01
5.114776105571953835e+00 6.050127126118928444e+00 4.063130997371158792e-01
5.827187078870319503e+00 5.119396028213254013e+00 3.157684843279026099e-01
6.638826128706195817e+00 3.873115115410209253e+00 2.340945595898445142e-01
7.563514225758552811e+00 3.020762839686564227e+00 1.777384037425866758e-01
8.616997392941321721e+00 2.466711026037530452e+00 1.388792309024823035e-01
9.817214836071872952e+00 1.933846366685796792e+00 1.077335196277151019e-01
1.118460442108735009e+01 1.583049213287049728e+00 8.618659442669246440e-02
1.274245069961824761e+01 1.175389559989068466e+00 6.734958155408730940e-02
1.451728140926205768e+01 9.531131975145648028e-01 5.539760166228405863e-02
1.653931920034971981e+01 7.306887205401750851e-01 4.555846664533898249e-02
1.884299628142029093e+01 5.902714533731685531e-01 3.887200511336617870e-02
2.146754074702852577e+01 4.220769339631615935e-01 3.283578532399934746e-02
2.445764457215044274e+01 3.165248610522062300e-01 2.882045813153032154e-02
2.786422464810916466e+01 2.337016180541173771e-01 2.583360819142816595e-02
3.174528981929791982e+01 1.667511683181261972e-01 2.357819682303818193e-02
3.616692868500850011e+01 1.270702868388051687e-01 2.213619305448712160e-02
4.120443498711833286e+01 8.663161041483058433e-02 2.090040593946004485e-02
4.694358974726586098e+01 5.676483432327628087e-02 2.001349152218705532e-02
