1.069642439726958605e+00 -1.124639860758667620e+00 nan
1.218627458003121777e+00 -8.141995718961676509e-01 2.112562019765376609e-01
1.388363836590320144e+00 -7.978908963170838753e-01 1.869947449545523444e-01
1.581741926207981042e+00 5.561057388457679718e-01 4.228635414953818561e-01
1.802054659727066133e+00 2.057601099773643583e+00 4.881737964448689682e-01
2.053053625776520175e+00 4.844839224090842222e+00 5.558579411541497706e-01
2.339012952555230562e+00 6.373149033954467413e+00 5.145158233013641391e-01
2.664802089693036891e+00 7.860759990177172085e+00 4.731096100607949384e-01
3.035968727524477995e+00 7.849313445384559884e+00 3.942906391581290637e-01
3.458833265763586962e+00 7.177364912318740409e+00 3.157581924182450428e-01
3.940596440236666886e+00 6.274621590674945182e+00 2.480975401342284392e-01
4.489461940391565875e+00 5.041464944054634856e+00 1.880861497849643793e-01
5.114776105571953835e+00 4.078103527755187585e+00 1.440856172474092312e-01
5.827187078870319503e+00 3.211075166665862568e+00 1.099375031121216373e-01
6.638826128706195817e+00 2.554490379451242354e+00 8.499955409769913151e-02
7.563514225758552811e+00 2.135759479852221254e+00 6.799334881691691812e-02
8.616997392941321721e+00 1.657099184988097385e+00 5.329772605885336328e-02
9.817214836071872952e+00 1.318642803606692837e+00 4.286398157298850625e-02
1.118460442108735009e+01 1.040412897280395210e+00 3.496843841793836200e-02
1.274245069961824761e+01 8.530003062351503296e-01 2.945636160510245807e-02
1.451728140926205768e+01 6.528271631527511332e-01 2.473952096463969547e-02
1.653931920034971981e+01 4.931818598111525898e-01 2.119052614035548884e-02
1.884299628142029093e+01 3.836137408872155596e-01 1.872159789477242584e-02
2.146754074702852577e+01 2.895482595999367970e-01 1.679456261079946555e-02
2.445764457215044274e+01 2.150633714006873198e-01 1.534732891032237166e-02
2.786422464810916466e+01 1.553070135327490053e-01 1.424965854880586025e-02
3.174528981929791982e+01 1.094155780820162960e-01 1.343871260229469698e-02
3.616692868500850011e+01 7.222934879038866995e-02 1.281651828789640013e-02
4.120443498711833286e+01 5.047913439376650047e-02 1.243349436371524522e-02
4.694358974726586098e+01 3.537858144908212488e-02 1.216935238948120730e-02
