1.069642439726958605e+00 -1.135766038806265144e+00 nan
1.218627458003121777e+00 -1.019263079571378849e+00 nan
1.388363836590320144e+00 -8.240527611669075103e-01 2.653997108281868633e-01
1.581741926207981042e+00 -5.177547478473083498e-01 3.578394528411296127e-01
1.802054659727066133e+00 -1.324706279147571664e-01 3.947149889151260194e-01
2.053053625776520175e+00 2.254252171115172843e+00 6.279756347724673171e-01
2.339012952555230562e+00 4.591656405611193037e+00 6.768850885622739177e-01
2.664802089693036891e+00 7.587201306430932490e+00 7.024353409981975993e-01
3.035968727524477995e+00 7.997134776541680701e+00 5.979831990761657057e-01
3.458833265763586962e+00 7.769935274520372914e+00 4.907990691161215890e-01
3.940596440236666886e+00 7.199919243426636584e+00 3.946721222540324758e-01
4.489461940391565875e+00 5.991004886774781824e+00 3.026516188523776796e-01
5.114776105571953835e+00 4.934540518233667683e+00 2.323355059896689834e-01
5.827187078870319503e+00 3.982867366490376426e+00 1.779045696332310633e-01
6.638826128706195817e+00 3.046911024097096465e+00 1.338428584951615874e-01
7.563514225758552811e+00 2.477301289957116737e+00 1.046313033531010711e-01
8.616997392941321721e+00 2.010652148868668831e+00 8.255711069451594775e-02
9.817214836071872952e+00 1.591549726522491159e+00 6.525539781908563930e-02
1.118460442108735009e+01 1.236593659578356874e+00 5.202489738353005544e-02
1.274245069961824761e+01 9.829825871146120608e-01 4.255740544026277716e-02
1.451728140926205768e+01 7.479631148976828570e-01 3.500006642833285858e-02
1.653931920034971981e+01 5.928857355539469687e-01 2.980509383595672870e-02
1.884299628142029093e+01 4.590219577963938757e-01 2.575630597093578680e-02
2.146754074702852577e+01 3.409491349183799702e-01 2.256513583760459685e-02
2.445764457215044274e+01 2.477601451785307329e-01 2.017641122211698279e-02
2.786422464810916466e+01 1.809284927692338396e-01 1.848315769675467138e-02
3.174528981929791982e+01 1.311550521608553233e-01 1.725970181419722235e-02
3.616692868500850011e+01 9.964374265664699415e-02 1.645624573069416965e-02
4.120443498711833286e+01 6.777961355866435333e-02 1.575803561206437151e-02
4.694358974726586098e+01 4.781732086497481049e-02 1.530688632949472883e-02
