1.069642439726958605e+00 -1.283214060440504678e+00 nan
1.218627458003121777e+00 -7.998104979773805745e-01 2.201986941328962777e-01
1.388363836590320144e+00 -5.660406261999937350e-01 2.751731099115718449e-01
1.581741926207981042e+00 2.426965551760840167e-01 3.793926888998593316e-01
1.802054659727066133e+00 2.194344018490920867e+00 5.011033286790174124e-01
2.053053625776520175e+00 4.827795745871964250e+00 5.573311904397345584e-01
2.339012952555230562e+00 6.854809680296948038e+00 5.337153879632442477e-01
2.664802089693036891e+00 7.715306718528323060e+00 4.709391722160113924e-01
3.035968727524477995e+00 8.336917602460822252e+00 4.073908982325175065e-01
3.458833265763586962e+00 7.199301838094189776e+00 3.174781692623936391e-01
3.940596440236666886e+00 6.042969326170373634e+00 2.446263323735824724e-01
4.489461940391565875e+00 5.207164378160536344e+00 1.917486588923601465e-01
5.114776105571953835e+00 4.108617313814010075e+00 1.451423244957648628e-01
5.827187078870319503e+00 3.281180330576892512e+00 1.114466386273440385e-01
6.638826128706195817e+00 2.630799288596337604e+00 8.643897466243238847e-02
7.563514225758552811e+00 2.085905971556975214e+00 6.753882550839580834e-02
8.616997392941321721e+00 1.716738581595502744e+00 5.428081226034650597e-02
9.817214836071872952e+00 1.317350890031901756e+00 4.299096038151044991e-02
1.118460442108735009e+01 1.089793638983764801e+00 3.569777673781199950e-02
1.274245069961824761e+01 8.429855813248119389e-01 2.942450157773879998e-02
1.451728140926205768e+01 6.528397302375741340e-01 2.481195372535492313e-02
1.653931920034971981e+01 5.183424484711343094e-01 2.154726710154043767e-02
1.884299628142029093e+01 3.880303116799197483e-01 1.882291636789793637e-02
2.146754074702852577e+01 2.910037662329707508e-01 1.685390615682687623e-02
2.445764457215044274e+01 2.229205599662129611e-01 1.547588650335397255e-02
2.786422464810916466e+01 1.636181777013931971e-01 1.437945658777560649e-02
3.174528981929791982e+01 1.188022416171188311e-01 1.357809909908937358e-02
3.616692868500850011e+01 8.063947117193914771e-02 1.294245117629526376e-02
4.120443498711833286e+01 5.642438793367166028e-02 1.252948135101037211e-02
4.694358974726586098e+01 3.624319325718960982e-02 1.220549563195585073e-02
