1.069642439726958605e+00 -5.459296147848733405e-01 1.802728550151673659e+01
1.218627458003121777e+00 -7.855238509026576388e-01 9.415233213814515167e+00
1.388363836590320144e+00 -9.290108301206339014e-01 4.597017599596153303e+00
1.581741926207981042e+00 -5.633387320684868360e-01 9.284081757301409610e+00
1.802054659727066133e+00 -5.370504951372958580e-01 7.859389708673305108e+00
2.053053625776520175e+00 -7.423236852170336242e-01 4.805703883027027778e+00
2.339012952555230562e+00 -9.036016872157790480e-01 2.406756231070761753e+00
2.664802089693036891e+00 -1.088079580252629963e+00 nan
3.035968727524477995e+00 -9.284560951818674468e-01 1.420254607461631347e+00
3.458833265763586962e+00 -1.048836402078523466e+00 nan
3.940596440236666886e+00 3.198315990205694348e+00 7.361540046996721820e+00
4.489461940391565875e+00 4.657601140436776532e+00 7.022338197157427686e+00
5.114776105571953835e+00 8.833103690450133882e+00 7.629706906803166433e+00
5.827187078870319503e+00 1.220644764522347536e+01 7.306395505871315699e+00
6.638826128706195817e+00 1.869354271436200321e+01 7.410220099081120892e+00
7.563514225758552811e+00 1.288442817476813751e+01 5.124997573832217768e+00
8.616997392941321721e+00 8.003680407405829200e+00 3.391552449694850591e+00
9.817214836071872952e+00 8.716016572104672733e+00 2.929652772441257991e+00
1.118460442108735009e+01 5.527235844548161303e+00 1.974720666447904449e+00
1.274245069961824761e+01 4.136616172262856495e+00 1.446587749031301717e+00
1.451728140926205768e+01 2.583413141211008845e+00 9.950725028964588770e-01
1.653931920034971981e+01 1.890312210543913629e+00 7.401227273836462617e-01
1.884299628142029093e+01 1.934262090345177709e+00 6.257237281373695392e-01
2.146754074702852577e+01 9.106282618051275701e-01 4.144199063441091901e-01
2.445764457215044274e+01 1.027410174188293723e+00 3.627141741167005939e-01
2.786422464810916466e+01 9.129786777207815618e-01 2.994888491258019259e-01
3.174528981929791982e+01 7.236979368652516342e-01 2.424109632967297034e-01
3.616692868500850011e+01 2.739790404442832283e-01 1.736123630121307049e-01
4.120443498711833286e+01 1.589098095130740962e-01 1.430064848317753601e-01
4.694358974726586098e+01 1.797542952028869934e-01 1.291300138961700705e-01
