1.069642439726958605e+00 -2.773036024983991155e+00 nan
1.218627458003121777e+00 -8.676268353342899697e-01 7.736960364217529751e+00
1.388363836590320144e+00 -1.466092096525631217e+00 nan
1.581741926207981042e+00 -7.838818973862535788e-01 6.831874198259883180e+00
1.802054659727066133e+00 -9.091770413795445815e-01 3.641208163942972753e+00
2.053053625776520175e+00 -8.224402147889686709e-01 4.172726804701410330e+00
2.339012952555230562e+00 -1.126893344247173356e+00 nan
2.664802089693036891e+00 -1.215296211296786666e+00 nan
3.035968727524477995e+00 -1.144529249454779407e+00 nan
3.458833265763586962e+00 -1.128664308698746233e+00 nan
3.940596440236666886e+00 -1.066872564253746436e+00 nan
4.489461940391565875e+00 5.261374237335379789e+00 7.728138669411863226e+00
5.114776105571953835e+00 5.235247310341914151e+00 6.343491220831428024e+00
5.827187078870319503e+00 1.345998814720489634e+01 8.000319976340611206e+00
6.638826128706195817e+00 1.661707578105217209e+01 7.310188783220052500e+00
7.563514225758552811e+00 9.564808592119931063e+00 4.650117287551726264e+00
8.616997392941321721e+00 7.952280375144313851e+00 3.533978184936445111e+00
9.817214836071872952e+00 5.713396995281686763e+00 2.520712367515255625e+00
1.118460442108735009e+01 8.234852602532528820e+00 2.483025919418653249e+00
1.274245069961824761e+01 5.646163448087650139e+00 1.735377965183504845e+00
1.451728140926205768e+01 3.396587917609089846e+00 1.160062167706406466e+00
1.653931920034971981e+01 1.853990626759415505e+00 7.674578713896156312e-01
1.884299628142029093e+01 2.087219304181909596e+00 6.715852560117493431e-01
2.146754074702852577e+01 1.117267149585356778e+00 4.579171332428867425e-01
2.445764457215044274e+01 1.103129565442302784e+00 3.861391038790634167e-01
2.786422464810916466e+01 5.512929951458522826e-01 2.748234838124730683e-01
3.174528981929791982e+01 3.460341325689524350e-01 2.159481445283681078e-01
3.616692868500850011e+01 2.957417260270567283e-01 1.823832738993087510e-01
4.120443498711833286e+01 6.912069705028378586e-02 1.405457514181368828e-01
4.694358974726586098e+01 7.697356973697155880e-02 1.251872249674749471e-01
