1.069642439726958605e+00 -5.426601176359733270e-01 1.083023023190545997e+00
1.218627458003121777e+00 -1.155914637454528382e+00 nan
1.388363836590320144e+00 -6.297750419260048638e-01 6.284562167364616814e-01
1.581741926207981042e+00 -8.149674870174727914e-01 3.617796685513352539e-01
1.802054659727066133e+00 -9.285213981074165179e-01 1.848646786484296756e-01
2.053053625776520175e+00 5.867288453433383566e-02 5.834079502516470450e-01
2.339012952555230562e+00 2.295754946087559034e+00 8.445249854247972587e-01
2.664802089693036891e+00 4.720771109950995914e+00 9.274431210437054096e-01
3.035968727524477995e+00 7.664146545893705031e+00 9.488161910934262977e-01
3.458833265763586962e+00 9.483931557640977061e+00 8.683236747399893929e-01
3.940596440236666886e+00 8.607694429946834092e+00 6.886718548162319431e-01
4.489461940391565875e+00 7.370377214127072918e+00 5.327092575404192010e-01
5.114776105571953835e+00 6.443048543740327538e+00 4.181518641433722983e-01
5.827187078870319503e+00 5.357042521434808080e+00 3.222456106518176155e-01
6.638826128706195817e+00 3.982698176600495188e+00 2.368217446820471972e-01
7.563514225758552811e+00 3.260258043850527532e+00 1.836724136976718991e-01
8.616997392941321721e+00 2.466385600824148039e+00 1.387161709814654920e-01
9.817214836071872952e+00 2.022791969048222782e+00 1.096432966232166600e-01
1.118460442108735009e+01 1.596958838406833614e+00 8.639623256193039447e-02
1.274245069961824761e+01 1.239731093571750264e+00 6.861792924092240120e-02
1.451728140926205768e+01 9.755138936902871816e-01 5.579129847884483490e-02
1.653931920034971981e+01 7.482144427528474306e-01 4.585638547230735940e-02
1.884299628142029093e+01 5.954028814082705789e-01 3.893461715645044757e-02
2.146754074702852577e+01 4.272211241791439296e-01 3.290402324149503677e-02
2.445764457215044274e+01 3.177548987899485589e-01 2.881980312579904627e-02
2.786422464810916466e+01 2.340630061089492564e-01 2.582027465089341972e-02
3.174528981929791982e+01 1.725792385280768837e-01 2.366759823149201802e-02
3.616692868500850011e+01 1.043881114611375782e-01 2.170577317062771100e-02
4.120443498711833286e+01 7.360950012012912325e-02 2.064829080837386061e-02
4.694358974726586098e+01 4.945872059660527675e-02 1.986680349794841052e-02
