1.069642439726958605e+00 -1.061794853914918235e+00 nan
1.218627458003121777e+00 -9.192888814328785685e-01 3.448412905146110430e-01
1.388363836590320144e+00 -9.967281528570657301e-01 5.892291641490512988e-02
1.581741926207981042e+00 -5.053258506815658802e-01 5.900405493129522450e-01
1.802054659727066133e+00 -3.314845782163791110e-01 5.640042981483950335e-01
2.053053625776520175e+00 5.679721138028794858e-01 7.083473196350081880e-01
2.339012952555230562e+00 2.407662194404827982e+00 8.565919541680013793e-01
2.664802089693036891e+00 4.812630849075159922e+00 9.325414105330538383e-01
3.035968727524477995e+00 8.504171993809105601e+00 9.925371239547085001e-01
3.458833265763586962e+00 7.332976786044001827e+00 7.683196899250462897e-01
3.940596440236666886e+00 7.496267252953883187e+00 6.435587466812769941e-01
4.489461940391565875e+00 7.714407489031634313e+00 5.431084862219430764e-01
5.114776105571953835e+00 5.689798225728909919e+00 3.933347184068549107e-01
5.827187078870319503e+00 5.041489966433141845e+00 3.123724329228436680e-01
6.638826128706195817e+00 3.864322876612099389e+00 2.330192494175947482e-01
7.563514225758552811e+00 3.099369012807457135e+00 1.791352368911511561e-01
8.616997392941321721e+00 2.504786478959209362e+00 1.393179563893585660e-01
9.817214836071872952e+00 1.961649068483802161e+00 1.080047966679915789e-01
1.118460442108735009e+01 1.535629025241463275e+00 8.487827232284324286e-02
1.274245069961824761e+01 1.251256315635112859e+00 6.870982985361488715e-02
1.451728140926205768e+01 9.718092758936194286e-01 5.560256372275795833e-02
1.653931920034971981e+01 7.628151886265024384e-01 4.604952238670151354e-02
1.884299628142029093e+01 5.943210394856568435e-01 3.884115842565063342e-02
2.146754074702852577e+01 4.284072221283479198e-01 3.286746539168512726e-02
2.445764457215044274e+01 3.312960049114370698e-01 2.902156855754513959e-02
2.786422464810916466e+01 2.506708914903068575e-01 2.608391255781257120e-02
3.174528981929791982e+01 1.879787418465415083e-01 2.391304470787568304e-02
3.616692868500850011e+01 1.283125340045530027e-01 2.211050490900945409e-02
4.120443498711833286e+01 8.930787832362230283e-02 2.090501490280572208e-02
4.694358974726586098e+01 6.229121174933882621e-02 2.007296522806838526e-02
