1.069642439726958605e+00 -1.511177291927775723e+00 nan
1.218627458003121777e+00 -6.270364924312219479e-01 7.377223924793623322e-01
1.388363836590320144e+00 -1.190865236853085651e+00 nan
1.581741926207981042e+00 -7.905700849764871752e-01 3.820369525419997081e-01
1.802054659727066133e+00 -3.244694080278505144e-01 5.642136818605139048e-01
2.053053625776520175e+00 1.927944290512833003e-01 6.147090395603653779e-01
2.339012952555230562e+00 9.332342061716729642e-01 6.413429382633019094e-01
2.664802089693036891e+00 5.180383555454104894e+00 9.573565192087184483e-01
3.035968727524477995e+00 7.835098599236765438e+00 9.513772596480573052e-01
3.458833265763586962e+00 7.696745346819318101e+00 7.818536487912745025e-01
3.940596440236666886e+00 8.242570374228053609e+00 6.697751665296941548e-01
4.489461940391565875e+00 7.642220803082349079e+00 5.381570383091711651e-01
5.114776105571953835e+00 6.262116944913906025e+00 4.096038474205343505e-01
5.827187078870319503e+00 4.777633103715222873e+00 3.032597995961506809e-01
6.638826128706195817e+00 3.988053136689200251e+00 2.353377346146614535e-01
7.563514225758552811e+00 3.278464580302693054e+00 1.828902288167021384e-01
8.616997392941321721e+00 2.444200673704143512e+00 1.372595832759778700e-01
9.817214836071872952e+00 1.920733101182884317e+00 1.066169251156020292e-01
1.118460442108735009e+01 1.537237822055818937e+00 8.456299415611280568e-02
1.274245069961824761e+01 1.238032964993148521e+00 6.816354777300311085e-02
1.451728140926205768e+01 9.538576906477680417e-01 5.503174973634582939e-02
1.653931920034971981e+01 7.397091813122731452e-01 4.543332411072331656e-02
1.884299628142029093e+01 5.573904124186193076e-01 3.800584397568942258e-02
2.146754074702852577e+01 4.137501841427573268e-01 3.248458016369105278e-02
2.445764457215044274e+01 3.043365801309412255e-01 2.843230340391868921e-02
2.786422464810916466e+01 2.176497618629806841e-01 2.540026849009818094e-02
3.174528981929791982e+01 1.600626973305370182e-01 2.333491401951182445e-02
3.616692868500850011e+01 1.077968327463065812e-01 2.167594643758011946e-02
4.120443498711833286e+01 7.956721174238290395e-02 2.067214146438982325e-02
4.694358974726586098e+01 5.243332713750548102e-02 1.984167385541242210e-02
