1.069642439726958605e+00 -9.821837430418314252e-01 2.145743085948733364e-01
1.218627458003121777e+00 -7.885862150839675344e-01 5.617186934087650130e-01
1.388363836590320144e+00 -1.061140575789213170e+00 nan
1.581741926207981042e+00 -1.161107634543179223e+00 nan
1.802054659727066133e+00 -5.726361847902994295e-01 4.538182813780782254e-01
2.053053625776520175e+00 1.926332995926727243e-02 5.746304483241578831e-01
2.339012952555230562e+00 1.846959133950116128e+00 7.876548743642353134e-01
2.664802089693036891e+00 5.124751558819360397e+00 9.637194076711922408e-01
3.035968727524477995e+00 7.534594092329938597e+00 9.450648707851261321e-01
3.458833265763586962e+00 8.545249827610303939e+00 8.298426622839909506e-01
3.940596440236666886e+00 8.188103355515465864e+00 6.750148412654940477e-01
4.489461940391565875e+00 6.615681054115206017e+00 5.081129150471200839e-01
5.114776105571953835e+00 6.019943227422777987e+00 4.063515412605887556e-01
5.827187078870319503e+00 5.245071272380808836e+00 3.201773573683597274e-01
6.638826128706195817e+00 4.030452330664399341e+00 2.389677905032937255e-01
7.563514225758552811e+00 3.155218071571325833e+00 1.816273616802716873e-01
8.616997392941321721e+00 2.559890222819712235e+00 1.414514040972423281e-01
9.817214836071872952e+00 2.030090862798794582e+00 1.101771814122926157e-01
1.118460442108735009e+01 1.645292862885821439e+00 8.772447010933978606e-02
1.274245069961824761e+01 1.257995513729265546e+00 6.921423342932475631e-02
1.451728140926205768e+01 9.724711626868800529e-01 5.589975880686927356e-02
1.653931920034971981e+01 7.695642130668760572e-01 4.640587030548062181e-02
1.884299628142029093e+01 6.244691959386245994e-01 3.959586562705492280e-02
2.146754074702852577e+01 4.251197298073579045e-01 3.295133263099656040e-02
2.445764457215044274e+01 3.388214578230857033e-01 2.928314736395891751e-02
2.786422464810916466e+01 2.550553627815115298e-01 2.626882818587359877e-02
3.174528981929791982e+01 1.756787155729797600e-01 2.377826043032603420e-02
3.616692868500850011e+01 1.198751271078297709e-01 2.203692256948508107e-02
4.120443498711833286e+01 8.437839197639673827e-02 2.088890849405395864e-02
4.694358974726586098e+01 4.994349341332715575e-02 1.991651477111827662e-02
