1.069642439726958605e+00 -1.219401360272454049e+00 nan
1.218627458003121777e+00 -6.021080558879932099e-01 4.602019586044229449e+00
1.388363836590320144e+00 -1.153953520252068099e+00 nan
1.581741926207981042e+00 -1.142376681614349909e+00 nan
1.802054659727066133e+00 -1.103217211836628575e+00 nan
2.053053625776520175e+00 -8.528540152695243126e-01 1.303219936033623183e+00
2.339012952555230562e+00 -8.012232056910759681e-01 1.240255358434730892e+00
2.664802089693036891e+00 7.549668544725107733e-01 3.060953438414049987e+00
3.035968727524477995e+00 -1.054572157651763487e+00 nan
3.458833265763586962e+00 3.934869776649833284e+00 3.490763744672771729e+00
3.940596440236666886e+00 7.851733970106754334e+00 3.852751544079619617e+00
4.489461940391565875e+00 9.436702710274913031e+00 3.448151064976844093e+00
5.114776105571953835e+00 1.305502791802160800e+01 3.318143596373664739e+00
5.827187078870319503e+00 1.192963283800893137e+01 2.634694972451185446e+00
6.638826128706195817e+00 7.506973017876337195e+00 1.754721192217606474e+00
7.563514225758552811e+00 7.311769162343624728e+00 1.442230425081360679e+00
8.616997392941321721e+00 5.775898486603614046e+00 1.078264055369585694e+00
9.817214836071872952e+00 4.226490355686638445e+00 7.827457877502769223e-01
1.118460442108735009e+01 2.997991555350421056e+00 5.663758817743808072e-01
1.274245069961824761e+01 2.630819158865565832e+00 4.510230601474499723e-01
1.451728140926205768e+01 2.452132633086592239e+00 3.711417371034500534e-01
1.653931920034971981e+01 1.616267756285257873e+00 2.684930042879544732e-01
1.884299628142029093e+01 1.194921268422585170e+00 2.066697915989638978e-01
2.146754074702852577e+01 1.052637851265755042e+00 1.713286840026856661e-01
2.445764457215044274e+01 7.366686268818358752e-01 1.341858456701155999e-01
2.786422464810916466e+01 4.719642159492047906e-01 1.057940204798055173e-01
3.174528981929791982e+01 3.863031832358914119e-01 9.059612239787516452e-02
3.616692868500850011e+01 2.738518131063192307e-01 7.716683077179925521e-02
4.120443498711833286e+01 1.826998575443465889e-01 6.704730305892069031e-02
4.694358974726586098e+01 1.231527796210822867e-01 6.009077234131076500e-02
