1.069642439726958605e+00 -1.543675127301982641e+00 nan
1.218627458003121777e+00 -3.640268000056658959e-01 5.715650907745435383e+00
1.388363836590320144e+00 -1.115998392141899664e+00 nan
1.581741926207981042e+00 -8.540748898678414136e-01 1.892045460118726208e+00
1.802054659727066133e+00 -8.967990569376629306e-01 1.308164553173714051e+00
2.053053625776520175e+00 -9.567199507069896747e-01 6.943235331053130288e-01
2.339012952555230562e+00 -8.915169407477452346e-01 9.000832132829960086e-01
2.664802089693036891e+00 -1.082472821572698418e+00 nan
3.035968727524477995e+00 1.417779016351400800e+00 2.912583376253963241e+00
3.458833265763586962e+00 1.346922956056989751e+00 2.362456019050252820e+00
3.940596440236666886e+00 8.494863466957362164e+00 3.921835714016982610e+00
4.489461940391565875e+00 1.120648528730231064e+01 3.669716512379663342e+00
5.114776105571953835e+00 1.193951741631146923e+01 3.124123146166209342e+00
5.827187078870319503e+00 1.131318279035821739e+01 2.523955485320145797e+00
6.638826128706195817e+00 8.857979495384917357e+00 1.863426016798397145e+00
7.563514225758552811e+00 6.886600867453553043e+00 1.378542213705673980e+00
8.616997392941321721e+00 5.549688129033687467e+00 1.040772970990816892e+00
9.817214836071872952e+00 4.518566372915248763e+00 7.927681079187104407e-01
1.118460442108735009e+01 3.556948824831555278e+00 5.987257619887519366e-01
1.274245069961824761e+01 3.014251350377602723e+00 4.696421165814580467e-01
1.451728140926205768e+01 1.880381396098009361e+00 3.286881522267756095e-01
1.653931920034971981e+01 1.586218359172355763e+00 2.623973615833826156e-01
1.884299628142029093e+01 1.167947288721032484e+00 2.018994715873834445e-01
2.146754074702852577e+01 9.365870052786344768e-01 1.625534061505326811e-01
2.445764457215044274e+01 6.376197776764993552e-01 1.271467769757664845e-01
2.786422464810916466e+01 4.691214565074302012e-01 1.041487186966370826e-01
3.174528981929791982e+01 3.751880401421450184e-01 8.884409686088964864e-02
3.616692868500850011e+01 2.754854846628391751e-01 7.625095755109032036e-02
4.120443498711833286e+01 2.440775126863137245e-01 6.901965868458904974e-02
4.694358974726586098e+01 8.939751251357597184e-02 5.788131868966988475e-02
