1.069642439726958605e+00 -1.128576088527136090e+00 nan
1.218627458003121777e+00 -1.102170992541026795e+00 nan
1.388363836590320144e+00 -1.142793172443364647e+00 nan
1.581741926207981042e+00 -8.377472436146047308e-01 3.387300233394436866e-01
1.802054659727066133e+00 -3.335918222449243409e-01 5.645023381309289823e-01
2.053053625776520175e+00 4.326669788628432212e-01 6.787157473971394683e-01
2.339012952555230562e+00 2.333674526889164991e+00 8.492768558299146342e-01
2.664802089693036891e+00 4.882891684528618548e+00 9.405318064066557904e-01
3.035968727524477995e+00 7.226792887760613127e+00 9.237852236871182399e-01
3.458833265763586962e+00 8.902041259350681912e+00 8.426325207481139001e-01
3.940596440236666886e+00 8.265550927683502636e+00 6.754280824848657439e-01
4.489461940391565875e+00 6.849924571640159776e+00 5.144954022924543846e-01
5.114776105571953835e+00 6.520611922388972026e+00 4.205004635444031802e-01
5.827187078870319503e+00 5.011395777537375196e+00 3.122177596467059502e-01
6.638826128706195817e+00 4.235990590745142725e+00 2.436417788298484155e-01
7.563514225758552811e+00 3.192115535170115148e+00 1.819137783744648462e-01
8.616997392941321721e+00 2.452753820442023613e+00 1.383694344192034631e-01
9.817214836071872952e+00 1.968372434383943936e+00 1.083912783958762838e-01
1.118460442108735009e+01 1.534590458982801886e+00 8.503400520231160775e-02
1.274245069961824761e+01 1.254850364227745541e+00 6.892355801765881473e-02
1.451728140926205768e+01 1.016936405265344900e+00 5.661282309106665384e-02
1.653931920034971981e+01 7.541352915252017564e-01 4.596671843802370427e-02
1.884299628142029093e+01 5.973172135358140178e-01 3.896712427288737124e-02
2.146754074702852577e+01 4.371112730788140333e-01 3.308617006901187763e-02
2.445764457215044274e+01 3.325521006884546438e-01 2.909142077111256941e-02
2.786422464810916466e+01 2.454018288912054313e-01 2.602673589097157306e-02
3.174528981929791982e+01 1.715800574043100379e-01 2.364734572020436507e-02
3.616692868500850011e+01 1.249005982433204487e-01 2.207909120894370816e-02
4.120443498711833286e+01 9.693922622170880743e-02 2.107267062444729069e-02
4.694358974726586098e+01 5.987175382166665116e-02 2.005531719173491226e-02
