1.069642439726958605e+00 -1.123135619669597407e+00 nan
1.218627458003121777e+00 -1.452187506705207021e+00 nan
1.388363836590320144e+00 -9.869363221595282010e-01 2.031257183420784429e+00
1.581741926207981042e+00 -4.638941849380362470e-01 1.059606694166088126e+01
1.802054659727066133e+00 -9.790074594802766761e-01 1.723863261294728666e+00
2.053053625776520175e+00 -5.287701536973876681e-01 6.694083748963773672e+00
2.339012952555230562e+00 -1.139015467236311085e+00 nan
2.664802089693036891e+00 -4.748217261367613240e-01 4.804838241413786015e+00
3.035968727524477995e+00 -1.090910451903073231e+00 nan
3.458833265763586962e+00 5.516336606045163293e+00 1.150131182328802559e+01
3.940596440236666886e+00 3.693459429010091721e+00 8.017951353300237116e+00
4.489461940391565875e+00 8.288589895916153694e+00 9.278058611178773063e+00
5.114776105571953835e+00 1.770307196391960503e+01 1.088078651542054942e+01
5.827187078870319503e+00 8.856260098395541291e+00 6.485309356987675855e+00
6.638826128706195817e+00 8.485524228246898559e+00 5.241673652824895946e+00
7.563514225758552811e+00 6.695908159593651376e+00 3.893007278837512963e+00
8.616997392941321721e+00 9.900561567403872942e+00 3.857007136681504189e+00
9.817214836071872952e+00 8.129811511405513613e+00 2.917349383333611712e+00
1.118460442108735009e+01 7.144801338413991232e+00 2.286657980444833704e+00
1.274245069961824761e+01 4.338527246932974535e+00 1.519518432306391054e+00
1.451728140926205768e+01 2.809560003042734344e+00 1.058028602409714747e+00
1.653931920034971981e+01 2.097713598534924451e+00 7.905834952783942216e-01
1.884299628142029093e+01 1.445090250623130457e+00 5.814440216400675876e-01
2.146754074702852577e+01 1.228528030700839713e+00 4.646010471548934762e-01
2.445764457215044274e+01 8.990565420651772666e-01 3.587348121855494787e-01
2.786422464810916466e+01 6.153275864020573138e-01 2.776230948799408016e-01
3.174528981929791982e+01 5.677745535586737891e-01 2.341874481053501933e-01
3.616692868500850011e+01 3.726711259583215252e-01 1.868977740777983398e-01
4.120443498711833286e+01 2.387254970328556158e-01 1.533329706658841385e-01
4.694358974726586098e+01 1.818016355757423597e-01 1.322733085335966174e-01
