1.069642439726958605e+00 -1.153423939932559428e+00 nan
1.218627458003121777e+00 -1.007189848496286011e+00 nan
1.388363836590320144e+00 -8.935004925620400051e-01 2.063596591172409400e-01
1.581741926207981042e+00 -6.159790773058406721e-01 3.191279264546686423e-01
1.802054659727066133e+00 6.898778758011463452e-01 5.508347080922391115e-01
2.053053625776520175e+00 2.310622174478175861e+00 6.330568633792498234e-01
2.339012952555230562e+00 4.776272910977576558e+00 6.877323198098460599e-01
2.664802089693036891e+00 7.324094612449416175e+00 6.908751579239756913e-01
3.035968727524477995e+00 8.445974711433139603e+00 6.130764762216074359e-01
3.458833265763586962e+00 8.345940603165137972e+00 5.074586314067405235e-01
3.940596440236666886e+00 7.096885643483251016e+00 3.917517899886749921e-01
4.489461940391565875e+00 6.029030734599666985e+00 3.033977620279467713e-01
5.114776105571953835e+00 4.734328046886641772e+00 2.277472958014986060e-01
5.827187078870319503e+00 3.933559537885042090e+00 1.767882237591292816e-01
6.638826128706195817e+00 3.229886407430766049e+00 1.373383628479862284e-01
7.563514225758552811e+00 2.620817681883307326e+00 1.072084740834920169e-01
8.616997392941321721e+00 1.937270094212797833e+00 8.123450959735691035e-02
9.817214836071872952e+00 1.594966110635512635e+00 6.528060750484061814e-02
1.118460442108735009e+01 1.244461570720169608e+00 5.212641448860096810e-02
1.274245069961824761e+01 9.806623067265409777e-01 4.250238942427261857e-02
1.451728140926205768e+01 7.854251741029114608e-01 3.554992530464912842e-02
1.653931920034971981e+01 6.172389613207542869e-01 3.015302103154033145e-02
1.884299628142029093e+01 4.525777144248761541e-01 2.565227082512604173e-02
2.146754074702852577e+01 3.508745638969295033e-01 2.270032295329353980e-02
2.445764457215044274e+01 2.727856506614534382e-01 2.052908967428859061e-02
2.786422464810916466e+01 2.003876544540015292e-01 1.875572281270907957e-02
3.174528981929791982e+01 1.469710867026483569e-01 1.748025058025100623e-02
3.616692868500850011e+01 1.003110099039079550e-01 1.646060073016932315e-02
4.120443498711833286e+01 6.822563288402760939e-02 1.575956335940602998e-02
4.694358974726586098e+01 4.615370165078025444e-02 1.527852862207578974e-02
