1.069642439726958605e+00 -1.421000627796352944e+00 nan
1.218627458003121777e+00 -6.602537263449104188e-01 4.348755300647224598e-01
1.388363836590320144e+00 -9.195456865074775887e-01 1.795903636871852005e-01
1.581741926207981042e+00 -9.249556608880671327e-01 1.412391409256748553e-01
1.802054659727066133e+00 1.809155663284982563e-01 4.609327918309881755e-01
2.053053625776520175e+00 2.086784763606199800e+00 6.119530956340689665e-01
2.339012952555230562e+00 4.734668866054109415e+00 6.860938963101577137e-01
2.664802089693036891e+00 7.013749903226377036e+00 6.783625751036201912e-01
3.035968727524477995e+00 7.271609495145245461e+00 5.726986158533448057e-01
3.458833265763586962e+00 7.622234562757432386e+00 4.867178688478711601e-01
3.940596440236666886e+00 7.135662454994537995e+00 3.932553666954284877e-01
4.489461940391565875e+00 5.798748205094403474e+00 2.982160619497004062e-01
5.114776105571953835e+00 4.991112508598398279e+00 2.337435473604617120e-01
5.827187078870319503e+00 3.784730814175433444e+00 1.738913501705644515e-01
6.638826128706195817e+00 3.256046288640245479e+00 1.380052983195728944e-01
7.563514225758552811e+00 2.470441932652395423e+00 1.045710372459879439e-01
8.616997392941321721e+00 1.996804626370715319e+00 8.236650246691913646e-02
9.817214836071872952e+00 1.581519083786279367e+00 6.512748156290860957e-02
1.118460442108735009e+01 1.268101339087623902e+00 5.255914594304383208e-02
1.274245069961824761e+01 9.621435071706287978e-01 4.225822645563231950e-02
1.451728140926205768e+01 7.641315404008914847e-01 3.526280665537178532e-02
1.653931920034971981e+01 5.901800618415813382e-01 2.978011402107602623e-02
1.884299628142029093e+01 4.600553376247125126e-01 2.578376282723658999e-02
2.146754074702852577e+01 3.372769740681169637e-01 2.252230193054135035e-02
2.445764457215044274e+01 2.434811138467671832e-01 2.012362907538461920e-02
2.786422464810916466e+01 1.804919182777049436e-01 1.848460143069520500e-02
3.174528981929791982e+01 1.260439085717246499e-01 1.719349459194975671e-02
3.616692868500850011e+01 8.888533235239992614e-02 1.630887881604359269e-02
4.120443498711833286e+01 5.683102282556951046e-02 1.560762347497265772e-02
4.694358974726586098e+01 3.912835966259664566e-02 1.518851211723671983e-02
