1.069642439726958605e+00 -1.230897614471291313e+00 nan
1.218627458003121777e+00 -8.707191307430144356e-01 4.334192706862121658e-01
1.388363836590320144e+00 -8.685202465366212987e-01 3.709471364240183866e-01
1.581741926207981042e+00 -9.301195148055656503e-01 2.202129619239585889e-01
1.802054659727066133e+00 -1.179173086175844265e-01 6.434290783678879855e-01
2.053053625776520175e+00 -1.438496206895079066e-01 5.196121645880439344e-01
2.339012952555230562e+00 2.821592944513371393e+00 9.011587449781730541e-01
2.664802089693036891e+00 5.029743637746591389e+00 9.435000767561284585e-01
3.035968727524477995e+00 7.100975245259702362e+00 9.080436237723091830e-01
3.458833265763586962e+00 8.909063993005675641e+00 8.352376898200238875e-01
3.940596440236666886e+00 8.373996919363341007e+00 6.734589954172450765e-01
4.489461940391565875e+00 7.037234542854891473e+00 5.163943590334291178e-01
5.114776105571953835e+00 6.202345572940153318e+00 4.069339089050493796e-01
5.827187078870319503e+00 4.878171967167595824e+00 3.056057942562483420e-01
6.638826128706195817e+00 4.056945133753385946e+00 2.367421737274143789e-01
7.563514225758552811e+00 3.138854158437744069e+00 1.790095174474604089e-01
8.616997392941321721e+00 2.541613312482447817e+00 1.393352635427521080e-01
9.817214836071872952e+00 1.986594882986571831e+00 1.079158412037585918e-01
1.118460442108735009e+01 1.562801061766621480e+00 8.496404825064605981e-02
1.274245069961824761e+01 1.227205456090823876e+00 6.782333954484345839e-02
1.451728140926205768e+01 9.536440043684992762e-01 5.493658272325167152e-02
1.653931920034971981e+01 7.586823281165000488e-01 4.572847620493214471e-02
1.884299628142029093e+01 5.752139942078926538e-01 3.828600416467465434e-02
2.146754074702852577e+01 4.634579014332778080e-01 3.336429417444332357e-02
2.445764457215044274e+01 3.219804435751174587e-01 2.871902783270092671e-02
2.786422464810916466e+01 2.285721463685022048e-01 2.556745810774611882e-02
3.174528981929791982e+01 1.717641201801425321e-01 2.351952010321682954e-02
3.616692868500850011e+01 1.240147599318728311e-01 2.194531930946727605e-02
4.120443498711833286e+01 8.480399957912854170e-02 2.074358242278738843e-02
4.694358974726586098e+01 5.718386717191803470e-02 1.990575963191331885e-02
