1.069642439726958605e+00 -1.042252577139670233e+00 nan
1.218627458003121777e+00 -1.465985660815126934e+00 nan
1.388363836590320144e+00 -1.857210161608601418e+00 nan
1.581741926207981042e+00 -5.873416138712903578e-01 3.251249462032270721e+00
1.802054659727066133e+00 -1.318949337690101142e+00 nan
2.053053625776520175e+00 -8.134600158868556807e-01 1.472967719682679588e+00
2.339012952555230562e+00 -6.990188919866833217e-01 1.532024973289689562e+00
2.664802089693036891e+00 -1.095713558616102645e+00 nan
3.035968727524477995e+00 1.442476723063222943e+00 2.991340705699761404e+00
3.458833265763586962e+00 6.903659190537017043e-01 2.048164050377384360e+00
3.940596440236666886e+00 6.283494895200004038e+00 3.504908928912370936e+00
4.489461940391565875e+00 9.468690064796597028e+00 3.466650509119505674e+00
5.114776105571953835e+00 9.730944468463640362e+00 2.897967355276888757e+00
5.827187078870319503e+00 9.731918956786325126e+00 2.399529305216423936e+00
6.638826128706195817e+00 8.620811555710375274e+00 1.878766570939578440e+00
7.563514225758552811e+00 6.454432809628135814e+00 1.366218549510199276e+00
8.616997392941321721e+00 5.434121339067139012e+00 1.052501196490785551e+00
9.817214836071872952e+00 3.975298508144046838e+00 7.648701626279713617e-01
1.118460442108735009e+01 3.353480955152487120e+00 5.957781031878353062e-01
1.274245069961824761e+01 2.898542557385901830e+00 4.712530164164035473e-01
1.451728140926205768e+01 1.738027877964365864e+00 3.257413028132155608e-01
1.653931920034971981e+01 1.672775346717758627e+00 2.728734940843051682e-01
1.884299628142029093e+01 1.189789427509706954e+00 2.070763994766277871e-01
2.146754074702852577e+01 8.503197311722290319e-01 1.608897996168947298e-01
2.445764457215044274e+01 6.185631626503333980e-01 1.284766856038616345e-01
2.786422464810916466e+01 5.542638508816550846e-01 1.102149508278291862e-01
3.174528981929791982e+01 3.922548714077811471e-01 9.114826412779540588e-02
3.616692868500850011e+01 2.312198808853160870e-01 7.538311196557712091e-02
4.120443498711833286e+01 1.524914844437761374e-01 6.583366957848145462e-02
4.694358974726586098e+01 8.803504430944841808e-02 5.864348450720750089e-02
