1.069642439726958605e+00 -1.521266467914842657e+00 nan
1.218627458003121777e+00 -9.267515543892128616e-01 2.023707801867519751e-01
1.388363836590320144e+00 -6.477376135909382882e-01 3.766635550031146029e-01
1.581741926207981042e+00 -6.985750197529254635e-01 2.837301430781398182e-01
1.802054659727066133e+00 3.339914380064874511e-01 4.910478330584513995e-01
2.053053625776520175e+00 1.670708653768847585e+00 5.703039206554023632e-01
2.339012952555230562e+00 5.069800931595251470e+00 7.077372037190892140e-01
2.664802089693036891e+00 7.719158907545258685e+00 7.100539250131079339e-01
3.035968727524477995e+00 7.613361552390975007e+00 5.862179128886827462e-01
3.458833265763586962e+00 7.536683947828979768e+00 4.852049423881799606e-01
3.940596440236666886e+00 7.127665648989445657e+00 3.938963151359272108e-01
4.489461940391565875e+00 6.306429041184815176e+00 3.110332925777699598e-01
5.114776105571953835e+00 4.891639753472404095e+00 2.320267869758263768e-01
5.827187078870319503e+00 4.184232136832775950e+00 1.825461048566796585e-01
6.638826128706195817e+00 3.186941821543841424e+00 1.369445730469603384e-01
7.563514225758552811e+00 2.552992539769673552e+00 1.063022910629931039e-01
8.616997392941321721e+00 2.048923214228251410e+00 8.343712324828955751e-02
9.817214836071872952e+00 1.599110837987220091e+00 6.554456331114841272e-02
1.118460442108735009e+01 1.283073011587657408e+00 5.289510591359127684e-02
1.274245069961824761e+01 1.022809268442024022e+00 4.327295018321142966e-02
1.451728140926205768e+01 7.628705329792433432e-01 3.530321855927059937e-02
1.653931920034971981e+01 6.030704644570823447e-01 3.001898627394647759e-02
1.884299628142029093e+01 4.613127506490375396e-01 2.584143724531785119e-02
2.146754074702852577e+01 3.532681281469083334e-01 2.278663105043507442e-02
2.445764457215044274e+01 2.719085596140391470e-01 2.056090394163660046e-02
2.786422464810916466e+01 1.944191326260344965e-01 1.870895064068549621e-02
3.174528981929791982e+01 1.409192802983161297e-01 1.742848296276280559e-02
3.616692868500850011e+01 9.561627144005235834e-02 1.642533400410653432e-02
4.120443498711833286e+01 6.867224323450926704e-02 1.579577943656845090e-02
4.694358974726586098e+01 4.575089142441979284e-02 1.530116794340757175e-02
