1.069642439726958605e+00 -8.807374303609252220e-01 3.371448188170560023e+00
1.218627458003121777e+00 -7.377771961045513915e-01 3.799042523854851972e+00
1.388363836590320144e+00 -1.581462390519484007e+00 nan
1.581741926207981042e+00 -6.079842931937173844e-01 3.210096776488840842e+00
1.802054659727066133e+00 -1.208861104115403595e+00 nan
2.053053625776520175e+00 -1.331631837037330790e+00 nan
2.339012952555230562e+00 -1.115864776273287617e+00 nan
2.664802089693036891e+00 -8.399050725613017576e-01 9.398438114037843683e-01
3.035968727524477995e+00 -2.301036733319050676e-02 1.915720605609654736e+00
3.458833265763586962e+00 -3.152744708728016931e-01 1.319978477579095921e+00
3.940596440236666886e+00 5.239466237701801532e+00 3.283996356186537291e+00
4.489461940391565875e+00 1.550003787669905186e+01 4.431078946599717128e+00
5.114776105571953835e+00 1.021634825683962866e+01 3.002628172857555455e+00
5.827187078870319503e+00 9.745143972633048435e+00 2.431668250007768428e+00
6.638826128706195817e+00 7.528030849862719975e+00 1.785973025343436493e+00
7.563514225758552811e+00 6.221388575988500591e+00 1.360407944580259709e+00
8.616997392941321721e+00 5.205338624561266947e+00 1.045184237897672785e+00
9.817214836071872952e+00 4.269394586949637471e+00 7.989238421520830080e-01
1.118460442108735009e+01 2.761152792145088686e+00 5.565420427229493816e-01
1.274245069961824761e+01 3.183218885894430361e+00 4.965060078969110724e-01
1.451728140926205768e+01 2.185215066096121816e+00 3.596190685259803010e-01
1.653931920034971981e+01 1.589677336569932375e+00 2.709522796515559939e-01
1.884299628142029093e+01 1.234842928574845677e+00 2.120935321126226070e-01
2.146754074702852577e+01 8.721246671949403062e-01 1.639136155039306320e-01
2.445764457215044274e+01 8.755735534632729244e-01 1.432653442716023406e-01
2.786422464810916466e+01 4.630983249342432995e-01 1.067891782581162213e-01
3.174528981929791982e+01 4.069824557512200514e-01 9.276883613621299263e-02
3.616692868500850011e+01 2.885720508805369455e-01 7.880975598920803016e-02
4.120443498711833286e+01 2.525840036632345242e-01 7.106225331076819474e-02
4.694358974726586098e+01 1.263816812669507073e-01 6.089914651164803766e-02
