1.069642439726958605e+00 -8.400274826779638992e-01 3.820169652484642686e+00
1.218627458003121777e+00 -1.125202160057635403e+00 nan
1.388363836590320144e+00 -1.449051863929317729e+00 nan
1.581741926207981042e+00 -5.224306014540647247e-01 3.466423288096550870e+00
1.802054659727066133e+00 -1.298258117558695801e+00 nan
2.053053625776520175e+00 -1.050741548885626209e+00 nan
2.339012952555230562e+00 -1.008272329168152126e+00 nan
2.664802089693036891e+00 -1.045060133136104241e+00 nan
3.035968727524477995e+00 2.843073003586211733e-01 2.149098626166946691e+00
3.458833265763586962e+00 2.252271150857672932e+00 2.817431322636496205e+00
3.940596440236666886e+00 6.607084019865908431e+00 3.550782937550741369e+00
4.489461940391565875e+00 1.042718235514621483e+01 3.592874040629575827e+00
5.114776105571953835e+00 6.514387587440334748e+00 2.393720672119800330e+00
5.827187078870319503e+00 8.948117558687652462e+00 2.286662968567962917e+00
6.638826128706195817e+00 9.489382841291366333e+00 1.949335118186300564e+00
7.563514225758552811e+00 5.779590906687610996e+00 1.288113923533453109e+00
8.616997392941321721e+00 6.164961252910735823e+00 1.105833755874581215e+00
9.817214836071872952e+00 4.586786834930006940e+00 8.077888433271500634e-01
1.118460442108735009e+01 3.368144679556782872e+00 5.918470191191644858e-01
1.274245069961824761e+01 2.637795486770063924e+00 4.493488167413089984e-01
1.451728140926205768e+01 2.119794821171486987e+00 3.482337690519603512e-01
1.653931920034971981e+01 1.625619444619982090e+00 2.678158298959142924e-01
1.884299628142029093e+01 1.162374556796402558e+00 2.038570802753720823e-01
2.146754074702852577e+01 8.736189921662957936e-01 1.609151230051019954e-01
2.445764457215044274e+01 6.406375662454528719e-01 1.286580910409399481e-01
2.786422464810916466e+01 5.141014214861301390e-01 1.074442456883583780e-01
3.174528981929791982e+01 3.393880674204257097e-01 8.799502510446208237e-02
3.616692868500850011e+01 2.311564122484222050e-01 7.488677619650033201e-02
4.120443498711833286e+01 2.140910588594546748e-01 6.824700056594851239e-02
4.694358974726586098e+01 1.251301836779179499e-01 5.997950644848757534e-02
