1.069642439726958605e+00 -1.079586034305332731e+00 nan
1.218627458003121777e+00 -9.065167597932943799e-01 1.503565057007064942e-01
1.388363836590320144e+00 -4.956858726580639640e-01 2.964271422068676665e-01
1.581741926207981042e+00 5.736409992714452954e-01 4.266945042131489729e-01
1.802054659727066133e+00 2.663167247972332508e+00 5.364311603204057199e-01
2.053053625776520175e+00 5.205126087895558307e+00 5.749363107702011311e-01
2.339012952555230562e+00 6.261707592188272997e+00 5.122261828332465017e-01
2.664802089693036891e+00 7.663048880610507041e+00 4.691162445188265528e-01
3.035968727524477995e+00 7.505622060606845558e+00 3.873268477857323422e-01
3.458833265763586962e+00 6.962553364862722027e+00 3.122316701954127582e-01
3.940596440236666886e+00 6.174114099514467213e+00 2.469745323094973688e-01
4.489461940391565875e+00 5.066308193424391426e+00 1.891251198080452778e-01
5.114776105571953835e+00 3.973580135175187600e+00 1.427971221955009751e-01
5.827187078870319503e+00 3.273449526113752839e+00 1.112507875009852432e-01
6.638826128706195817e+00 2.589013028319538279e+00 8.576593057780899920e-02
7.563514225758552811e+00 2.100946941840482918e+00 6.770585284889574229e-02
8.616997392941321721e+00 1.703523560863753339e+00 5.407048764828335796e-02
9.817214836071872952e+00 1.337241890333309424e+00 4.322132626046197579e-02
1.118460442108735009e+01 1.043344899442226303e+00 3.509726703146843346e-02
1.274245069961824761e+01 8.143248181748798942e-01 2.905872871830262119e-02
1.451728140926205768e+01 6.435238568816470384e-01 2.468728256332647364e-02
1.653931920034971981e+01 4.913078091922382651e-01 2.121664015868261408e-02
1.884299628142029093e+01 3.733266134978163731e-01 1.864141937308644997e-02
2.146754074702852577e+01 2.944633007243635525e-01 1.688662975422553642e-02
2.445764457215044274e+01 2.193023679509085166e-01 1.542705161766560508e-02
2.786422464810916466e+01 1.584409600464458112e-01 1.431328765509146811e-02
3.174528981929791982e+01 1.147604569906905958e-01 1.352566541237531367e-02
3.616692868500850011e+01 7.413897837448968353e-02 1.286190632766823910e-02
4.120443498711833286e+01 5.619578181742190814e-02 1.252192319845810489e-02
4.694358974726586098e+01 3.908746859374745419e-02 1.223374715795524405e-02
