1.069642439726958605e+00 -1.314834279354779145e+00 nan
1.218627458003121777e+00 -9.608094275078675750e-01 9.718000390767672636e-02
1.388363836590320144e+00 -5.992263778773962990e-01 2.637770760582904273e-01
1.581741926207981042e+00 1.282182625509794782e+00 5.131641555744326233e-01
1.802054659727066133e+00 2.437105734353425923e+00 5.186061335402185613e-01
2.053053625776520175e+00 4.859794125759637318e+00 5.574929272365678479e-01
2.339012952555230562e+00 6.025254036117397405e+00 5.027240877099193872e-01
2.664802089693036891e+00 7.333308738289772144e+00 4.589115378679156088e-01
3.035968727524477995e+00 7.649769194456134791e+00 3.901463332660741190e-01
3.458833265763586962e+00 7.043049027667178663e+00 3.134179079767024922e-01
3.940596440236666886e+00 5.957122286489283880e+00 2.423909676844547834e-01
4.489461940391565875e+00 5.146367474248972229e+00 1.902315946493734478e-01
5.114776105571953835e+00 4.071502923730131229e+00 1.441947415843113645e-01
5.827187078870319503e+00 3.303290451088445767e+00 1.115392931407414023e-01
6.638826128706195817e+00 2.613160241458010180e+00 8.598879836455688985e-02
7.563514225758552811e+00 2.112941566560336604e+00 6.777136730331416448e-02
8.616997392941321721e+00 1.660969316559169240e+00 5.342299479520092736e-02
9.817214836071872952e+00 1.316428590172995072e+00 4.289247370862481895e-02
1.118460442108735009e+01 1.038876063964097707e+00 3.499389986004513425e-02
1.274245069961824761e+01 8.138788740810856126e-01 2.901565401752732518e-02
1.451728140926205768e+01 6.356871752629031924e-01 2.456303506227587585e-02
1.653931920034971981e+01 4.967987686261106095e-01 2.125668491181353231e-02
1.884299628142029093e+01 3.727189035573770237e-01 1.861350624341553961e-02
2.146754074702852577e+01 2.798890244474243616e-01 1.669872315903405194e-02
2.445764457215044274e+01 2.135777061958781253e-01 1.534478704934875114e-02
2.786422464810916466e+01 1.561958319861813660e-01 1.427316662348576681e-02
3.174528981929791982e+01 1.214198185793546880e-01 1.358995717648846246e-02
3.616692868500850011e+01 8.511071190047325707e-02 1.297703321379643955e-02
4.120443498711833286e+01 5.801808916344475264e-02 1.253155662710168580e-02
4.694358974726586098e+01 3.834433575644857761e-02 1.221407234635487130e-02
