1.069642439726958605e+00 -2.745659712467890312e+00 nan
1.218627458003121777e+00 -1.163088374145444082e+00 nan
1.388363836590320144e+00 -9.474307675985207400e-01 1.437514092789920150e+00
1.581741926207981042e+00 -1.530966195761856330e+00 nan
1.802054659727066133e+00 -8.853490842536118066e-01 1.421265849668536863e+00
2.053053625776520175e+00 -8.996778424591369561e-01 1.089643201812095397e+00
2.339012952555230562e+00 -1.059797668545707339e+00 nan
2.664802089693036891e+00 -9.297403180549135282e-01 6.199873807038507323e-01
3.035968727524477995e+00 -1.146886086907098257e+00 nan
3.458833265763586962e+00 1.472890016461586793e+00 2.499722740137600763e+00
3.940596440236666886e+00 9.782963288313050398e+00 4.310556212788053010e+00
4.489461940391565875e+00 1.013601192775124282e+01 3.608498257624339178e+00
5.114776105571953835e+00 1.321958745692179171e+01 3.379559038728909393e+00
5.827187078870319503e+00 9.945256178642715383e+00 2.444995610375966244e+00
6.638826128706195817e+00 9.121863590627537377e+00 1.946112362816888153e+00
7.563514225758552811e+00 7.126088416198214759e+00 1.442368085037960102e+00
8.616997392941321721e+00 5.827051926039952257e+00 1.095763776691036639e+00
9.817214836071872952e+00 3.987832039398814921e+00 7.723291334777303563e-01
1.118460442108735009e+01 3.738069853664739206e+00 6.296097964539281167e-01
1.274245069961824761e+01 2.824379318821511387e+00 4.699431296767692112e-01
1.451728140926205768e+01 2.064495663259362068e+00 3.503091373684517063e-01
1.653931920034971981e+01 1.638233429704561983e+00 2.729111973575787942e-01
1.884299628142029093e+01 1.206416733268546926e+00 2.096522369425222743e-01
2.146754074702852577e+01 8.580804014335357000e-01 1.625398165845708398e-01
2.445764457215044274e+01 7.455286086273131829e-01 1.360558792098460756e-01
2.786422464810916466e+01 5.622530988282625763e-01 1.113849692311297823e-01
3.174528981929791982e+01 4.049229328812518069e-01 9.237033753185375229e-02
3.616692868500850011e+01 2.924099998747693441e-01 7.874860528807416105e-02
4.120443498711833286e+01 1.920217805875570338e-01 6.806124261953847010e-02
4.694358974726586098e+01 9.286523621415998520e-02 5.920031028425310621e-02
