1.069642439726958605e+00 -9.189062594784778160e-01 4.574704648883970437e-01
1.218627458003121777e+00 -8.588371889349031285e-01 4.586771429219494989e-01
1.388363836590320144e+00 -1.046835254828669459e+00 nan
1.581741926207981042e+00 -9.376702334630351299e-01 2.106285221843513522e-01
1.802054659727066133e+00 -8.359892629138763187e-01 2.809168511414567027e-01
2.053053625776520175e+00 6.702096819369045555e-01 7.353174914723027422e-01
2.339012952555230562e+00 2.453367612042052670e+00 8.672958388427798315e-01
2.664802089693036891e+00 5.861281735837532203e+00 1.020143163357560390e+00
3.035968727524477995e+00 7.607488102193117996e+00 9.485520111079372985e-01
3.458833265763586962e+00 7.993886374604198153e+00 8.039437334373201738e-01
3.940596440236666886e+00 8.002377815032247099e+00 6.672901274421448869e-01
4.489461940391565875e+00 7.284923184297165122e+00 5.313570808515998278e-01
5.114776105571953835e+00 6.016909212572910448e+00 4.059867452146971867e-01
5.827187078870319503e+00 4.861321096253819363e+00 3.087699513578709976e-01
6.638826128706195817e+00 3.790986161858274528e+00 2.322381988363306504e-01
7.563514225758552811e+00 3.060608333204940745e+00 1.790764751036940383e-01
8.616997392941321721e+00 2.394392580864880493e+00 1.373581155682245536e-01
9.817214836071872952e+00 1.921256057246925719e+00 1.076232262101763648e-01
1.118460442108735009e+01 1.507030282454607351e+00 8.467084795214403770e-02
1.274245069961824761e+01 1.206471073358219570e+00 6.810307888307529089e-02
1.451728140926205768e+01 9.403394850787731851e-01 5.522411770547996923e-02
1.653931920034971981e+01 7.575139626994884523e-01 4.614678822895174060e-02
1.884299628142029093e+01 5.693703788941109067e-01 3.852663897864500031e-02
2.146754074702852577e+01 4.350944464299393299e-01 3.312279022744420848e-02
2.445764457215044274e+01 3.223014480368371348e-01 2.896325265810378510e-02
2.786422464810916466e+01 2.526700879439629510e-01 2.621356280458394736e-02
3.174528981929791982e+01 1.829945395395873309e-01 2.390277005959291073e-02
3.616692868500850011e+01 1.306397489113302335e-01 2.222533461446246292e-02
4.120443498711833286e+01 9.135897418964944450e-02 2.100858094621807504e-02
4.694358974726586098e+01 5.170335573495443704e-02 1.994125511369107540e-02
