1.069642439726958605e+00 -2.248180746281099651e+00 nan
1.218627458003121777e+00 -1.813697405299448118e+00 nan
1.388363836590320144e+00 -2.152395271132158783e+00 nan
1.581741926207981042e+00 -1.986144871171609427e+00 nan
1.802054659727066133e+00 -1.321220854393807986e+00 nan
2.053053625776520175e+00 -6.270346172976866139e-01 6.074085294678856606e+00
2.339012952555230562e+00 -8.180418288210098421e-01 3.473843660630606234e+00
2.664802089693036891e+00 -1.130975193825706437e+00 nan
3.035968727524477995e+00 -1.175238080045941214e+00 nan
3.458833265763586962e+00 -1.022411490914429955e+00 nan
3.940596440236666886e+00 -1.114900093237948919e+00 nan
4.489461940391565875e+00 1.974754361289151383e+00 5.344725161574532812e+00
5.114776105571953835e+00 9.895040778290441708e+00 8.439407501865698435e+00
5.827187078870319503e+00 1.066083651551942246e+01 7.202298624616600975e+00
6.638826128706195817e+00 8.886187582600193480e+00 5.459035150645822121e+00
7.563514225758552811e+00 8.977116070029637740e+00 4.534639776543293976e+00
8.616997392941321721e+00 8.501536132566931414e+00 3.660573036669575675e+00
9.817214836071872952e+00 7.832154313185517580e+00 2.922379131383018525e+00
1.118460442108735009e+01 4.564875613929176623e+00 1.904569449533927816e+00
1.274245069961824761e+01 4.570535573543049068e+00 1.584419493086385966e+00
1.451728140926205768e+01 3.535088433316109224e+00 1.184681086954507911e+00
1.653931920034971981e+01 2.635832490576892173e+00 8.793430503151831168e-01
1.884299628142029093e+01 2.406084113607089847e+00 7.127717903839004832e-01
2.146754074702852577e+01 1.454070713240593227e+00 4.998652331298762408e-01
2.445764457215044274e+01 7.110388349840746081e-01 3.440409685875994161e-01
2.786422464810916466e+01 8.553498127538101681e-01 3.071505591432487914e-01
3.174528981929791982e+01 4.401795832259143282e-01 2.259965376284958916e-01
3.616692868500850011e+01 2.637225754809155998e-01 1.801343533787949647e-01
4.120443498711833286e+01 3.119549055654919911e-01 1.620959173829947253e-01
4.694358974726586098e+01 2.105182783837522553e-01 1.366727757098156748e-01
