1.069642439726958605e+00 -1.397979165598335349e+00 nan
1.218627458003121777e+00 -1.130482602727979291e+00 nan
1.388363836590320144e+00 -5.344606054849503352e-01 4.213396922898826169e+00
1.581741926207981042e+00 -1.696310253437137483e+00 nan
1.802054659727066133e+00 -1.166418187422114450e+00 nan
2.053053625776520175e+00 -9.403405213242830296e-01 8.276130220822714989e-01
2.339012952555230562e+00 -7.190162193523883527e-01 1.470689160783023697e+00
2.664802089693036891e+00 -8.686185079202970449e-01 8.350357912632706547e-01
3.035968727524477995e+00 -1.012794840950245856e+00 nan
3.458833265763586962e+00 2.248702119942847411e+00 2.822868798589430739e+00
3.940596440236666886e+00 5.026139200849861766e+00 3.165173015538181645e+00
4.489461940391565875e+00 9.681475913943744516e+00 3.479936852241229062e+00
5.114776105571953835e+00 1.201273233775378202e+01 3.180193022997279240e+00
5.827187078870319503e+00 9.226562014529005040e+00 2.325313925118899672e+00
6.638826128706195817e+00 8.374045521477048837e+00 1.841600503481316320e+00
7.563514225758552811e+00 7.061188677553107418e+00 1.415266268812837014e+00
8.616997392941321721e+00 6.915169189844965203e+00 1.170108540557966537e+00
9.817214836071872952e+00 3.878120487559590046e+00 7.520513511714698174e-01
1.118460442108735009e+01 3.067621257960074566e+00 5.703413738146435596e-01
1.274245069961824761e+01 2.893984032443126075e+00 4.681051769532220130e-01
1.451728140926205768e+01 1.864022765476592625e+00 3.322327271156980122e-01
1.653931920034971981e+01 1.671200085896545229e+00 2.711843222270532983e-01
1.884299628142029093e+01 1.275671602096578816e+00 2.108101599193729359e-01
2.146754074702852577e+01 8.391934074634392893e-01 1.593785177981317525e-01
2.445764457215044274e+01 7.078997422305077780e-01 1.324076328945851255e-01
2.786422464810916466e+01 4.684590035578339862e-01 1.053933957606539989e-01
3.174528981929791982e+01 3.343354659481454494e-01 8.792081418752796529e-02
3.616692868500850011e+01 1.745276499334655895e-01 7.236953786069755257e-02
4.120443498711833286e+01 1.834524670325663465e-01 6.695918938264747156e-02
4.694358974726586098e+01 1.186443422202214659e-01 5.978262327606972265e-02
