1.069642439726958605e+00 -1.147415261036314860e+00 nan
1.218627458003121777e+00 -8.298067577427321595e-01 2.031672327640797193e-01
1.388363836590320144e+00 -6.384610355709350316e-01 2.513268575755505663e-01
1.581741926207981042e+00 3.692865803226623722e-01 3.985449485797104008e-01
1.802054659727066133e+00 2.223347463477954200e+00 5.037232795995215673e-01
2.053053625776520175e+00 5.153874607062832069e+00 5.733288969568811622e-01
2.339012952555230562e+00 6.720218090015668722e+00 5.293417690576903700e-01
2.664802089693036891e+00 7.735607119024296097e+00 4.718224769860664969e-01
3.035968727524477995e+00 7.867842328875839897e+00 3.965783182213405422e-01
3.458833265763586962e+00 7.002762479605787682e+00 3.135143054141100727e-01
3.940596440236666886e+00 6.336534739348405054e+00 2.504103874637534921e-01
4.489461940391565875e+00 4.961069841505288736e+00 1.875010334364879405e-01
5.114776105571953835e+00 4.039683087145473195e+00 1.440865419186243834e-01
5.827187078870319503e+00 3.209771693423090433e+00 1.103972272965715457e-01
6.638826128706195817e+00 2.659809185291607037e+00 8.691727256035025606e-02
7.563514225758552811e+00 2.072472646074926317e+00 6.738944707237329301e-02
8.616997392941321721e+00 1.640397837528899228e+00 5.328881719893997782e-02
9.817214836071872952e+00 1.324605904418919344e+00 4.310783724754396751e-02
1.118460442108735009e+01 1.020762124059077181e+00 3.485319630948162384e-02
1.274245069961824761e+01 8.199327790797648063e-01 2.915774530646093876e-02
1.451728140926205768e+01 6.354888384477983543e-01 2.461559961310489514e-02
1.653931920034971981e+01 4.904494319854741935e-01 2.122665478359536326e-02
1.884299628142029093e+01 3.785598558575533623e-01 1.871974157278893242e-02
2.146754074702852577e+01 2.809876702296685291e-01 1.674376947084198902e-02
2.445764457215044274e+01 2.099837977430849545e-01 1.533129158768888577e-02
2.786422464810916466e+01 1.575844230115435174e-01 1.431474207562632821e-02
3.174528981929791982e+01 1.124715556673514527e-01 1.350955665157222221e-02
3.616692868500850011e+01 8.348118184592667745e-02 1.298005500396268858e-02
4.120443498711833286e+01 6.089493677617707768e-02 1.258574861448640003e-02
4.694358974726586098e+01 4.207544672696661436e-02 1.227738408227956740e-02
