1.069642439726958605e+00 -1.033100573889417895e+00 nan
1.218627458003121777e+00 -9.034639164253981392e-01 3.775221781031038448e-01
1.388363836590320144e+00 -1.242211989183558352e+00 nan
1.581741926207981042e+00 -1.115466804979253101e+00 nan
1.802054659727066133e+00 -1.130534285126070682e+00 nan
2.053053625776520175e+00 5.677586048128326901e-01 7.090233866764180659e-01
2.339012952555230562e+00 1.743652998567762458e+00 7.690091178093975133e-01
2.664802089693036891e+00 5.296706289151783764e+00 9.721035407317517585e-01
3.035968727524477995e+00 7.775805269514584950e+00 9.535962779975643011e-01
3.458833265763586962e+00 8.138970842381766602e+00 8.069434128633837799e-01
3.940596440236666886e+00 8.603648405024928891e+00 6.874669176953723815e-01
4.489461940391565875e+00 6.900874296569343258e+00 5.155782099155322706e-01
5.114776105571953835e+00 6.142764550681679481e+00 4.081468538546359492e-01
5.827187078870319503e+00 4.945463996989561295e+00 3.098718509110188202e-01
6.638826128706195817e+00 4.075587141710670380e+00 2.389974949682678318e-01
7.563514225758552811e+00 3.114600673338082437e+00 1.796933630669878823e-01
8.616997392941321721e+00 2.675428518749515927e+00 1.435270451241242584e-01
9.817214836071872952e+00 1.907092681730713668e+00 1.068551982448283783e-01
1.118460442108735009e+01 1.555932970251664216e+00 8.539266656542483791e-02
1.274245069961824761e+01 1.142747776001590942e+00 6.651221217422831344e-02
1.451728140926205768e+01 9.720353895990794246e-01 5.565212666935440838e-02
1.653931920034971981e+01 7.736175989174822742e-01 4.629492993013108182e-02
1.884299628142029093e+01 5.663019984686736841e-01 3.833720684331963502e-02
2.146754074702852577e+01 4.504570090571953234e-01 3.330323178537340778e-02
2.445764457215044274e+01 3.272364567726768758e-01 2.896573867773610464e-02
2.786422464810916466e+01 2.518352296487376130e-01 2.612184057302207804e-02
3.174528981929791982e+01 1.811201798780537331e-01 2.380191069732782647e-02
3.616692868500850011e+01 1.331837610766675173e-01 2.221235156040495332e-02
4.120443498711833286e+01 8.661210665613316984e-02 2.086759316648086754e-02
4.694358974726586098e+01 5.862390990051769002e-02 2.001710519495216931e-02
