1.069642439726958605e+00 -2.955114554789639580e-01 8.063407269790216603e+00
1.218627458003121777e+00 -4.962949029197549766e-01 5.181357513529970760e+00
1.388363836590320144e+00 -8.474732275843732676e-01 2.419718976580885528e+00
1.581741926207981042e+00 -1.399015290011633716e+00 nan
1.802054659727066133e+00 -7.250945861681985516e-01 2.174837102288734947e+00
2.053053625776520175e+00 -1.479839705782252768e+00 nan
2.339012952555230562e+00 -1.128720914651071716e+00 nan
2.664802089693036891e+00 -8.855429502955061150e-01 7.819863025861056860e-01
3.035968727524477995e+00 7.572758502540533065e-02 1.978182798536982867e+00
3.458833265763586962e+00 3.945032010189422955e+00 3.496688996006529493e+00
3.940596440236666886e+00 6.804494162441357297e+00 3.617812600354271879e+00
4.489461940391565875e+00 1.135395395665057272e+01 3.760280774458053088e+00
5.114776105571953835e+00 9.317985481638075385e+00 2.831307978411903292e+00
5.827187078870319503e+00 1.061564147293957561e+01 2.492754015821208924e+00
6.638826128706195817e+00 8.876585375885738927e+00 1.899049872992530474e+00
7.563514225758552811e+00 5.327850374953642998e+00 1.249219976017614142e+00
8.616997392941321721e+00 5.120905832832795213e+00 1.021573174225892444e+00
9.817214836071872952e+00 4.447550131085536762e+00 8.011358762847290427e-01
1.118460442108735009e+01 3.108929860348088603e+00 5.753335427053437590e-01
1.274245069961824761e+01 2.258226672933628443e+00 4.246796177291032870e-01
1.451728140926205768e+01 1.950853857284120529e+00 3.390241055176679286e-01
1.653931920034971981e+01 1.719985980998142816e+00 2.749531246726699130e-01
1.884299628142029093e+01 1.284727334690753064e+00 2.119473758788965045e-01
2.146754074702852577e+01 8.052326209205300511e-01 1.579690697683220069e-01
2.445764457215044274e+01 6.823375084646436939e-01 1.314517805096417358e-01
2.786422464810916466e+01 4.646241325487852070e-01 1.054849609766064789e-01
3.174528981929791982e+01 3.724392852085582906e-01 8.997729460703500493e-02
3.616692868500850011e+01 2.995379813240841571e-01 7.840439089870700207e-02
4.120443498711833286e+01 1.786963284968183796e-01 6.689411860487499972e-02
4.694358974726586098e+01 1.362939215416623107e-01 6.071322839806357619e-02
