1.069642439726958605e+00 -1.025874406797280258e+00 nan
1.218627458003121777e+00 -1.014554207481971115e+00 nan
1.388363836590320144e+00 -5.580313014947499983e-01 2.766356840073261880e-01
1.581741926207981042e+00 3.027990581946895521e-01 3.869821259334792485e-01
1.802054659727066133e+00 2.581919307246482553e+00 5.287772069486372795e-01
2.053053625776520175e+00 4.804843950337039260e+00 5.540966300655552068e-01
2.339012952555230562e+00 6.343610756910767812e+00 5.136141444485982088e-01
2.664802089693036891e+00 7.712269475219722281e+00 4.690871413294863124e-01
3.035968727524477995e+00 7.773902030059282708e+00 3.926127440179508765e-01
3.458833265763586962e+00 6.740152261273733458e+00 3.065543839792856384e-01
3.940596440236666886e+00 6.199812517846956972e+00 2.467451389112710614e-01
4.489461940391565875e+00 5.024262622575779602e+00 1.878358814420328649e-01
5.114776105571953835e+00 4.142213137695001102e+00 1.451859630368914078e-01
5.827187078870319503e+00 3.323555165864113370e+00 1.117193470048827297e-01
6.638826128706195817e+00 2.644154431932498994e+00 8.634250006847705994e-02
7.563514225758552811e+00 2.094071998250080835e+00 6.743000406293794824e-02
8.616997392941321721e+00 1.658761616003256112e+00 5.333383546017343713e-02
9.817214836071872952e+00 1.320655961955905955e+00 4.290065497681660317e-02
1.118460442108735009e+01 1.057933233028162556e+00 3.519539140750509859e-02
1.274245069961824761e+01 8.463134546740147535e-01 2.938179382878675083e-02
1.451728140926205768e+01 6.412038625367944000e-01 2.460591879105919477e-02
1.653931920034971981e+01 5.032951516544470483e-01 2.131442172291064113e-02
1.884299628142029093e+01 3.805215809046731401e-01 1.868908390908588860e-02
2.146754074702852577e+01 2.931984416849604536e-01 1.684027766835050413e-02
2.445764457215044274e+01 2.143722594684729366e-01 1.534208347869995756e-02
2.786422464810916466e+01 1.579658281040463574e-01 1.428298474017833906e-02
3.174528981929791982e+01 1.134089800856761254e-01 1.348725960691541173e-02
3.616692868500850011e+01 8.002105706496775994e-02 1.290886654912955581e-02
4.120443498711833286e+01 6.020717589330182307e-02 1.254813307966366059e-02
4.694358974726586098e+01 4.268722608019470677e-02 1.225590468956270530e-02
