1.069642439726958605e+00 -8.600043970547917027e-01 3.612493778959187107e+00
1.218627458003121777e+00 -9.334476574915531177e-01 1.892798745606992128e+00
1.388363836590320144e+00 -6.246393200397988288e-01 3.814957515209237204e+00
1.581741926207981042e+00 -7.441540003340569864e-01 2.564713592151866894e+00
1.802054659727066133e+00 -8.724378912597250402e-01 1.488891811927772979e+00
2.053053625776520175e+00 -8.167919116902220278e-01 1.462435483515813983e+00
2.339012952555230562e+00 -7.802203640173255295e-01 1.311543425613637570e+00
2.664802089693036891e+00 -1.078030052672946049e+00 nan
3.035968727524477995e+00 1.433125892330583184e+00 2.991083836207646396e+00
3.458833265763586962e+00 7.375080265578017880e-01 2.080380379510443856e+00
3.940596440236666886e+00 5.727055199608923175e+00 3.373417057506642447e+00
4.489461940391565875e+00 6.141721947277764215e+00 2.860190150469609005e+00
5.114776105571953835e+00 1.202833991781862544e+01 3.208298120200856918e+00
5.827187078870319503e+00 1.181077961089380857e+01 2.636516009813952621e+00
6.638826128706195817e+00 6.678097039528184453e+00 1.672482208439391327e+00
7.563514225758552811e+00 7.537723883189133112e+00 1.471044117019042918e+00
8.616997392941321721e+00 5.214121864142446938e+00 1.034857256871874798e+00
9.817214836071872952e+00 4.335963019027334830e+00 7.959290124860715077e-01
1.118460442108735009e+01 2.937650614457649745e+00 5.646977996089143081e-01
1.274245069961824761e+01 2.352020225234870310e+00 4.335081053364847614e-01
1.451728140926205768e+01 1.812555854212345885e+00 3.313431600224177043e-01
1.653931920034971981e+01 1.241813909557275331e+00 2.464246827145405994e-01
1.884299628142029093e+01 1.251272869387138886e+00 2.109645501903026632e-01
2.146754074702852577e+01 8.921189426051912008e-01 1.634419807278359171e-01
2.445764457215044274e+01 6.664605889637837954e-01 1.311765352198594470e-01
2.786422464810916466e+01 6.414898804314761449e-01 1.146901257323094669e-01
3.174528981929791982e+01 2.694250644988021026e-01 8.534561268769659537e-02
3.616692868500850011e+01 2.047659634015228658e-01 7.424033391220712097e-02
4.120443498711833286e+01 1.977952494396211236e-01 6.800508105963355698e-02
4.694358974726586098e+01 1.246980636878842752e-01 6.038344444039483311e-02
