1.069642439726958605e+00 -1.155178733310203487e+00 nan
1.218627458003121777e+00 -8.996501801612564186e-01 2.362220284918448709e-01
1.388363836590320144e+00 -1.123077755614571238e+00 nan
1.581741926207981042e+00 -5.542480458460921078e-01 3.441105454610931536e-01
1.802054659727066133e+00 5.257980530572714528e-01 5.237876110105127436e-01
2.053053625776520175e+00 2.865210874998664003e+00 6.849037248492166885e-01
2.339012952555230562e+00 5.311929830798242769e+00 7.199736724548759792e-01
2.664802089693036891e+00 6.439832253440069820e+00 6.526479914159857287e-01
3.035968727524477995e+00 8.066367234306561329e+00 6.005253746230342360e-01
3.458833265763586962e+00 7.654829699635533835e+00 4.874715497370822326e-01
3.940596440236666886e+00 7.308288752923203013e+00 3.975925466014529341e-01
4.489461940391565875e+00 5.882126069644507460e+00 3.000988670652194878e-01
5.114776105571953835e+00 4.890944667935359647e+00 2.314188987696045585e-01
5.827187078870319503e+00 4.037629525336374314e+00 1.790755991267418412e-01
6.638826128706195817e+00 3.177250530600392864e+00 1.364175846721947249e-01
7.563514225758552811e+00 2.485463817922609842e+00 1.048037878247114335e-01
8.616997392941321721e+00 2.061561573415459758e+00 8.345974618945821433e-02
9.817214836071872952e+00 1.584061661546783961e+00 6.514380574782634159e-02
1.118460442108735009e+01 1.294844263893787151e+00 5.296589173588557575e-02
1.274245069961824761e+01 9.632233415926125808e-01 4.225928447945731525e-02
1.451728140926205768e+01 7.522922480694624880e-01 3.507163398672241000e-02
1.653931920034971981e+01 5.909742148038550358e-01 2.978182554904099805e-02
1.884299628142029093e+01 4.365131845733034588e-01 2.543176943998732772e-02
2.146754074702852577e+01 3.385239487889499799e-01 2.253348340704684066e-02
2.445764457215044274e+01 2.421111517990217621e-01 2.009807765796193732e-02
2.786422464810916466e+01 1.744549872940599489e-01 1.839293135831355022e-02
3.174528981929791982e+01 1.293512032718560079e-01 1.723620539140842747e-02
3.616692868500850011e+01 8.757652555329809019e-02 1.628594561898933160e-02
4.120443498711833286e+01 6.274349808085477598e-02 1.568810802179417332e-02
4.694358974726586098e+01 3.516109611956874659e-02 1.512809488301655909e-02
