1.069642439726958605e+00 -1.931932552290152927e+00 nan
1.218627458003121777e+00 -1.010636382925023558e+00 nan
1.388363836590320144e+00 -8.292325835733378447e-01 2.535041293605048374e+00
1.581741926207981042e+00 -7.183231857824583511e-01 2.651215936471427170e+00
1.802054659727066133e+00 -7.763847112017465690e-01 1.942115335751820382e+00
2.053053625776520175e+00 -1.340619283046026400e+00 nan
2.339012952555230562e+00 -9.538564642067293153e-01 5.920443649703148736e-01
2.664802089693036891e+00 -8.351038231180478721e-01 9.293467965290705957e-01
3.035968727524477995e+00 1.379715222393436136e-01 2.014559715045483923e+00
3.458833265763586962e+00 3.916694887847843809e+00 3.452257061266778226e+00
3.940596440236666886e+00 5.592078232321858522e+00 3.289871797433856049e+00
4.489461940391565875e+00 8.842077290614005491e+00 3.316163051611929813e+00
5.114776105571953835e+00 8.989750445975891679e+00 2.757591497720978335e+00
5.827187078870319503e+00 9.378415263239993749e+00 2.328059240761656934e+00
6.638826128706195817e+00 8.273081518588160321e+00 1.819401268712276698e+00
7.563514225758552811e+00 6.620913712269286044e+00 1.364883827538382999e+00
8.616997392941321721e+00 6.079233468506149762e+00 1.094316741073689370e+00
9.817214836071872952e+00 4.577527858071548827e+00 8.038925801172905894e-01
1.118460442108735009e+01 3.075049895833886104e+00 5.673467403302417944e-01
1.274245069961824761e+01 2.782718992882321718e+00 4.576336192492591604e-01
1.451728140926205768e+01 2.008843285738359352e+00 3.397215744681391647e-01
1.653931920034971981e+01 1.531728275532074690e+00 2.611075566899113132e-01
1.884299628142029093e+01 1.498598844435315769e+00 2.220989187475060078e-01
2.146754074702852577e+01 8.667103996532352639e-01 1.599665842737522103e-01
2.445764457215044274e+01 6.913980801767762863e-01 1.308319397936978656e-01
2.786422464810916466e+01 6.011386436749961426e-01 1.113665970857843357e-01
3.174528981929791982e+01 3.194756840966945788e-01 8.676317608807571080e-02
3.616692868500850011e+01 2.621113381661173136e-01 7.610253278749437578e-02
4.120443498711833286e+01 2.055172984127715541e-01 6.766289213327517094e-02
4.694358974726586098e+01 1.190112046109010890e-01 5.954245632110452546e-02
