1.069642439726958605e+00 -1.605384205537228492e+00 nan
1.218627458003121777e+00 -9.523826122063621114e-01 2.669657915110346114e-01
1.388363836590320144e+00 -9.867211040834293900e-01 1.196440968283042083e-01
1.581741926207981042e+00 -9.674887892376680121e-01 1.524450735084953990e-01
1.802054659727066133e+00 -5.298835495257401274e-01 4.766731908886109315e-01
2.053053625776520175e+00 4.993286522145556905e-01 6.981187486436635226e-01
2.339012952555230562e+00 2.206742949230326989e+00 8.373828552730666619e-01
2.664802089693036891e+00 4.629422560020628907e+00 9.247537415647623105e-01
3.035968727524477995e+00 7.093270844409623521e+00 9.209728427163255127e-01
3.458833265763586962e+00 9.077267203290887210e+00 8.549116488679717740e-01
3.940596440236666886e+00 8.675920458538497471e+00 6.948106176383014310e-01
4.489461940391565875e+00 7.348795546477795426e+00 5.346656952974516708e-01
5.114776105571953835e+00 6.184003423817468814e+00 4.121163996230574056e-01
5.827187078870319503e+00 4.775202398731119402e+00 3.068402978619767518e-01
6.638826128706195817e+00 4.095311523359534078e+00 2.410551965095469040e-01
7.563514225758552811e+00 3.055687620528910742e+00 1.793002563817443773e-01
8.616997392941321721e+00 2.490479038070219975e+00 1.399580256433363978e-01
9.817214836071872952e+00 1.909911144970730223e+00 1.075648267056128621e-01
1.118460442108735009e+01 1.521888538348680431e+00 8.515045533597739857e-02
1.274245069961824761e+01 1.184078585501767922e+00 6.775597931578203337e-02
1.451728140926205768e+01 9.559659228093733141e-01 5.563236380661513991e-02
1.653931920034971981e+01 7.246293253584850103e-01 4.557987894255020878e-02
1.884299628142029093e+01 5.702141027802061224e-01 3.860250303954026324e-02
2.146754074702852577e+01 4.293572247192187774e-01 3.306378732170381363e-02
2.445764457215044274e+01 3.213504518773346863e-01 2.898609537253182475e-02
2.786422464810916466e+01 2.429661774040376976e-01 2.606929272842461315e-02
3.174528981929791982e+01 1.753345724662747074e-01 2.379232168767215008e-02
3.616692868500850011e+01 1.274463239201653053e-01 2.219387874261966390e-02
4.120443498711833286e+01 8.514737779525294314e-02 2.091963157134969081e-02
4.694358974726586098e+01 5.471239952067730172e-02 2.001922562879567338e-02
