1.069642439726958605e+00 -1.108126585417234633e+00 nan
1.218627458003121777e+00 -9.193655624015433236e-01 2.127237892702590893e-01
1.388363836590320144e+00 -9.586296822111646243e-01 1.293115290536369366e-01
1.581741926207981042e+00 -2.027149223784248111e-01 4.623931350141051166e-01
1.802054659727066133e+00 6.866294210688910216e-01 5.532857365780974312e-01
2.053053625776520175e+00 2.235476914206944166e+00 6.291762073188529314e-01
2.339012952555230562e+00 5.236069301997212655e+00 7.188363234587082928e-01
2.664802089693036891e+00 6.893167737611965329e+00 6.758346700137217722e-01
3.035968727524477995e+00 8.183694917475408559e+00 6.072987225373140951e-01
3.458833265763586962e+00 8.155001922736683895e+00 5.045236468924424456e-01
3.940596440236666886e+00 6.927284994195662904e+00 3.892848142448915305e-01
4.489461940391565875e+00 5.928830000869849570e+00 3.025372046130599957e-01
5.114776105571953835e+00 5.295399656452890014e+00 2.413422305592938522e-01
5.827187078870319503e+00 4.018150747185077698e+00 1.794299835221478678e-01
6.638826128706195817e+00 3.212941676219997600e+00 1.376815311964237898e-01
7.563514225758552811e+00 2.569442709802626901e+00 1.067798496164742150e-01
8.616997392941321721e+00 2.052478396403541794e+00 8.363306448892929290e-02
9.817214836071872952e+00 1.611996198665655022e+00 6.586167545150226066e-02
1.118460442108735009e+01 1.285670181124060951e+00 5.301630561358280230e-02
1.274245069961824761e+01 9.980225286942800977e-01 4.295128179868834550e-02
1.451728140926205768e+01 7.689185873401662707e-01 3.544362088181068210e-02
1.653931920034971981e+01 6.047014466023101775e-01 3.008272348085188480e-02
1.884299628142029093e+01 4.623350110992614503e-01 2.588873879969741040e-02
2.146754074702852577e+01 3.527633099823335172e-01 2.280640652181861738e-02
2.445764457215044274e+01 2.614891251959352569e-01 2.043397840468012122e-02
2.786422464810916466e+01 1.871971218072550069e-01 1.862549077745360299e-02
3.174528981929791982e+01 1.413486078751489128e-01 1.745285066306773852e-02
3.616692868500850011e+01 1.034980140266021920e-01 1.655487017415110604e-02
4.120443498711833286e+01 7.083887503927277507e-02 1.584242245099069801e-02
4.694358974726586098e+01 5.208657156837936952e-02 1.540669851171893624e-02
