1.069642439726958605e+00 -1.383371785103251650e+00 nan
1.218627458003121777e+00 -7.998789844860862974e-01 3.235222614618149084e+00
1.388363836590320144e+00 -7.538803879831315058e-01 3.044885517413186804e+00
1.581741926207981042e+00 -3.652247283503458064e-01 3.981989219201949481e+00
1.802054659727066133e+00 -1.289933837251437065e+00 nan
2.053053625776520175e+00 -4.693492296263162000e-01 2.453330092643437599e+00
2.339012952555230562e+00 -9.702137856488994849e-01 4.759047226397146724e-01
2.664802089693036891e+00 -1.069491261866872822e+00 nan
3.035968727524477995e+00 1.414020421854238263e+00 2.936652834404120949e+00
3.458833265763586962e+00 2.933952194045734707e+00 3.088312561816880297e+00
3.940596440236666886e+00 3.897803900921971820e+00 2.834258094446523657e+00
4.489461940391565875e+00 7.754069668781893299e+00 3.126024352527978500e+00
5.114776105571953835e+00 1.109301615938740504e+01 3.043775398101999041e+00
5.827187078870319503e+00 1.155992492608921651e+01 2.572854968770407424e+00
6.638826128706195817e+00 8.494892751175081358e+00 1.843047818603125165e+00
7.563514225758552811e+00 7.412873003473263722e+00 1.439316598789543100e+00
8.616997392941321721e+00 6.154840739011681272e+00 1.101151301854574438e+00
9.817214836071872952e+00 3.882479372312159782e+00 7.480234662397978740e-01
1.118460442108735009e+01 3.630559099378943166e+00 6.092504928801208974e-01
1.274245069961824761e+01 2.691008019251426742e+00 4.515202439617779784e-01
1.451728140926205768e+01 2.290249942465476085e+00 3.579790451963578146e-01
1.653931920034971981e+01 1.479246713739989172e+00 2.580051597127277496e-01
1.884299628142029093e+01 1.205720212516177225e+00 2.056872028387742579e-01
2.146754074702852577e+01 7.971858972253547115e-01 1.562384950919720183e-01
2.445764457215044274e+01 6.890987407909465734e-01 1.307675683278733680e-01
2.786422464810916466e+01 4.435139453166794254e-01 1.036379216119092117e-01
3.174528981929791982e+01 2.889202940072248538e-01 8.533067390856345635e-02
3.616692868500850011e+01 2.743958457684017027e-01 7.670140095538512115e-02
4.120443498711833286e+01 1.840118122466638528e-01 6.670336920928350566e-02
4.694358974726586098e+01 1.200871137433918712e-01 5.961020975220583662e-02
