1.069642439726958605e+00 -6.314930315237399228e-01 5.712177522881788150e+00
1.218627458003121777e+00 -6.749761969941476814e-01 4.076714798803851458e+00
1.388363836590320144e+00 -7.341802826973045093e-01 3.128856050019864554e+00
1.581741926207981042e+00 -1.249816864724076382e+00 nan
1.802054659727066133e+00 -1.095241529377799505e+00 nan
2.053053625776520175e+00 -8.841584408123839278e-01 1.133344689667195926e+00
2.339012952555230562e+00 -8.567673331838991935e-01 1.031890849686405653e+00
2.664802089693036891e+00 -9.518039928471979660e-01 4.970234378556617760e-01
3.035968727524477995e+00 1.703089870118679183e-01 2.021056578718194885e+00
3.458833265763586962e+00 6.182207260929143189e+00 4.131597085596929730e+00
3.940596440236666886e+00 6.350145627787931346e+00 3.438292553919304773e+00
4.489461940391565875e+00 1.076426329636743695e+01 3.593093138676851428e+00
5.114776105571953835e+00 1.077664958921706884e+01 2.969256923313777108e+00
5.827187078870319503e+00 1.055468681917162854e+01 2.436027504465928750e+00
6.638826128706195817e+00 7.375343059241149746e+00 1.706690797668597437e+00
7.563514225758552811e+00 6.183588200772135224e+00 1.309001219331020094e+00
8.616997392941321721e+00 4.853940168454030868e+00 9.777268544337660572e-01
9.817214836071872952e+00 3.966714543986718411e+00 7.468775766955630946e-01
1.118460442108735009e+01 3.635884718576755770e+00 6.031836055514007144e-01
1.274245069961824761e+01 2.491464736159553439e+00 4.329693291761754770e-01
1.451728140926205768e+01 1.664787375322124063e+00 3.136978129284634931e-01
1.653931920034971981e+01 1.612095149856732856e+00 2.634136859862557523e-01
1.884299628142029093e+01 9.279896182601752308e-01 1.876202205332252460e-01
2.146754074702852577e+01 6.547516194546536550e-01 1.468964684646015817e-01
2.445764457215044274e+01 5.748998519814814134e-01 1.236724725529615987e-01
2.786422464810916466e+01 4.897783327039293422e-01 1.049726128216799809e-01
3.174528981929791982e+01 2.591674902879499420e-01 8.316710195813835360e-02
3.616692868500850011e+01 2.055760197854978877e-01 7.288838952479508027e-02
4.120443498711833286e+01 1.083076238153533044e-01 6.274318645278205431e-02
4.694358974726586098e+01 9.075364979277589228e-02 5.785606907692371348e-02
