1.069642439726958605e+00 -2.133915476125808119e+00 nan
1.218627458003121777e+00 9.509450239196926002e-02 2.156447253396247632e+01
1.388363836590320144e+00 -8.624984466611684830e-02 1.671730043428931722e+01
1.581741926207981042e+00 -2.025152439024390461e+00 nan
1.802054659727066133e+00 -1.629053859045960007e+00 nan
2.053053625776520175e+00 -1.158472812241718941e+00 nan
2.339012952555230562e+00 -5.348255331375304511e-01 5.358972539352791387e+00
2.664802089693036891e+00 -6.024793524864275884e-01 4.113565800137038764e+00
3.035968727524477995e+00 -9.135361252936973209e-01 1.582583947041585004e+00
3.458833265763586962e+00 -7.422023405299276178e-01 2.249151630936990554e+00
3.940596440236666886e+00 -1.012291937738647007e+00 nan
4.489461940391565875e+00 1.094490549464679496e+01 1.036267373271682501e+01
5.114776105571953835e+00 1.313472298508870040e+01 9.289899902437264601e+00
5.827187078870319503e+00 1.536694942904312455e+01 8.261110872724644949e+00
6.638826128706195817e+00 1.459648279123735826e+01 6.655505774340467973e+00
7.563514225758552811e+00 7.671437027986991453e+00 4.073054701737054195e+00
8.616997392941321721e+00 8.284036320939055287e+00 3.491988206266449346e+00
9.817214836071872952e+00 6.089759767914840083e+00 2.514836603758292544e+00
1.118460442108735009e+01 5.467692659772234620e+00 1.991081307988273652e+00
1.274245069961824761e+01 4.307385022835108046e+00 1.491453774686817724e+00
1.451728140926205768e+01 2.580688927178589331e+00 1.007712687541837848e+00
1.653931920034971981e+01 2.443272290744662456e+00 8.248714719624785641e-01
1.884299628142029093e+01 1.513662246358165930e+00 5.814473613018674714e-01
2.146754074702852577e+01 1.072915868676429962e+00 4.393478524492351878e-01
2.445764457215044274e+01 8.461094897336733922e-01 3.477184236022499153e-01
2.786422464810916466e+01 7.323788186391557709e-01 2.853703752616189582e-01
3.174528981929791982e+01 3.037535024691280228e-01 2.059381468722783493e-01
3.616692868500850011e+01 3.340697417314451023e-01 1.809659499584473918e-01
4.120443498711833286e+01 2.461507586279365611e-01 1.519674278787133126e-01
4.694358974726586098e+01 1.581783623798209693e-01 1.287352359150596703e-01
