1.069642439726958605e+00 -1.815363715036395931e+00 nan
1.218627458003121777e+00 -1.108244943289047768e+00 nan
1.388363836590320144e+00 -1.239061690148913986e+00 nan
1.581741926207981042e+00 -8.022438690675011141e-01 3.750414250996880194e-01
1.802054659727066133e+00 -5.943501219523725787e-01 4.416566384988923621e-01
2.053053625776520175e+00 5.263617519441268211e-01 7.026145349351847758e-01
2.339012952555230562e+00 2.132213983701682025e+00 8.254603382887063523e-01
2.664802089693036891e+00 5.565320358689245239e+00 9.971887287528016230e-01
3.035968727524477995e+00 7.338251368969805455e+00 9.328398775916657559e-01
3.458833265763586962e+00 8.429249270986545639e+00 8.236895593937465510e-01
3.940596440236666886e+00 7.695141423631393529e+00 6.548775330087057700e-01
4.489461940391565875e+00 7.284430590123093907e+00 5.311417121213490855e-01
5.114776105571953835e+00 6.172004659402503535e+00 4.107489822744634367e-01
5.827187078870319503e+00 4.947279201231412848e+00 3.111860743667496099e-01
6.638826128706195817e+00 3.841609587208053789e+00 2.335525727317438183e-01
7.563514225758552811e+00 3.059685718215987560e+00 1.789889676924262540e-01
8.616997392941321721e+00 2.657575620018306939e+00 1.436552806507742919e-01
9.817214836071872952e+00 1.947740669755235743e+00 1.081934563860661724e-01
1.118460442108735009e+01 1.508669906849211095e+00 8.467850089852080320e-02
1.274245069961824761e+01 1.108870067412960125e+00 6.604094022483510129e-02
1.451728140926205768e+01 9.428729296101070467e-01 5.525793953484528509e-02
1.653931920034971981e+01 7.399058230126069891e-01 4.579010597392207949e-02
1.884299628142029093e+01 5.347637026385372305e-01 3.785560928485771220e-02
2.146754074702852577e+01 4.178626766039481577e-01 3.279056300811075686e-02
2.445764457215044274e+01 2.912560520891642746e-01 2.837946968581096449e-02
2.786422464810916466e+01 2.203554409932420022e-01 2.561161805937684291e-02
3.174528981929791982e+01 1.605095201162070051e-01 2.348458251154588242e-02
3.616692868500850011e+01 1.095077741688903483e-01 2.183350961644184990e-02
4.120443498711833286e+01 8.007376947762279151e-02 2.079774227996590216e-02
4.694358974726586098e+01 5.514312278817623536e-02 1.999994679832936204e-02
