1.069642439726958605e+00 -1.399564952222625003e+00 nan
1.218627458003121777e+00 -8.656014765076138762e-01 1.797889999517521264e-01
1.388363836590320144e+00 -6.488417426286441358e-01 2.466600988628709357e-01
1.581741926207981042e+00 9.111292999113316249e-01 4.690306266777510280e-01
1.802054659727066133e+00 2.206328996475194426e+00 5.002979978867423405e-01
2.053053625776520175e+00 4.457386653298405221e+00 5.372058168863941274e-01
2.339012952555230562e+00 6.175950072945834535e+00 5.077317833046413043e-01
2.664802089693036891e+00 7.980381164953753270e+00 4.767497659433482804e-01
3.035968727524477995e+00 8.042976859816690194e+00 3.991294740693761556e-01
3.458833265763586962e+00 7.199171962592605389e+00 3.164157181951625097e-01
3.940596440236666886e+00 6.070951810695770945e+00 2.443572184072808073e-01
4.489461940391565875e+00 4.918785923797560855e+00 1.860195617582579286e-01
5.114776105571953835e+00 4.067783141740866526e+00 1.440017318214886766e-01
5.827187078870319503e+00 3.342434106929098370e+00 1.120468834329870073e-01
6.638826128706195817e+00 2.649567497511681857e+00 8.644825188701188434e-02
7.563514225758552811e+00 2.094650436390504744e+00 6.745813390669963550e-02
8.616997392941321721e+00 1.683076673012391389e+00 5.367409854992245127e-02
9.817214836071872952e+00 1.333993105721328121e+00 4.308415699164838686e-02
1.118460442108735009e+01 1.046902789879516238e+00 3.506720414070883807e-02
1.274245069961824761e+01 8.200340631151887827e-01 2.906935678355651587e-02
1.451728140926205768e+01 6.528040408492108426e-01 2.475067098913575833e-02
1.653931920034971981e+01 5.070814876700087126e-01 2.136407298647362632e-02
1.884299628142029093e+01 3.928193074918491234e-01 1.883727489595458937e-02
2.146754074702852577e+01 2.994903847349208448e-01 1.691713856787491199e-02
2.445764457215044274e+01 2.205570156967731066e-01 1.541702776370076564e-02
2.786422464810916466e+01 1.654289517472991022e-01 1.437231153417192417e-02
3.174528981929791982e+01 1.198077266286297071e-01 1.356393872750501391e-02
3.616692868500850011e+01 8.967412391853701870e-02 1.302303078247622758e-02
4.120443498711833286e+01 5.984100072622577926e-02 1.254616023631757379e-02
4.694358974726586098e+01 4.004328751505692452e-02 1.222748338730318858e-02
