1.069642439726958605e+00 -6.154515945600151916e-01 1.733615829234609507e+01
1.218627458003121777e+00 3.780597933912568376e-01 2.493949103549437041e+01
1.388363836590320144e+00 -1.015760350043854121e+00 nan
1.581741926207981042e+00 -6.336436170212764729e-01 8.886417830774476556e+00
1.802054659727066133e+00 -5.057873488840498588e-01 8.485702169259591088e+00
2.053053625776520175e+00 -8.881102074846380923e-01 3.309190113978333514e+00
2.339012952555230562e+00 -8.083713935613234813e-01 3.545994503677442289e+00
2.664802089693036891e+00 -1.119640219390463098e+00 nan
3.035968727524477995e+00 -1.078817952384330425e+00 nan
3.458833265763586962e+00 6.126742371846285451e+00 1.220333999996680774e+01
3.940596440236666886e+00 -1.055179412107198011e+00 nan
4.489461940391565875e+00 2.181357014815651585e+00 5.498177045912806093e+00
5.114776105571953835e+00 1.196091385249732753e+01 9.164565952541048333e+00
5.827187078870319503e+00 1.052074048309910204e+01 7.120448014874657616e+00
6.638826128706195817e+00 1.256153953315763694e+01 6.382759786149081016e+00
7.563514225758552811e+00 1.024230512497880774e+01 4.796939505655077873e+00
8.616997392941321721e+00 6.132985288500265142e+00 3.139551414198519019e+00
9.817214836071872952e+00 6.900042331293812836e+00 2.741777686448193752e+00
1.118460442108735009e+01 4.138273507265403772e+00 1.817121070092749813e+00
1.274245069961824761e+01 2.638088358867147321e+00 1.257756176113248525e+00
1.451728140926205768e+01 2.432349406115777324e+00 1.014618414317688844e+00
1.653931920034971981e+01 1.956469640511220742e+00 7.815153552314276775e-01
1.884299628142029093e+01 1.872446844513530939e+00 6.444440049319640762e-01
2.146754074702852577e+01 1.362123391565217112e+00 4.866927544494211721e-01
2.445764457215044274e+01 4.783732252998735834e-01 3.150650160920297482e-01
2.786422464810916466e+01 6.088714410775895036e-01 2.805910806729495777e-01
3.174528981929791982e+01 4.986375619429885830e-01 2.305614059467796240e-01
3.616692868500850011e+01 2.911819152108412467e-01 1.818178573544200483e-01
4.120443498711833286e+01 2.159018064160505013e-01 1.531813132894708773e-01
4.694358974726586098e+01 1.252133762847744691e-01 1.290888326070405712e-01
