1.069642439726958605e+00 -1.157751322487107881e+00 nan
1.218627458003121777e+00 -1.064939272033413431e+00 nan
1.388363836590320144e+00 -9.744573935643958684e-01 1.649128733338845187e-01
1.581741926207981042e+00 -8.193198804185350959e-01 3.571724795135606256e-01
1.802054659727066133e+00 -1.036088604549767034e+00 nan
2.053053625776520175e+00 -2.118008133950555205e-02 5.604388257452568300e-01
2.339012952555230562e+00 1.714027430741079439e+00 7.653356286732134750e-01
2.664802089693036891e+00 4.899697541085345165e+00 9.411664930815929475e-01
3.035968727524477995e+00 7.972821802089188559e+00 9.651768035962149384e-01
3.458833265763586962e+00 7.893863510332099764e+00 7.961116940520619467e-01
3.940596440236666886e+00 7.663395136832733989e+00 6.512925015783366245e-01
4.489461940391565875e+00 7.209210284092885779e+00 5.266766327289087446e-01
5.114776105571953835e+00 5.913585910255914513e+00 4.011434227983894374e-01
5.827187078870319503e+00 4.704593938704249467e+00 3.029670021472632424e-01
6.638826128706195817e+00 4.042445766668317120e+00 2.382458847064878316e-01
7.563514225758552811e+00 3.180438323564069858e+00 1.814871995201061960e-01
8.616997392941321721e+00 2.512302494844623535e+00 1.397094306593709145e-01
9.817214836071872952e+00 2.021186814307561086e+00 1.095193480719691831e-01
1.118460442108735009e+01 1.517437090953817735e+00 8.460506123981226256e-02
1.274245069961824761e+01 1.273469727278348174e+00 6.926501684602376363e-02
1.451728140926205768e+01 9.927519253609780048e-01 5.609546237729910040e-02
1.653931920034971981e+01 7.372609487930621430e-01 4.561159502457722004e-02
1.884299628142029093e+01 5.731316072838543718e-01 3.848554348401965475e-02
2.146754074702852577e+01 4.485453502228500255e-01 3.328261125257690051e-02
2.445764457215044274e+01 3.355843227942927331e-01 2.913289533607117329e-02
2.786422464810916466e+01 2.536306498151961186e-01 2.616560279311593712e-02
3.174528981929791982e+01 1.883303756694640896e-01 2.394333502889365098e-02
3.616692868500850011e+01 1.353435643870577465e-01 2.226020168425548937e-02
4.120443498711833286e+01 9.656289399790085604e-02 2.105682458490970230e-02
4.694358974726586098e+01 6.493694412387829296e-02 2.013936664159517512e-02
