1.069642439726958605e+00 -1.205042801064108993e+00 nan
1.218627458003121777e+00 -1.118664974074869534e+00 nan
1.388363836590320144e+00 -6.756155648223050036e-01 3.624426004489375575e-01
1.581741926207981042e+00 -8.027340882727622695e-01 2.301528864196058788e-01
1.802054659727066133e+00 3.423136058517191049e-01 4.939322136201280689e-01
2.053053625776520175e+00 2.463923343481807304e+00 6.517101022938180943e-01
2.339012952555230562e+00 4.801492413711396345e+00 6.935755528394212943e-01
2.664802089693036891e+00 7.225792497025338434e+00 6.909374203169958983e-01
3.035968727524477995e+00 7.959183461125732606e+00 6.000062796000179555e-01
3.458833265763586962e+00 7.895132899674051075e+00 4.972622101634165959e-01
3.940596440236666886e+00 7.380933085016240014e+00 4.015795716355797795e-01
4.489461940391565875e+00 5.858158541085821014e+00 3.010783698398065145e-01
5.114776105571953835e+00 4.927485303400183980e+00 2.334222971683450887e-01
5.827187078870319503e+00 3.968785915537919262e+00 1.785504089252051285e-01
6.638826128706195817e+00 3.205062797847588740e+00 1.376384758479789194e-01
7.563514225758552811e+00 2.512258237856114462e+00 1.058100947039968681e-01
8.616997392941321721e+00 2.097678996693860043e+00 8.448450429061131473e-02
9.817214836071872952e+00 1.618043232782724550e+00 6.601154640389511608e-02
1.118460442108735009e+01 1.266781975459991161e+00 5.275168171692144053e-02
1.274245069961824761e+01 1.029315206135856142e+00 4.346612851678681444e-02
1.451728140926205768e+01 7.705947648669140282e-01 3.549242760412749109e-02
1.653931920034971981e+01 6.014436393640305578e-01 3.005330421271361005e-02
1.884299628142029093e+01 4.767538531043704619e-01 2.611525399129321565e-02
2.146754074702852577e+01 3.650525797150943053e-01 2.299761066668942408e-02
2.445764457215044274e+01 2.654938550962557819e-01 2.050280059569307284e-02
2.786422464810916466e+01 1.926388014604056842e-01 1.871336249677260297e-02
3.174528981929791982e+01 1.472832922417950385e-01 1.754668833937871736e-02
3.616692868500850011e+01 1.033555453669230406e-01 1.656084106576516043e-02
4.120443498711833286e+01 7.146492401741211253e-02 1.585887420298954381e-02
4.694358974726586098e+01 4.982624525211454269e-02 1.538148774523733463e-02
