1.069642439726958605e+00 -1.115465149886711416e+00 nan
1.218627458003121777e+00 -1.028835054290753170e+00 nan
1.388363836590320144e+00 -1.176162468461423138e+00 nan
1.581741926207981042e+00 -4.283445183812186752e-01 3.893579073227690368e-01
1.802054659727066133e+00 1.280507569994151051e+00 6.400559839090594894e-01
2.053053625776520175e+00 2.826972504832297339e+00 6.808749039670015657e-01
2.339012952555230562e+00 4.566807861001396240e+00 6.749149027304177650e-01
2.664802089693036891e+00 7.069733967017037379e+00 6.798736536852271195e-01
3.035968727524477995e+00 8.133377862521276924e+00 6.023147229362942889e-01
3.458833265763586962e+00 8.188198901937322916e+00 5.028234817297566606e-01
3.940596440236666886e+00 7.428416466560508802e+00 4.003700412821344923e-01
4.489461940391565875e+00 5.945832593535522292e+00 3.013775985539204338e-01
5.114776105571953835e+00 5.148555255331695335e+00 2.369076088204441488e-01
5.827187078870319503e+00 3.894580704868115362e+00 1.759644027404802802e-01
6.638826128706195817e+00 3.331144846529298764e+00 1.392826649947591366e-01
7.563514225758552811e+00 2.575252823817313796e+00 1.063680411613822235e-01
8.616997392941321721e+00 2.027613848948716324e+00 8.280513270877151721e-02
9.817214836071872952e+00 1.624404959009224214e+00 6.576484762884846069e-02
1.118460442108735009e+01 1.288388339260625237e+00 5.282442552300075506e-02
1.274245069961824761e+01 1.012170337938548048e+00 4.298664446645339421e-02
1.451728140926205768e+01 8.262976087422455596e-01 3.616294451623530692e-02
1.653931920034971981e+01 6.182983184927361986e-01 3.016687002074373847e-02
1.884299628142029093e+01 4.620140647066115491e-01 2.578848882656646288e-02
2.146754074702852577e+01 3.566698706932689422e-01 2.278287695182906053e-02
2.445764457215044274e+01 2.674488194301121169e-01 2.045131529679852095e-02
2.786422464810916466e+01 1.994167181428965208e-01 1.874088597747753174e-02
3.174528981929791982e+01 1.374117870412574494e-01 1.734273899981192413e-02
3.616692868500850011e+01 1.004475969410052461e-01 1.646179041857948749e-02
4.120443498711833286e+01 7.382094000273431433e-02 1.583872276752629898e-02
4.694358974726586098e+01 4.895666193902004082e-02 1.531785098953554990e-02
