1.069642439726958605e+00 -9.936637694462633341e-01 7.844786136215621541e-02
1.218627458003121777e+00 -8.421196809906053016e-01 2.975875843169026869e-01
1.388363836590320144e+00 -1.092821487968977046e+00 nan
1.581741926207981042e+00 -7.267663160176927040e-01 2.705663212858288036e-01
1.802054659727066133e+00 1.037620118859112539e+00 6.081016905793449334e-01
2.053053625776520175e+00 2.470319178369817958e+00 6.515719290179011747e-01
2.339012952555230562e+00 4.289950289820797735e+00 6.611225179167762311e-01
2.664802089693036891e+00 6.662655522315038326e+00 6.654535794117079073e-01
3.035968727524477995e+00 8.140417585180447446e+00 6.056479669833298995e-01
3.458833265763586962e+00 7.808345038052624254e+00 4.941254097156493885e-01
3.940596440236666886e+00 7.161816388781982567e+00 3.954002427626521765e-01
4.489461940391565875e+00 5.682196623322388618e+00 2.964639014329714661e-01
5.114776105571953835e+00 4.908685891488936193e+00 2.327543728869081729e-01
5.827187078870319503e+00 4.112001656757461987e+00 1.813283569046640620e-01
6.638826128706195817e+00 3.212173126198255346e+00 1.376347292653909149e-01
7.563514225758552811e+00 2.537766664694255603e+00 1.061729962120179505e-01
8.616997392941321721e+00 2.062031304414802868e+00 8.378105222533956120e-02
9.817214836071872952e+00 1.616363508293395590e+00 6.592030333460167923e-02
1.118460442108735009e+01 1.315397542835385014e+00 5.348073338163186752e-02
1.274245069961824761e+01 9.918860452520832371e-01 4.284755945917174264e-02
1.451728140926205768e+01 7.930462333905421435e-01 3.580155912418377800e-02
1.653931920034971981e+01 6.230839697389782827e-01 3.034979309970581990e-02
1.884299628142029093e+01 4.892540081897271964e-01 2.627797341885746221e-02
2.146754074702852577e+01 3.518985283131026431e-01 2.279013636566045581e-02
2.445764457215044274e+01 2.670737063932953070e-01 2.051128723215601274e-02
2.786422464810916466e+01 2.029435056069071042e-01 1.884889264435029091e-02
3.174528981929791982e+01 1.413648412585186698e-01 1.745057299871472650e-02
3.616692868500850011e+01 9.192976448001122236e-02 1.638689909885326923e-02
4.120443498711833286e+01 6.794230663222289301e-02 1.579880865208907470e-02
4.694358974726586098e+01 3.857392490729982804e-02 1.521129878623011557e-02
