1.069642439726958605e+00 -1.307851762655856120e+00 nan
1.218627458003121777e+00 -6.881700653562365932e-01 6.777956452764334339e-01
1.388363836590320144e+00 -1.099008459409315019e+00 nan
1.581741926207981042e+00 -1.155620492414822564e+00 nan
1.802054659727066133e+00 -5.572630347887472801e-01 4.589246882272207118e-01
2.053053625776520175e+00 -2.082918002707057070e-01 5.031076467084971693e-01
2.339012952555230562e+00 2.216480267062841847e+00 8.320478085611007213e-01
2.664802089693036891e+00 4.597399726596014702e+00 9.148448472561409028e-01
3.035968727524477995e+00 7.227615622056166700e+00 9.215401792272442938e-01
3.458833265763586962e+00 8.496963496296855212e+00 8.224144800391965937e-01
3.940596440236666886e+00 7.452080117603149034e+00 6.417521359415518933e-01
4.489461940391565875e+00 7.178904817510382230e+00 5.247470126958370118e-01
5.114776105571953835e+00 5.764126575719114243e+00 3.957036951326518559e-01
5.827187078870319503e+00 4.894136279335587147e+00 3.080564102156350681e-01
6.638826128706195817e+00 4.020732679537084131e+00 2.372731419186557278e-01
7.563514225758552811e+00 2.966469146833741632e+00 1.757019528331521807e-01
8.616997392941321721e+00 2.457418540187874978e+00 1.381700767411657982e-01
9.817214836071872952e+00 1.978896329918629515e+00 1.083922006636858920e-01
1.118460442108735009e+01 1.576853546392595895e+00 8.576703996250832629e-02
1.274245069961824761e+01 1.250863891648986925e+00 6.869858823771776701e-02
1.451728140926205768e+01 9.319374305040213358e-01 5.480256905664691175e-02
1.653931920034971981e+01 7.260999830207905958e-01 4.533436062227410440e-02
1.884299628142029093e+01 5.640330768385990456e-01 3.826420718776891300e-02
2.146754074702852577e+01 4.303621110555351237e-01 3.290279309595114249e-02
2.445764457215044274e+01 3.193610292210136148e-01 2.879963908876650644e-02
2.786422464810916466e+01 2.312081710483684382e-01 2.572529959222649709e-02
3.174528981929791982e+01 1.601447008601568633e-01 2.340281391095710636e-02
3.616692868500850011e+01 1.206464107776865635e-01 2.196983486751379402e-02
4.120443498711833286e+01 8.043726890623581482e-02 2.074262464592204272e-02
4.694358974726586098e+01 5.358440742944758917e-02 1.991371371226694637e-02
