1.069642439726958605e+00 -9.919655601331180961e-01 8.826192775746810604e-02
1.218627458003121777e+00 -9.281958220665689208e-01 2.005158742373777947e-01
1.388363836590320144e+00 -1.027913115687958623e+00 nan
1.581741926207981042e+00 -7.105494741521434232e-01 2.782443954722448876e-01
1.802054659727066133e+00 6.213846842756143296e-01 5.418585766051352559e-01
2.053053625776520175e+00 2.123395870795090623e+00 6.174417802345203432e-01
2.339012952555230562e+00 4.890968318690378958e+00 6.975977062434801645e-01
2.664802089693036891e+00 7.046169541383816792e+00 6.817929805670728260e-01
3.035968727524477995e+00 8.083846515251202902e+00 6.031814545488223267e-01
3.458833265763586962e+00 8.018774208433704587e+00 4.999689365668177898e-01
3.940596440236666886e+00 6.963518192593399547e+00 3.898353894593097335e-01
4.489461940391565875e+00 6.117133446823654452e+00 3.067462414162971940e-01
5.114776105571953835e+00 4.482659947843800730e+00 2.229597609778913581e-01
5.827187078870319503e+00 3.904709254644239014e+00 1.768883326054289939e-01
6.638826128706195817e+00 3.254013853009233515e+00 1.383416667254159793e-01
7.563514225758552811e+00 2.456866954509214995e+00 1.045998464926270050e-01
8.616997392941321721e+00 2.086067145241937482e+00 8.413754281562403625e-02
9.817214836071872952e+00 1.579932015713247040e+00 6.526592948496423574e-02
1.118460442108735009e+01 1.312342413604004498e+00 5.339511981092318754e-02
1.274245069961824761e+01 9.889053053456586806e-01 4.277291488690446869e-02
1.451728140926205768e+01 7.922243989945052522e-01 3.576647809286558066e-02
1.653931920034971981e+01 5.884593754609450666e-01 2.981828960694070732e-02
1.884299628142029093e+01 4.612376632408528021e-01 2.585338203786717928e-02
2.146754074702852577e+01 3.368072976015010767e-01 2.255899468379212944e-02
2.445764457215044274e+01 2.418469504381679513e-01 2.013713378811481450e-02
2.786422464810916466e+01 1.899722325703276926e-01 1.865328553845613593e-02
3.174528981929791982e+01 1.410343986107283065e-01 1.743747750551260037e-02
3.616692868500850011e+01 9.505174788486803195e-02 1.642396923774607290e-02
4.120443498711833286e+01 7.240699627127655802e-02 1.585551272721413482e-02
4.694358974726586098e+01 5.216256899513926903e-02 1.539886374076591263e-02
