1.069642439726958605e+00 -1.214825965271892461e+00 nan
1.218627458003121777e+00 -7.604821728366959466e-01 2.402104444043879350e-01
1.388363836590320144e+00 -6.532052668239871629e-01 2.453168227303411941e-01
1.581741926207981042e+00 -1.743899096575596275e-02 3.363917402374898558e-01
1.802054659727066133e+00 2.553010614099256781e+00 5.272243928228490528e-01
2.053053625776520175e+00 4.739092595451072754e+00 5.515270183714146013e-01
2.339012952555230562e+00 6.649127176109319137e+00 5.250769443275350445e-01
2.664802089693036891e+00 7.967917149407357513e+00 4.767720656758905329e-01
3.035968727524477995e+00 7.811257107948874179e+00 3.939370783438965740e-01
3.458833265763586962e+00 7.352244165396854214e+00 3.198657164874866843e-01
3.940596440236666886e+00 6.026067205354483036e+00 2.436760767652400295e-01
4.489461940391565875e+00 4.976382627344188236e+00 1.871840262539182509e-01
5.114776105571953835e+00 4.147866276689152087e+00 1.454308168276195745e-01
5.827187078870319503e+00 3.285326999532768522e+00 1.112397109210238738e-01
6.638826128706195817e+00 2.590747978494271297e+00 8.564351707310895179e-02
7.563514225758552811e+00 2.105215532132880707e+00 6.765175553504423900e-02
8.616997392941321721e+00 1.652970816361000406e+00 5.330701892833788341e-02
9.817214836071872952e+00 1.300184049989323576e+00 4.267623784621363270e-02
1.118460442108735009e+01 1.034287828897468842e+00 3.493116355982966298e-02
1.274245069961824761e+01 7.995511530536094646e-01 2.883665923325363575e-02
1.451728140926205768e+01 6.438674502050767412e-01 2.465748930504696804e-02
1.653931920034971981e+01 5.026356210737294994e-01 2.132282509272959148e-02
1.884299628142029093e+01 3.832111169616143620e-01 1.873412677280461569e-02
2.146754074702852577e+01 2.878757339293782636e-01 1.678982365252942519e-02
2.445764457215044274e+01 2.114682129578084879e-01 1.531847388487299691e-02
2.786422464810916466e+01 1.579599270394322907e-01 1.429202793147831170e-02
3.174528981929791982e+01 1.120254907832289870e-01 1.347957747916438652e-02
3.616692868500850011e+01 7.556227986404628894e-02 1.286502335437015102e-02
4.120443498711833286e+01 5.071131881820312159e-02 1.244561071769909044e-02
4.694358974726586098e+01 3.311502514867603608e-02 1.215224611718929495e-02
