1.069642439726958605e+00 -8.492963728481104368e-01 6.210497480733649933e-01
1.218627458003121777e+00 -1.011312970400741307e+00 nan
1.388363836590320144e+00 -9.357796014007879748e-01 2.614646539475124487e-01
1.581741926207981042e+00 -8.701217824522557986e-01 3.027873247821065150e-01
1.802054659727066133e+00 -1.430146530578235708e-01 6.396263406493746251e-01
2.053053625776520175e+00 1.500431402463768826e-01 6.074692649910808928e-01
2.339012952555230562e+00 2.739662183173185994e+00 8.989914623914037062e-01
2.664802089693036891e+00 5.673825897913500782e+00 1.001758119346500386e+00
3.035968727524477995e+00 6.917565732822142266e+00 9.050161641491716313e-01
3.458833265763586962e+00 8.388253669086601860e+00 8.187927389482175800e-01
3.940596440236666886e+00 7.981267926562217951e+00 6.637766869726757779e-01
4.489461940391565875e+00 6.780933505406546935e+00 5.116191813436496982e-01
5.114776105571953835e+00 5.769932181948318473e+00 3.965050821397988479e-01
5.827187078870319503e+00 4.823499269406590351e+00 3.064517806668901612e-01
6.638826128706195817e+00 4.038947376474114392e+00 2.381265248489056185e-01
7.563514225758552811e+00 3.200562984193170202e+00 1.819823072556973342e-01
8.616997392941321721e+00 2.608637822969834374e+00 1.420055374664992986e-01
9.817214836071872952e+00 2.083097536930745619e+00 1.109112703723167670e-01
1.118460442108735009e+01 1.583461032976044791e+00 8.602913500374405331e-02
1.274245069961824761e+01 1.202183549020930720e+00 6.778070708220552965e-02
1.451728140926205768e+01 9.869536784026380349e-01 5.597472182238417276e-02
1.653931920034971981e+01 7.469170293639948444e-01 4.579554547889723437e-02
1.884299628142029093e+01 5.670548119503542317e-01 3.836687105821610239e-02
2.146754074702852577e+01 3.904079897996923787e-01 3.219105606694515342e-02
2.445764457215044274e+01 3.082773034634396225e-01 2.862494367236449386e-02
2.786422464810916466e+01 2.188024224060214351e-01 2.552309454852719553e-02
3.174528981929791982e+01 1.551753211852697767e-01 2.333441171997731323e-02
3.616692868500850011e+01 1.173498667504102588e-01 2.192998699641097657e-02
4.120443498711833286e+01 7.221400912860276300e-02 2.061117798452538619e-02
4.694358974726586098e+01 5.271137755768551258e-02 1.991521336549055554e-02
