1.069642439726958605e+00 -2.209177615321912924e+00 nan
1.218627458003121777e+00 -1.471032367467590696e+00 nan
1.388363836590320144e+00 -1.002205765557488082e+00 nan
1.581741926207981042e+00 -1.802773775216138130e+00 nan
1.802054659727066133e+00 -5.953727761727647394e-01 7.626526032551024237e+00
2.053053625776520175e+00 -1.009372122827414398e+00 nan
2.339012952555230562e+00 -9.758324909093654131e-01 1.250805329223755313e+00
2.664802089693036891e+00 -1.105387115129432107e+00 nan
3.035968727524477995e+00 -1.233397663678293288e+00 nan
3.458833265763586962e+00 -1.183667376259367021e+00 nan
3.940596440236666886e+00 3.605027364251980337e+00 8.002899073394083018e+00
4.489461940391565875e+00 8.266714053864372858e+00 9.338094079292028837e+00
5.114776105571953835e+00 1.368443081104525838e+01 9.697190561225417227e+00
5.827187078870319503e+00 1.882742228166485887e+01 9.329810410714888036e+00
6.638826128706195817e+00 1.531274900335503375e+01 6.972422691474133849e+00
7.563514225758552811e+00 8.788236782208112885e+00 4.437127110955175091e+00
8.616997392941321721e+00 6.469512300877132915e+00 3.193742278533292733e+00
9.817214836071872952e+00 5.910003484386690431e+00 2.539645708135040092e+00
1.118460442108735009e+01 6.094549003760199923e+00 2.139940556096584956e+00
1.274245069961824761e+01 3.329138854622021526e+00 1.369327114928314604e+00
1.451728140926205768e+01 3.134213056389909102e+00 1.113826046241747525e+00
1.653931920034971981e+01 2.930719243020842413e+00 9.075621074081772210e-01
1.884299628142029093e+01 1.668543067006643676e+00 6.146669017505375088e-01
2.146754074702852577e+01 8.722948574720348347e-01 4.244044427679664055e-01
2.445764457215044274e+01 1.727891722607709291e+00 4.477856229089241524e-01
2.786422464810916466e+01 9.585554182973237136e-01 3.140510562264048344e-01
3.174528981929791982e+01 5.983371441187379514e-01 2.386342140527587252e-01
3.616692868500850011e+01 3.621264168921924931e-01 1.871676600321184603e-01
4.120443498711833286e+01 1.102841677984156554e-01 1.432323719199770362e-01
4.694358974726586098e+01 1.997357960593837412e-02 1.197024483514887300e-01
