1.069642439726958605e+00 -1.242718781921396065e+00 nan
1.218627458003121777e+00 -8.235278207576819387e-01 2.064601104339724436e-01
1.388363836590320144e+00 -5.281021132033418830e-01 2.865620651362041915e-01
1.581741926207981042e+00 2.538127990430620873e-01 3.805684354163912930e-01
1.802054659727066133e+00 2.570437212503960289e+00 5.292311046073240322e-01
2.053053625776520175e+00 4.809386477803768045e+00 5.556833181263294286e-01
2.339012952555230562e+00 6.512773862128207192e+00 5.209326363210986521e-01
2.664802089693036891e+00 7.934019866432664436e+00 4.764512550802869617e-01
3.035968727524477995e+00 7.873744070487236790e+00 3.959384709205591713e-01
3.458833265763586962e+00 6.933166897498104220e+00 3.114213203848212874e-01
3.940596440236666886e+00 6.115628664266064440e+00 2.457093088716187923e-01
4.489461940391565875e+00 4.941747154326907143e+00 1.868003583739579754e-01
5.114776105571953835e+00 4.057182766979048338e+00 1.441079857804238584e-01
5.827187078870319503e+00 3.313808690514417066e+00 1.118174964920884834e-01
6.638826128706195817e+00 2.583366053539339902e+00 8.563603642025373330e-02
7.563514225758552811e+00 2.089476072444366395e+00 6.750955013817122596e-02
8.616997392941321721e+00 1.743650872116000006e+00 5.457797983295172017e-02
9.817214836071872952e+00 1.312304109555265885e+00 4.287868343070650595e-02
1.118460442108735009e+01 1.058026510327540137e+00 3.526395672609036053e-02
1.274245069961824761e+01 8.404213291409456943e-01 2.936368303070762548e-02
1.451728140926205768e+01 6.420373933914056419e-01 2.465880716628966046e-02
1.653931920034971981e+01 5.173342340946318618e-01 2.151574878983571193e-02
1.884299628142029093e+01 4.004771266624422843e-01 1.895259135383473362e-02
2.146754074702852577e+01 3.060127464484614368e-01 1.701509340369147805e-02
2.445764457215044274e+01 2.266819705761291548e-01 1.550737687032970047e-02
2.786422464810916466e+01 1.615084897313270318e-01 1.434397127088291556e-02
3.174528981929791982e+01 1.202395228861756760e-01 1.358469268695217461e-02
3.616692868500850011e+01 8.525914892073549467e-02 1.298661858129703146e-02
4.120443498711833286e+01 6.183392548016852786e-02 1.258324668417151737e-02
4.694358974726586098e+01 4.083407638973834963e-02 1.225010732378986264e-02
