1.069642439726958605e+00 -1.458108564685622000e+00 nan
1.218627458003121777e+00 -1.005097335151999616e+00 nan
1.388363836590320144e+00 -1.134279232350879685e+00 nan
1.581741926207981042e+00 -1.050776723138899804e+00 nan
1.802054659727066133e+00 -6.772678786061596679e-01 3.912334236615251370e-01
2.053053625776520175e+00 1.627278253836961230e-02 5.692444655495619843e-01
2.339012952555230562e+00 1.861946887844090570e+00 7.834942333681441662e-01
2.664802089693036891e+00 3.801924816681553132e+00 8.453690942002919373e-01
3.035968727524477995e+00 7.376704969831775927e+00 9.287329185039600032e-01
3.458833265763586962e+00 8.488262929622282016e+00 8.208454401680775891e-01
3.940596440236666886e+00 8.340103360308194880e+00 6.757003729512175427e-01
4.489461940391565875e+00 6.922495322688350328e+00 5.150787183792144841e-01
5.114776105571953835e+00 6.247188343847680514e+00 4.104342646798113114e-01
5.827187078870319503e+00 4.927361232424185111e+00 3.086047520778817943e-01
6.638826128706195817e+00 3.799869509694524972e+00 2.309227378190651658e-01
7.563514225758552811e+00 3.168972965508813022e+00 1.806653725768381791e-01
8.616997392941321721e+00 2.577273756929515436e+00 1.408651885650503699e-01
9.817214836071872952e+00 1.839077638448769703e+00 1.050588072306732346e-01
1.118460442108735009e+01 1.585185287962103562e+00 8.584030513530384321e-02
1.274245069961824761e+01 1.279417587504241283e+00 6.920572337798408524e-02
1.451728140926205768e+01 9.522207722664706164e-01 5.514454414690086320e-02
1.653931920034971981e+01 7.198381968885949611e-01 4.516232206192583726e-02
1.884299628142029093e+01 5.853137317321044364e-01 3.862777145541863161e-02
2.146754074702852577e+01 4.299347937322846036e-01 3.286176058616163687e-02
2.445764457215044274e+01 3.346847718075609546e-01 2.905554757306475291e-02
2.786422464810916466e+01 2.438551470114946884e-01 2.593424568622519633e-02
3.174528981929791982e+01 1.721301168036817320e-01 2.360175067040594030e-02
3.616692868500850011e+01 1.157968279572516579e-01 2.186307589848597577e-02
4.120443498711833286e+01 8.499770705546105809e-02 2.080902988630172618e-02
4.694358974726586098e+01 6.119309117699067713e-02 2.003664824164001421e-02
