1.069642439726958605e+00 -1.150815321133179747e+00 nan
1.218627458003121777e+00 -5.525981980527296944e-01 1.418959848624851006e+01
1.388363836590320144e+00 -1.236489298723478125e+00 nan
1.581741926207981042e+00 -1.224468855625302055e+00 nan
1.802054659727066133e+00 -1.205288949777200802e+00 nan
2.053053625776520175e+00 -1.154714442479537695e+00 nan
2.339012952555230562e+00 -6.703204436231076091e-01 4.644370303852738857e+00
2.664802089693036891e+00 -1.085443734469459631e+00 nan
3.035968727524477995e+00 -9.487164258064879618e-01 1.254720832060341573e+00
3.458833265763586962e+00 -1.252658372695468980e+00 nan
3.940596440236666886e+00 -9.844409317546112259e-01 4.672085701271540548e-01
4.489461940391565875e+00 -1.224971845758820788e+00 nan
5.114776105571953835e+00 1.599023276373041114e+01 1.049665408201449068e+01
5.827187078870319503e+00 1.204996986109085277e+01 7.575040865825684477e+00
6.638826128706195817e+00 1.554457186716366301e+01 7.060081258965646533e+00
7.563514225758552811e+00 1.020448701907437439e+01 4.781779644711969368e+00
8.616997392941321721e+00 9.668369123674851906e+00 3.862470500217000779e+00
9.817214836071872952e+00 4.994188466153643091e+00 2.370970624673568228e+00
1.118460442108735009e+01 6.308155531514223924e+00 2.185160780692825711e+00
1.274245069961824761e+01 4.519477051793380440e+00 1.566340818786813527e+00
1.451728140926205768e+01 2.908908494992652471e+00 1.086229469391618352e+00
1.653931920034971981e+01 2.515741797403441282e+00 8.577187262658017008e-01
1.884299628142029093e+01 2.335681843569426874e+00 6.999438738749511613e-01
2.146754074702852577e+01 1.677960412249404731e+00 5.222238588216692179e-01
2.445764457215044274e+01 5.799515807569983750e-01 3.266937702012310818e-01
2.786422464810916466e+01 7.327559764075033399e-01 2.929426949878459752e-01
3.174528981929791982e+01 4.703544844944722580e-01 2.275562307702685416e-01
3.616692868500850011e+01 2.880363238253205171e-01 1.813069036951692470e-01
4.120443498711833286e+01 1.402060674248220007e-01 1.464635164791391886e-01
4.694358974726586098e+01 2.563838264625959429e-01 1.397118463946332712e-01
