1.069642439726958605e+00 -1.182173462924651641e+00 nan
1.218627458003121777e+00 -9.524033754603238311e-01 2.644839397906098566e-01
1.388363836590320144e+00 -1.160435576462570229e+00 nan
1.581741926207981042e+00 -1.127632341576506825e+00 nan
1.802054659727066133e+00 -7.956788630825797348e-01 3.113675804272989511e-01
2.053053625776520175e+00 1.594463502107250630e-01 6.082345118725458466e-01
2.339012952555230562e+00 2.113258024899823617e+00 8.175538436593140501e-01
2.664802089693036891e+00 4.484767366226726892e+00 9.044124914905423696e-01
3.035968727524477995e+00 7.783712887810221304e+00 9.519090703787820296e-01
3.458833265763586962e+00 8.399292892040151060e+00 8.170389291706167123e-01
3.940596440236666886e+00 7.729626067924945332e+00 6.520676452657155897e-01
4.489461940391565875e+00 7.035524730087374223e+00 5.191673455656048430e-01
5.114776105571953835e+00 6.527413857296171074e+00 4.192376208182707065e-01
5.827187078870319503e+00 4.880755195935341462e+00 3.073211063591531067e-01
6.638826128706195817e+00 4.097244325728180314e+00 2.390818361204515297e-01
7.563514225758552811e+00 3.085964417248662883e+00 1.785885005454082575e-01
8.616997392941321721e+00 2.392011703124889532e+00 1.364423288982741234e-01
9.817214836071872952e+00 1.922271400149698550e+00 1.069897873455349646e-01
1.118460442108735009e+01 1.561062941672616278e+00 8.533912228333284666e-02
1.274245069961824761e+01 1.270433742473034977e+00 6.903593788837010525e-02
1.451728140926205768e+01 9.332665472359240599e-01 5.477752724551161745e-02
1.653931920034971981e+01 7.299228837473923370e-01 4.536776293566200519e-02
1.884299628142029093e+01 5.507861857675373507e-01 3.797965678963410169e-02
2.146754074702852577e+01 4.227257589707353880e-01 3.273318318261290993e-02
2.445764457215044274e+01 3.099046299751666567e-01 2.860240794219739632e-02
2.786422464810916466e+01 2.377134665063014296e-01 2.582586360837744316e-02
3.174528981929791982e+01 1.746599851375789658e-01 2.365188149442892102e-02
3.616692868500850011e+01 1.135326133789915648e-01 2.182518863053842240e-02
4.120443498711833286e+01 7.783180444469040005e-02 2.068159511326646618e-02
4.694358974726586098e+01 5.821863859416920306e-02 1.998544133409999729e-02
