1.069642439726958605e+00 -1.034873700350304127e+00 nan
1.218627458003121777e+00 -9.476579036662411415e-01 1.700274714690985234e-01
1.388363836590320144e+00 -1.084582244245777538e+00 nan
1.581741926207981042e+00 -3.535709200247674211e-01 4.130292660013082373e-01
1.802054659727066133e+00 1.166620765834415874e+00 6.222899595176432097e-01
2.053053625776520175e+00 2.573258607170620937e+00 6.561579018939539543e-01
2.339012952555230562e+00 5.122044288819142643e+00 7.065255220533562808e-01
2.664802089693036891e+00 7.634378165192575949e+00 7.022499172958818203e-01
3.035968727524477995e+00 7.894112968326451707e+00 5.925746495196650976e-01
3.458833265763586962e+00 7.772654357861267904e+00 4.893935392807109430e-01
3.940596440236666886e+00 7.217365886651601947e+00 3.939463718534223502e-01
4.489461940391565875e+00 6.065252302186244115e+00 3.035293982463678208e-01
5.114776105571953835e+00 4.761341006402965093e+00 2.278068521379300604e-01
5.827187078870319503e+00 3.976848989940990897e+00 1.772678701603550844e-01
6.638826128706195817e+00 3.222080365596486473e+00 1.368704170527147157e-01
7.563514225758552811e+00 2.586116113469394406e+00 1.063338101706479133e-01
8.616997392941321721e+00 2.053577823914893852e+00 8.307888426039460039e-02
9.817214836071872952e+00 1.639075311752616448e+00 6.587158348330209023e-02
1.118460442108735009e+01 1.259814525526343321e+00 5.226340645650363187e-02
1.274245069961824761e+01 1.012963962202290569e+00 4.291636685909688831e-02
1.451728140926205768e+01 7.923831915301411399e-01 3.558707559305169382e-02
1.653931920034971981e+01 5.873401277502778850e-01 2.965699318970954276e-02
1.884299628142029093e+01 4.621802332830651228e-01 2.574803392178622030e-02
2.146754074702852577e+01 3.466917671175495652e-01 2.260282099499621306e-02
2.445764457215044274e+01 2.642927531101357808e-01 2.037522096237050218e-02
2.786422464810916466e+01 1.935344896642645640e-01 1.862971588472715073e-02
3.174528981929791982e+01 1.473285271181385969e-01 1.746025355311077096e-02
3.616692868500850011e+01 9.918238245154897825e-02 1.642156031182617770e-02
4.120443498711833286e+01 6.871276171195650484e-02 1.574506146206075194e-02
4.694358974726586098e+01 4.288046180180371536e-02 1.521145588302379691e-02
