1.069642439726958605e+00 -6.410380555824546356e-02 2.672219663511270227e+01
1.218627458003121777e+00 -2.290227876415489305e-01 1.843116167285508311e+01
1.388363836590320144e+00 -9.916829450027184745e-01 1.624626204975643473e+00
1.581741926207981042e+00 -1.641304347826086918e+00 nan
1.802054659727066133e+00 -3.886145986587359324e-01 9.325443954621896125e+00
2.053053625776520175e+00 -9.321845840432174679e-01 2.545482955217678978e+00
2.339012952555230562e+00 -1.054786836200448885e+00 nan
2.664802089693036891e+00 -2.627529785677651386e-01 5.706559553579528377e+00
3.035968727524477995e+00 -1.326455060765809435e+00 nan
3.458833265763586962e+00 -9.592309749502274663e-01 9.110678452642282377e-01
3.940596440236666886e+00 3.557555738164354331e+00 7.919651499021097329e+00
4.489461940391565875e+00 2.084725747800854290e+00 5.349251041993588807e+00
5.114776105571953835e+00 3.188983181131567424e+00 5.127739870941907974e+00
5.827187078870319503e+00 8.942824025443105285e+00 6.529565655348244846e+00
6.638826128706195817e+00 8.510172647055261663e+00 5.261030975172405810e+00
7.563514225758552811e+00 1.191357764249976370e+01 5.092863218920156143e+00
8.616997392941321721e+00 8.140933019913088486e+00 3.527203019671471207e+00
9.817214836071872952e+00 5.832334528151855046e+00 2.511734817898282124e+00
1.118460442108735009e+01 4.007117095995819334e+00 1.771783736556855393e+00
1.274245069961824761e+01 3.882781969125447041e+00 1.452175301180344436e+00
1.451728140926205768e+01 2.859988487947355829e+00 1.067981391680822068e+00
1.653931920034971981e+01 1.764534636957770353e+00 7.450286557021196243e-01
1.884299628142029093e+01 1.628961904773724045e+00 6.065668129045442836e-01
2.146754074702852577e+01 1.118392973022897419e+00 4.525106754200870496e-01
2.445764457215044274e+01 1.108298869848842072e+00 3.821362035535710855e-01
2.786422464810916466e+01 4.481948002685871568e-01 2.607887478305142559e-01
3.174528981929791982e+01 4.935426666288291742e-01 2.276603452364811542e-01
3.616692868500850011e+01 2.049702010322065338e-01 1.721299398512671219e-01
4.120443498711833286e+01 2.565989550132796726e-01 1.551508765839311466e-01
4.694358974726586098e+01 2.094155037917235784e-01 1.347687047898676604e-01
