1.069642439726958605e+00 -1.152491496468081689e+00 nan
1.218627458003121777e+00 -6.513608503800689675e-01 2.898010599298727619e-01
1.388363836590320144e+00 -7.498788342927698025e-01 2.083175337469857502e-01
1.581741926207981042e+00 8.872389085381462426e-01 4.664266536563490551e-01
1.802054659727066133e+00 2.564628210976565903e+00 5.280614911719733184e-01
2.053053625776520175e+00 5.411817290962316562e+00 5.834194726336985326e-01
2.339012952555230562e+00 6.253366600817665599e+00 5.109083033105243921e-01
2.664802089693036891e+00 7.150894835403065031e+00 4.535272414501809735e-01
3.035968727524477995e+00 7.764828806008532425e+00 3.928071835314574933e-01
3.458833265763586962e+00 7.062636836641186022e+00 3.137559863666895543e-01
3.940596440236666886e+00 6.203925403147304785e+00 2.470758893269445478e-01
4.489461940391565875e+00 4.975294803407380506e+00 1.871549199262023400e-01
5.114776105571953835e+00 4.143152753817664902e+00 1.453456017548026002e-01
5.827187078870319503e+00 3.237657935317356461e+00 1.104912175818471981e-01
6.638826128706195817e+00 2.668457826142473621e+00 8.678152519907293694e-02
7.563514225758552811e+00 2.070362615110526328e+00 6.716106468544127961e-02
8.616997392941321721e+00 1.710024140907268730e+00 5.406670781068909082e-02
9.817214836071872952e+00 1.336441403223071589e+00 4.314117626781200504e-02
1.118460442108735009e+01 1.081801168244179934e+00 3.552237809670395069e-02
1.274245069961824761e+01 8.138575885543493094e-01 2.900989201877480009e-02
1.451728140926205768e+01 6.429513714766212917e-01 2.464555752404117353e-02
1.653931920034971981e+01 4.947433249040746883e-01 2.122874084417067722e-02
1.884299628142029093e+01 3.866323637941320168e-01 1.877356413057279169e-02
2.146754074702852577e+01 2.779023215113296530e-01 1.667295407740727528e-02
2.445764457215044274e+01 2.188231530907289724e-01 1.540346895192965491e-02
2.786422464810916466e+01 1.555938542658326096e-01 1.426412787782678666e-02
3.174528981929791982e+01 1.075294106424020679e-01 1.342705252049763466e-02
3.616692868500850011e+01 7.731324991934385160e-02 1.288492681693075882e-02
4.120443498711833286e+01 5.316369117811881040e-02 1.247365133145514338e-02
4.694358974726586098e+01 3.580334378794725048e-02 1.218302844598459153e-02
