1.069642439726958605e+00 -9.744408377955739997e-01 1.489563038877509626e+00
1.218627458003121777e+00 -9.694773209276867920e-01 1.237000881978890021e+00
1.388363836590320144e+00 -1.911653838952233286e+00 nan
1.581741926207981042e+00 -8.811653771760152853e-01 1.686766657507790423e+00
1.802054659727066133e+00 -7.400209364882353036e-01 2.051215249841900068e+00
2.053053625776520175e+00 -1.202795242065410886e+00 nan
2.339012952555230562e+00 -1.154975910660577032e+00 nan
2.664802089693036891e+00 -9.430035344412577292e-01 5.351856439865545489e-01
3.035968727524477995e+00 -9.868974306802611451e-01 2.116772297466658070e-01
3.458833265763586962e+00 4.292819965145055150e+00 3.509238302449764646e+00
3.940596440236666886e+00 6.859150891727399113e+00 3.521646980819648665e+00
4.489461940391565875e+00 1.049000963508043682e+01 3.515545916265665483e+00
5.114776105571953835e+00 8.502887326888425079e+00 2.633508312721366096e+00
5.827187078870319503e+00 1.250531247331267082e+01 2.618055737298393026e+00
6.638826128706195817e+00 6.832064422278834037e+00 1.632042819300913772e+00
7.563514225758552811e+00 5.717320535598240383e+00 1.251307482295471729e+00
8.616997392941321721e+00 6.555127735709288750e+00 1.111445640577116922e+00
9.817214836071872952e+00 4.209870044633287733e+00 7.593597475618185655e-01
1.118460442108735009e+01 3.892145309482716531e+00 6.158610271853324214e-01
1.274245069961824761e+01 2.754711088361833760e+00 4.470040042035065553e-01
1.451728140926205768e+01 2.174674944719102943e+00 3.438507025149561969e-01
1.653931920034971981e+01 1.676870032800343857e+00 2.649231335198528048e-01
1.884299628142029093e+01 1.217772212601395676e+00 2.025443349910214241e-01
2.146754074702852577e+01 9.745502340956082588e-01 1.628757443674590799e-01
2.445764457215044274e+01 6.867464466320800653e-01 1.283587146875222185e-01
2.786422464810916466e+01 4.838973134853132851e-01 1.038562887291193948e-01
3.174528981929791982e+01 4.042375082498919081e-01 8.938882907855764948e-02
3.616692868500850011e+01 2.951855103922869095e-01 7.648595481651639105e-02
4.120443498711833286e+01 1.967115342891945229e-01 6.631283326009908274e-02
4.694358974726586098e+01 1.033618195288474872e-01 5.804785627697492401e-02
