1.069642439726958605e+00 -5.758273101651469883e-01 1.776073301006558935e+01
1.218627458003121777e+00 -1.123397743129284976e+00 nan
1.388363836590320144e+00 -1.621756228862069715e+00 nan
1.581741926207981042e+00 -1.317924528301886777e+00 nan
1.802054659727066133e+00 -1.154317648579519684e+00 nan
2.053053625776520175e+00 -1.170690582877049746e+00 nan
2.339012952555230562e+00 -1.160918514768349841e+00 nan
2.664802089693036891e+00 -8.548028190598513376e-01 2.500128570315408361e+00
3.035968727524477995e+00 -9.243674618519637232e-01 1.488521761057663761e+00
3.458833265763586962e+00 -1.088460124948909868e+00 nan
3.940596440236666886e+00 3.618689465822742868e+00 7.871226813564338620e+00
4.489461940391565875e+00 1.853615211665137874e+00 5.079118847813152371e+00
5.114776105571953835e+00 7.137268966268008441e+00 7.068797328961460735e+00
5.827187078870319503e+00 8.554354188701763562e+00 6.318080145100289258e+00
6.638826128706195817e+00 1.574911217111312745e+01 6.943373053354302549e+00
7.563514225758552811e+00 9.653586355700092270e+00 4.553014655221880425e+00
8.616997392941321721e+00 9.621907542464546381e+00 3.766548628277498700e+00
9.817214836071872952e+00 4.693427210263930505e+00 2.256144259063455504e+00
1.118460442108735009e+01 5.641809302101357559e+00 2.030401201829974411e+00
1.274245069961824761e+01 2.845406441724700031e+00 1.263928098107212961e+00
1.451728140926205768e+01 2.831051036993355474e+00 1.050625849415920410e+00
1.653931920034971981e+01 2.150288498310628071e+00 7.899457494394965806e-01
1.884299628142029093e+01 1.299997467412632890e+00 5.566771321325055810e-01
2.146754074702852577e+01 9.332882320933890696e-01 4.247499004742895656e-01
2.445764457215044274e+01 8.698695091363042309e-01 3.521302244258380232e-01
2.786422464810916466e+01 5.373579302331834562e-01 2.670334056666994749e-01
3.174528981929791982e+01 5.600177154492309572e-01 2.313452507037915828e-01
3.616692868500850011e+01 3.483674000313605745e-01 1.831037362527299095e-01
4.120443498711833286e+01 2.029790248128620078e-01 1.490139643487276011e-01
4.694358974726586098e+01 4.019300520162771839e-02 1.196669862874550211e-01
