1.069642439726958605e+00 -1.210789325936694638e+00 nan
1.218627458003121777e+00 -8.259884755888238228e-01 2.066897622244329158e-01
1.388363836590320144e+00 -5.034414971058414068e-01 2.963573804645310283e-01
1.581741926207981042e+00 1.407138993764058821e-01 3.659369786271480796e-01
1.802054659727066133e+00 2.551493432099833925e+00 5.321141785739913477e-01
2.053053625776520175e+00 5.012531649104499110e+00 5.700435085930591894e-01
2.339012952555230562e+00 6.246608753021164695e+00 5.154883298119006252e-01
2.664802089693036891e+00 7.011565065806079744e+00 4.536806069666534103e-01
3.035968727524477995e+00 8.086751054714799380e+00 4.041484258180949585e-01
3.458833265763586962e+00 6.856989043127299510e+00 3.122135845573338897e-01
3.940596440236666886e+00 5.973081361431756164e+00 2.448356892647876870e-01
4.489461940391565875e+00 5.099526406065911566e+00 1.910462003935176067e-01
5.114776105571953835e+00 4.201025083592949017e+00 1.475813642427609429e-01
5.827187078870319503e+00 3.380837269146368840e+00 1.136860868928536439e-01
6.638826128706195817e+00 2.563103072276216476e+00 8.595211584980499975e-02
7.563514225758552811e+00 2.101452053514479612e+00 6.815186103338359558e-02
8.616997392941321721e+00 1.664359596886365367e+00 5.388351649853193731e-02
9.817214836071872952e+00 1.302118138708042050e+00 4.302840989161450802e-02
1.118460442108735009e+01 1.067199460780294595e+00 3.560110221298055933e-02
1.274245069961824761e+01 8.338821554958602000e-01 2.946011716177699899e-02
1.451728140926205768e+01 6.479314128880624413e-01 2.487108493282492311e-02
1.653931920034971981e+01 5.019273467019662593e-01 2.144971903900652274e-02
1.884299628142029093e+01 3.794410236192298225e-01 1.880277274252009981e-02
2.146754074702852577e+01 2.997098311740933330e-01 1.702515926866820031e-02
2.445764457215044274e+01 2.087905356335850726e-01 1.537176189035715894e-02
2.786422464810916466e+01 1.591600214446813322e-01 1.438207824450817539e-02
3.174528981929791982e+01 1.126612981259842439e-01 1.355663301753690791e-02
3.616692868500850011e+01 7.919905835152918350e-02 1.297231697084889716e-02
4.120443498711833286e+01 5.101469920945200798e-02 1.251088234408160270e-02
4.694358974726586098e+01 3.332004537845012493e-02 1.221413835826741859e-02
