1.069642439726958605e+00 -1.343090588905578198e+00 nan
1.218627458003121777e+00 -9.406531817841921050e-01 2.962477761741336701e-01
1.388363836590320144e+00 -9.876086581858525282e-01 1.148821003909220040e-01
1.581741926207981042e+00 -1.015188953488372015e+00 nan
1.802054659727066133e+00 -6.933566240545108172e-01 3.826427478654321201e-01
2.053053625776520175e+00 8.597249495714465173e-01 7.729851721696406885e-01
2.339012952555230562e+00 3.320467765688268180e+00 9.669818697488333781e-01
2.664802089693036891e+00 5.126870591405497279e+00 9.595148368817890683e-01
3.035968727524477995e+00 7.605213695364288817e+00 9.447975960899818171e-01
3.458833265763586962e+00 8.257371274516721371e+00 8.130379576353948812e-01
3.940596440236666886e+00 8.508890530330898372e+00 6.843980450960081008e-01
4.489461940391565875e+00 7.288067734693230548e+00 5.294896499679625501e-01
5.114776105571953835e+00 6.139066805058387644e+00 4.083521358124875267e-01
5.827187078870319503e+00 4.987447945646267478e+00 3.113406538549573499e-01
6.638826128706195817e+00 3.994356567669171021e+00 2.369752627832329428e-01
7.563514225758552811e+00 3.243244419741362794e+00 1.831150451158626569e-01
8.616997392941321721e+00 2.566113663385886756e+00 1.410227403237307164e-01
9.817214836071872952e+00 2.009033146153869076e+00 1.092591130558240170e-01
1.118460442108735009e+01 1.602323835297057242e+00 8.645731766597446188e-02
1.274245069961824761e+01 1.259558271285005304e+00 6.898654415910150661e-02
1.451728140926205768e+01 9.582116675463838718e-01 5.541209737680979908e-02
1.653931920034971981e+01 7.548928512297223836e-01 4.596022249515990810e-02
1.884299628142029093e+01 5.456002208855599278e-01 3.796614201128043625e-02
2.146754074702852577e+01 4.168880213567160986e-01 3.269354657992603469e-02
2.445764457215044274e+01 3.154184156649944004e-01 2.876245275285299260e-02
2.786422464810916466e+01 2.259297545058611689e-01 2.565864533494863209e-02
3.174528981929791982e+01 1.638591153513160315e-01 2.349735624079282020e-02
3.616692868500850011e+01 1.158737474758069208e-01 2.190646144048078933e-02
4.120443498711833286e+01 7.878518404468670688e-02 2.073426243826210352e-02
4.694358974726586098e+01 5.445118537930260239e-02 1.994990211128506649e-02
