1.069642439726958605e+00 -1.638826143404511715e+00 nan
1.218627458003121777e+00 -5.239008853872999527e-01 1.436698833380045315e+01
1.388363836590320144e+00 -1.414666479346898154e+00 nan
1.581741926207981042e+00 -2.056694312796208735e+00 nan
1.802054659727066133e+00 -8.693648187157057006e-01 4.275863163235489317e+00
2.053053625776520175e+00 -1.445339211846556893e+00 nan
2.339012952555230562e+00 -6.394472221532965239e-01 4.767181454414232356e+00
2.664802089693036891e+00 -1.077448328767524721e+00 nan
3.035968727524477995e+00 9.215417640760996676e+00 1.739825929089780487e+01
3.458833265763586962e+00 -1.309602138243064040e+00 nan
3.940596440236666886e+00 3.652360862804584496e+00 7.937334934403272868e+00
4.489461940391565875e+00 4.972658963381874742e+00 7.390064914674717933e+00
5.114776105571953835e+00 5.145591155014153983e+00 6.166476380047684280e+00
5.827187078870319503e+00 5.924975807200324240e+00 5.394645509884583134e+00
6.638826128706195817e+00 1.125864943593309775e+01 5.941537450887404148e+00
7.563514225758552811e+00 1.287507040655222390e+01 5.244536505844239471e+00
8.616997392941321721e+00 1.184224703712287941e+01 4.180182266755789300e+00
9.817214836071872952e+00 4.726682587351415776e+00 2.273494935481169765e+00
1.118460442108735009e+01 5.314037767108777288e+00 1.985806387474417845e+00
1.274245069961824761e+01 3.524852202070824170e+00 1.383712094663966052e+00
1.451728140926205768e+01 3.324925625633714965e+00 1.126789502225896022e+00
1.653931920034971981e+01 1.916110979260665870e+00 7.609112941167485156e-01
1.884299628142029093e+01 9.981653081519294979e-01 5.179061199890954148e-01
2.146754074702852577e+01 1.369848444835634949e+00 4.785539149459465125e-01
2.445764457215044274e+01 9.917653209954166993e-01 3.668984314230453458e-01
2.786422464810916466e+01 4.668960164603848106e-01 2.608382224101001845e-01
3.174528981929791982e+01 3.055345501588031532e-01 2.080171380525353830e-01
3.616692868500850011e+01 2.439599503043752282e-01 1.744734122022010558e-01
4.120443498711833286e+01 1.970092247163741650e-01 1.490821053829501919e-01
4.694358974726586098e+01 1.387986077280767283e-01 1.281926338894203155e-01
