1.069642439726958605e+00 -1.211893963134156316e+00 nan
1.218627458003121777e+00 -8.887326503902146513e-01 2.487406908442375830e-01
1.388363836590320144e+00 -1.036581995200644091e+00 nan
1.581741926207981042e+00 -1.429405984002096730e-01 4.772273215455767326e-01
1.802054659727066133e+00 1.036100235455847729e+00 6.052457954187244749e-01
2.053053625776520175e+00 3.073163617948543980e+00 7.032093661541068963e-01
2.339012952555230562e+00 4.998063425566529716e+00 7.015714808062601948e-01
2.664802089693036891e+00 6.944772542516778557e+00 6.750376120976556704e-01
3.035968727524477995e+00 7.420765530801406662e+00 5.777917079963379443e-01
3.458833265763586962e+00 7.915772287871399193e+00 4.952443392323092053e-01
3.940596440236666886e+00 6.873185525367784265e+00 3.861390293054454137e-01
4.489461940391565875e+00 5.924002200016751374e+00 3.011086001592471750e-01
5.114776105571953835e+00 4.918944857683868577e+00 2.320409879717292845e-01
5.827187078870319503e+00 4.091869767269861846e+00 1.801932636674117294e-01
6.638826128706195817e+00 3.235291554472322417e+00 1.375442130821377118e-01
7.563514225758552811e+00 2.566977555043548520e+00 1.063011940796641241e-01
8.616997392941321721e+00 1.984036963458548186e+00 8.210980783252506965e-02
9.817214836071872952e+00 1.600104973101226680e+00 6.541070933485979011e-02
1.118460442108735009e+01 1.287435030925799806e+00 5.284766221243007711e-02
1.274245069961824761e+01 9.753275137041039766e-01 4.244677381569136876e-02
1.451728140926205768e+01 7.703925399736435420e-01 3.534477559271784891e-02
1.653931920034971981e+01 6.045251316147399745e-01 2.998234721438140099e-02
1.884299628142029093e+01 4.607349205000823567e-01 2.578543097351122110e-02
2.146754074702852577e+01 3.545455737905858218e-01 2.276525221015843203e-02
2.445764457215044274e+01 2.705333775606675317e-01 2.050688300619425697e-02
2.786422464810916466e+01 2.051856823758206883e-01 1.883339891061867541e-02
3.174528981929791982e+01 1.462935692888063244e-01 1.747856075715016611e-02
3.616692868500850011e+01 1.096878084117591801e-01 1.660189844953859767e-02
4.120443498711833286e+01 6.976774050998280075e-02 1.578842220118108555e-02
4.694358974726586098e+01 4.409471808958187466e-02 1.525564061333564009e-02
