1.069642439726958605e+00 -1.277803721531719283e+00 nan
1.218627458003121777e+00 -5.931947735763307694e-01 3.131713564724230570e-01
1.388363836590320144e+00 -5.975558613006033415e-01 2.643618652470703934e-01
1.581741926207981042e+00 1.978302002882486033e-01 3.715892229647649869e-01
1.802054659727066133e+00 2.932311843351107505e+00 5.550184892820958504e-01
2.053053625776520175e+00 4.773977778415249063e+00 5.534092780754352736e-01
2.339012952555230562e+00 6.149454597330358041e+00 5.073330144954470988e-01
2.664802089693036891e+00 7.756778232441863707e+00 4.710171771201018820e-01
3.035968727524477995e+00 7.724659116571990225e+00 3.919942671969354198e-01
3.458833265763586962e+00 7.140880484861176214e+00 3.155280239057950409e-01
3.940596440236666886e+00 5.966826731696846409e+00 2.426093908120377785e-01
4.489461940391565875e+00 5.124961679637762835e+00 1.898774344409655812e-01
5.114776105571953835e+00 4.099558650553726480e+00 1.446771577588625568e-01
5.827187078870319503e+00 3.226681094138206252e+00 1.103587432538748608e-01
6.638826128706195817e+00 2.667170166657578001e+00 8.679252229619263681e-02
7.563514225758552811e+00 2.112250233874785721e+00 6.776951548739487685e-02
8.616997392941321721e+00 1.646330770464637716e+00 5.323302217618613996e-02
9.817214836071872952e+00 1.315514287330296739e+00 4.288532443715162984e-02
1.118460442108735009e+01 1.021973560981467077e+00 3.478633014260400919e-02
1.274245069961824761e+01 8.442110886898475108e-01 2.938808135408406755e-02
1.451728140926205768e+01 6.610623213032389422e-01 2.486908952989832014e-02
1.653931920034971981e+01 4.996493746614067977e-01 2.129229059879014438e-02
1.884299628142029093e+01 3.888528029458480084e-01 1.880425296097960539e-02
2.146754074702852577e+01 2.905237379159184563e-01 1.682411581167769093e-02
2.445764457215044274e+01 2.181016838616283149e-01 1.539857778354275508e-02
2.786422464810916466e+01 1.598851648830637018e-01 1.431705343194398031e-02
3.174528981929791982e+01 1.156571721370629469e-01 1.352413891715634198e-02
3.616692868500850011e+01 7.835660120450671506e-02 1.289969483182742092e-02
4.120443498711833286e+01 5.680459495902367983e-02 1.251837648724314460e-02
4.694358974726586098e+01 3.696580701372975675e-02 1.219894939181028447e-02
