1.069642439726958605e+00 -1.198400540716105578e+00 nan
1.218627458003121777e+00 -8.496156051677434817e-01 2.898930701699079515e-01
1.388363836590320144e+00 -1.017959717558193145e+00 nan
1.581741926207981042e+00 -1.007014707195981185e+00 nan
1.802054659727066133e+00 4.681185980165842864e-01 5.150419270132270411e-01
2.053053625776520175e+00 3.047786964218697214e+00 7.027244509993189059e-01
2.339012952555230562e+00 4.520824142148974545e+00 6.743323520434765239e-01
2.664802089693036891e+00 6.282763999362641627e+00 6.471138513967414907e-01
3.035968727524477995e+00 8.556946235670919165e+00 6.188187893759499181e-01
3.458833265763586962e+00 7.617221041909228774e+00 4.875051789783751421e-01
3.940596440236666886e+00 7.051385363653349003e+00 3.917813963774903763e-01
4.489461940391565875e+00 6.173390515676501877e+00 3.077929371411725068e-01
5.114776105571953835e+00 4.919308798153932294e+00 2.325837431525960841e-01
5.827187078870319503e+00 3.926501806321160526e+00 1.771759567594849150e-01
6.638826128706195817e+00 3.151624632575548368e+00 1.362223288902327245e-01
7.563514225758552811e+00 2.502132091552866200e+00 1.053407209452521393e-01
8.616997392941321721e+00 2.005748553159808267e+00 8.266462724786813321e-02
9.817214836071872952e+00 1.564135666713455608e+00 6.494633769689577008e-02
1.118460442108735009e+01 1.280284684579876098e+00 5.283885409731580579e-02
1.274245069961824761e+01 9.902969120450813012e-01 4.276045402425723840e-02
1.451728140926205768e+01 7.618504755908788173e-01 3.528063931442364937e-02
1.653931920034971981e+01 5.814612321677810058e-01 2.969292815416338036e-02
1.884299628142029093e+01 4.505270574979900466e-01 2.567903767711505678e-02
2.146754074702852577e+01 3.648681777582394314e-01 2.295064871915429572e-02
2.445764457215044274e+01 2.530770548348064697e-01 2.028630935233857388e-02
2.786422464810916466e+01 1.923673312041063177e-01 1.867653201832639859e-02
3.174528981929791982e+01 1.384106069064563460e-01 1.738988416240774479e-02
3.616692868500850011e+01 9.369874269245781484e-02 1.639545971579701306e-02
4.120443498711833286e+01 6.251875578111887322e-02 1.570550156160895397e-02
4.694358974726586098e+01 4.067545932904481631e-02 1.522643763329522594e-02
