1.069642439726958605e+00 -1.600820472985684084e+00 nan
1.218627458003121777e+00 -1.252929374348370928e+00 nan
1.388363836590320144e+00 -9.188501120802758937e-01 2.952551095000139347e-01
1.581741926207981042e+00 -1.040896263137407907e+00 nan
1.802054659727066133e+00 -9.578547280712645939e-01 1.424514114617664584e-01
2.053053625776520175e+00 3.736732337093959799e-01 6.670120325523302141e-01
2.339012952555230562e+00 2.390268263846870411e+00 8.596278766558748119e-01
2.664802089693036891e+00 5.857257754643588221e+00 1.020233454163688824e+00
3.035968727524477995e+00 7.704425595805660443e+00 9.543920628424915620e-01
3.458833265763586962e+00 8.132315286940309917e+00 8.106759880356829706e-01
3.940596440236666886e+00 7.956646360453588862e+00 6.657416704911987004e-01
4.489461940391565875e+00 7.204027143849424775e+00 5.287446924221708144e-01
5.114776105571953835e+00 6.089457975641393794e+00 4.084411888322876383e-01
5.827187078870319503e+00 5.106759375383211008e+00 3.160757910991572328e-01
6.638826128706195817e+00 4.077809395690631611e+00 2.401890626358531289e-01
7.563514225758552811e+00 3.224141181537781176e+00 1.833414903938929974e-01
8.616997392941321721e+00 2.468396833213089892e+00 1.392038662610907696e-01
9.817214836071872952e+00 1.842743459045755428e+00 1.058521979070518870e-01
1.118460442108735009e+01 1.593430016525477999e+00 8.657894893471813902e-02
1.274245069961824761e+01 1.206686701172025478e+00 6.812944193692276051e-02
1.451728140926205768e+01 9.186348105555461885e-01 5.480474025630339974e-02
1.653931920034971981e+01 7.618921233813560345e-01 4.624570061997970716e-02
1.884299628142029093e+01 5.520404539808700939e-01 3.820685781373636680e-02
2.146754074702852577e+01 4.189458092040481141e-01 3.282847384944254793e-02
2.445764457215044274e+01 3.098717829522470435e-01 2.873977207312103030e-02
2.786422464810916466e+01 2.340241379309313530e-01 2.587608723642310232e-02
3.174528981929791982e+01 1.667748802867738966e-01 2.361046909173693253e-02
3.616692868500850011e+01 1.184096513291421626e-01 2.200624462994250907e-02
4.120443498711833286e+01 7.669864728250908037e-02 2.074491558416694317e-02
4.694358974726586098e+01 4.845819920910687806e-02 1.988609849741814276e-02
