1.069642439726958605e+00 -1.231973682961137406e+00 nan
1.218627458003121777e+00 -8.241875052534195500e-01 3.128394998446032971e-01
1.388363836590320144e+00 -9.670680808292950736e-01 1.149036347099539751e-01
1.581741926207981042e+00 -5.132920352181939982e-01 3.597667152711249705e-01
1.802054659727066133e+00 5.403603409497754750e-01 5.265624235677485165e-01
2.053053625776520175e+00 2.314325606290876358e+00 6.342604189341535248e-01
2.339012952555230562e+00 4.792274253541581430e+00 6.896154296241843173e-01
2.664802089693036891e+00 7.490360375615144228e+00 6.988691673015524630e-01
3.035968727524477995e+00 8.604204534807440297e+00 6.192496319310007991e-01
3.458833265763586962e+00 7.815145605782787719e+00 4.925088746647219295e-01
3.940596440236666886e+00 7.320425563686820070e+00 3.981088868165666428e-01
4.489461940391565875e+00 6.435264248833465928e+00 3.134214022523895693e-01
5.114776105571953835e+00 4.940831994023470841e+00 2.326408792502027423e-01
5.827187078870319503e+00 4.112539179237078457e+00 1.807055715811955454e-01
6.638826128706195817e+00 3.036080171132306660e+00 1.337229783680866924e-01
7.563514225758552811e+00 2.543342609004587640e+00 1.059172692988586406e-01
8.616997392941321721e+00 1.989382042702771969e+00 8.224056925506129101e-02
9.817214836071872952e+00 1.625482720969571249e+00 6.586136989113430817e-02
1.118460442108735009e+01 1.266394205131695649e+00 5.253402626577431678e-02
1.274245069961824761e+01 9.679975881262128379e-01 4.235063449131955954e-02
1.451728140926205768e+01 7.795479132969889147e-01 3.549674655189562211e-02
1.653931920034971981e+01 5.805152981790686617e-01 2.963807127297696936e-02
1.884299628142029093e+01 4.544276422794544246e-01 2.570247205360824336e-02
2.146754074702852577e+01 3.465109325706152710e-01 2.265666298177412483e-02
2.445764457215044274e+01 2.626449747572636717e-01 2.039997920292012379e-02
2.786422464810916466e+01 1.983449714217560000e-01 1.874111123145321897e-02
3.174528981929791982e+01 1.397219980602919520e-01 1.738970410466072342e-02
3.616692868500850011e+01 9.828702039049819206e-02 1.644371189741425723e-02
4.120443498711833286e+01 6.591763968294550580e-02 1.573784929868515814e-02
4.694358974726586098e+01 4.296487921534675181e-02 1.524370545315912456e-02
