1.069642439726958605e+00 -2.989655770066532714e-01 8.065062846497554006e+00
1.218627458003121777e+00 -1.036100199805927158e+00 nan
1.388363836590320144e+00 -1.238315460623784947e+00 nan
1.581741926207981042e+00 -2.282952841193133242e-01 4.443952877286814207e+00
1.802054659727066133e+00 -1.214008411925809661e+00 nan
2.053053625776520175e+00 -7.196019786689666908e-01 1.805016023063802155e+00
2.339012952555230562e+00 -9.318625778775091462e-01 7.285492609351320592e-01
2.664802089693036891e+00 -1.008730866134571524e+00 nan
3.035968727524477995e+00 3.542834616760806021e-01 2.225662289007868111e+00
3.458833265763586962e+00 4.830946077970454056e+00 3.808472685380271283e+00
3.940596440236666886e+00 6.370772971249643035e+00 3.524273394595280884e+00
4.489461940391565875e+00 6.800594035916473601e+00 2.984007763271532720e+00
5.114776105571953835e+00 1.241086848290514055e+01 3.249167239266191665e+00
5.827187078870319503e+00 9.806529892236614643e+00 2.407011120534730431e+00
6.638826128706195817e+00 7.714559035383440566e+00 1.782797070432719178e+00
7.563514225758552811e+00 6.301499730280990974e+00 1.350649213451772246e+00
8.616997392941321721e+00 5.620613732284827080e+00 1.068287943919678407e+00
9.817214836071872952e+00 3.871052124205728528e+00 7.557808377125598831e-01
1.118460442108735009e+01 3.297740707189636744e+00 5.912666670049637752e-01
1.274245069961824761e+01 2.687753009048001296e+00 4.564228181346361435e-01
1.451728140926205768e+01 1.863030722667300854e+00 3.340123303822982170e-01
1.653931920034971981e+01 1.388501940941078594e+00 2.551912672462476328e-01
1.884299628142029093e+01 9.934599621478683584e-01 1.954963366306718409e-01
2.146754074702852577e+01 8.523382748527679187e-01 1.609309326484014147e-01
2.445764457215044274e+01 6.647528737729162529e-01 1.308311562163470831e-01
2.786422464810916466e+01 5.178300758375973256e-01 1.083628418407114741e-01
3.174528981929791982e+01 3.373334870442217248e-01 8.847194802209003284e-02
3.616692868500850011e+01 2.485417675286216710e-01 7.616813578555717279e-02
4.120443498711833286e+01 1.958319919244957408e-01 6.780545619332647989e-02
4.694358974726586098e+01 1.070677534732666913e-01 5.948997448042461778e-02
