1.069642439726958605e+00 -8.231676698528049840e-01 6.744743574390201779e-01
1.218627458003121777e+00 -9.451228716609323399e-01 2.855294896422390649e-01
1.388363836590320144e+00 -1.069303391965668482e+00 nan
1.581741926207981042e+00 -1.079487748702722349e+00 nan
1.802054659727066133e+00 -7.022827304410088622e-01 3.778995547724017801e-01
2.053053625776520175e+00 1.062883784355770134e+00 8.160708393028716090e-01
2.339012952555230562e+00 2.316638895443390744e+00 8.485232616677036432e-01
2.664802089693036891e+00 4.717522446672926861e+00 9.286081244497415010e-01
3.035968727524477995e+00 6.885885467395295834e+00 9.054590940889213346e-01
3.458833265763586962e+00 7.981637057963520299e+00 8.021290070717587151e-01
3.940596440236666886e+00 8.060399878469365120e+00 6.685412850759340220e-01
4.489461940391565875e+00 6.936227513729232186e+00 5.183777051110077805e-01
5.114776105571953835e+00 5.820826132059077729e+00 3.991149014244173565e-01
5.827187078870319503e+00 4.846249698993483790e+00 3.078666207342984906e-01
6.638826128706195817e+00 3.933695044512167449e+00 2.358229585035843401e-01
7.563514225758552811e+00 3.195525528092512335e+00 1.822816804990650130e-01
8.616997392941321721e+00 2.545556799740038123e+00 1.408190032758719901e-01
9.817214836071872952e+00 1.987394216291766824e+00 1.089859798280146813e-01
1.118460442108735009e+01 1.566729356146892904e+00 8.585500622489684874e-02
1.274245069961824761e+01 1.227041425803605312e+00 6.844204890724510382e-02
1.451728140926205768e+01 9.717898883150299927e-01 5.578533707940244030e-02
1.653931920034971981e+01 7.571815876640157761e-01 4.608498027095773303e-02
1.884299628142029093e+01 5.895082618656863893e-01 3.886603791727602508e-02
2.146754074702852577e+01 4.568242532663242539e-01 3.349408260641086738e-02
2.445764457215044274e+01 3.427041613164729661e-01 2.931174419751265969e-02
2.786422464810916466e+01 2.389205500928239800e-01 2.593463769330396629e-02
3.174528981929791982e+01 1.774319411221183529e-01 2.377837441509086935e-02
3.616692868500850011e+01 1.205601890897123329e-01 2.202091312617615593e-02
4.120443498711833286e+01 8.465386821431741815e-02 2.086777482748590831e-02
4.694358974726586098e+01 5.195255185369429540e-02 1.992888921098005459e-02
