1.069642439726958605e+00 1.000000000000000000e+00 4.021701827281549413e+01
1.218627458003121777e+00 -1.214266215166789564e+00 nan
1.388363836590320144e+00 -3.669757022104247479e-01 1.459204465984924326e+01
1.581741926207981042e+00 -1.266047712739793329e+00 nan
1.802054659727066133e+00 -2.114059271756518754e-02 1.214814668909839845e+01
2.053053625776520175e+00 -6.462421090906746990e-01 5.985460280512786113e+00
2.339012952555230562e+00 -1.345367857060079331e+00 nan
2.664802089693036891e+00 -1.251255274244545301e+00 nan
3.035968727524477995e+00 -1.093029131455911518e+00 nan
3.458833265763586962e+00 6.395267965444797476e+00 1.264543415842996765e+01
3.940596440236666886e+00 3.742638706150982042e+00 8.317435637011918459e+00
4.489461940391565875e+00 8.859034299781701094e+00 9.865209530581932285e+00
5.114776105571953835e+00 3.434175265104864927e+00 5.431708121439754677e+00
5.827187078870319503e+00 2.142871914650633869e+00 3.761992513056755083e+00
6.638826128706195817e+00 1.423634664031362362e+01 6.891326970540958996e+00
7.563514225758552811e+00 1.058288253993439909e+01 4.953917323507054604e+00
8.616997392941321721e+00 1.060823686916767983e+01 4.110521278445781412e+00
9.817214836071872952e+00 5.871804311367257334e+00 2.592071089125144390e+00
1.118460442108735009e+01 6.644979010278568410e+00 2.278716919477070224e+00
1.274245069961824761e+01 3.718421817114377248e+00 1.466739707922624092e+00
1.451728140926205768e+01 4.025657418554062339e+00 1.266963115289124753e+00
1.653931920034971981e+01 2.080429625544942596e+00 8.122858818778164736e-01
1.884299628142029093e+01 1.494351973591038885e+00 6.057014181242909023e-01
2.146754074702852577e+01 1.208498037742491871e+00 4.760509453479434550e-01
2.445764457215044274e+01 1.016115087853288745e+00 3.823239014143430814e-01
2.786422464810916466e+01 7.695127379407202817e-01 3.016435386241241301e-01
3.174528981929791982e+01 2.621396480406790186e-01 2.106434125444620886e-01
3.616692868500850011e+01 1.869335860351684087e-01 1.748088309599709900e-01
4.120443498711833286e+01 2.413798861679614660e-01 1.575486712598259675e-01
4.694358974726586098e+01 7.361491355385463287e-02 1.265001088002095653e-01
