1.069642439726958605e+00 -1.510454202398834322e+00 nan
1.218627458003121777e+00 -1.071095887693296334e+00 nan
1.388363836590320144e+00 -1.017704115156409017e+00 nan
1.581741926207981042e+00 -4.539786944792285617e-01 3.802727474515326112e-01
1.802054659727066133e+00 4.222551098636309064e-01 5.048853055915725196e-01
2.053053625776520175e+00 2.340227677305400711e+00 6.354240392895232903e-01
2.339012952555230562e+00 4.228753936193633933e+00 6.533968058506698373e-01
2.664802089693036891e+00 6.203944274578513607e+00 6.409603744045219154e-01
3.035968727524477995e+00 8.260703368597805962e+00 6.063047956255481763e-01
3.458833265763586962e+00 7.442136703906463424e+00 4.803377621600217751e-01
3.940596440236666886e+00 7.256373069163243983e+00 3.956476322827865988e-01
4.489461940391565875e+00 5.945849260370660971e+00 3.011895375966901489e-01
5.114776105571953835e+00 4.860367518202317605e+00 2.304022504465698118e-01
5.827187078870319503e+00 3.909057869095606375e+00 1.761581557859426272e-01
6.638826128706195817e+00 3.155293813065797259e+00 1.357983656702892450e-01
7.563514225758552811e+00 2.578507001042951607e+00 1.063653127949974186e-01
8.616997392941321721e+00 2.060597505240381988e+00 8.333070856247927483e-02
9.817214836071872952e+00 1.589546189046744384e+00 6.514967733755641643e-02
1.118460442108735009e+01 1.270625167741900707e+00 5.251280873093862323e-02
1.274245069961824761e+01 1.000266939832819002e+00 4.278072674018630617e-02
1.451728140926205768e+01 7.679548852886648458e-01 3.526700174365277746e-02
1.653931920034971981e+01 5.992220388389679631e-01 2.987083393853730631e-02
1.884299628142029093e+01 4.515403292265529611e-01 2.562424896008127714e-02
2.146754074702852577e+01 3.479620695848437695e-01 2.264739828963239360e-02
2.445764457215044274e+01 2.620616938629574122e-01 2.036566391099311688e-02
2.786422464810916466e+01 1.927421909640385511e-01 1.863807327877737771e-02
3.174528981929791982e+01 1.495380333906985992e-01 1.750961444746642823e-02
3.616692868500850011e+01 1.022775324037035194e-01 1.648198414226393488e-02
4.120443498711833286e+01 7.128971077489909547e-02 1.579702908796464661e-02
4.694358974726586098e+01 4.422376228155044942e-02 1.524503789439029568e-02
