1.069642439726958605e+00 -1.006151889848069914e+00 nan
1.218627458003121777e+00 -6.175793894823022878e-01 4.616731899049177357e-01
1.388363836590320144e+00 -8.184504874218083703e-01 2.699541890497566543e-01
1.581741926207981042e+00 -2.893879128525387312e-01 4.350018755568564877e-01
1.802054659727066133e+00 -2.738997439433052961e-01 3.615659011340844886e-01
2.053053625776520175e+00 2.788434244054367461e+00 6.787702599351699284e-01
2.339012952555230562e+00 4.999525744718821052e+00 7.024276327808833820e-01
2.664802089693036891e+00 7.071829175790705690e+00 6.813085441976703960e-01
3.035968727524477995e+00 7.918724913683767852e+00 5.960331113433736672e-01
3.458833265763586962e+00 7.944389083907150706e+00 4.966209430191940721e-01
3.940596440236666886e+00 6.847556713738683243e+00 3.858647340447079466e-01
4.489461940391565875e+00 5.942634465250208109e+00 3.018723114603664159e-01
5.114776105571953835e+00 4.932754050048110628e+00 2.325870624661957875e-01
5.827187078870319503e+00 3.979513301514631340e+00 1.780548263323157576e-01
6.638826128706195817e+00 3.152541485623311601e+00 1.360725551673244993e-01
7.563514225758552811e+00 2.430996442248062106e+00 1.039003571771967560e-01
8.616997392941321721e+00 1.885151069799481993e+00 8.045424844278720178e-02
9.817214836071872952e+00 1.531140462649660972e+00 6.432108197371308456e-02
1.118460442108735009e+01 1.213279376504968088e+00 5.170777664217428293e-02
1.274245069961824761e+01 9.760800392267141579e-01 4.249498020005515464e-02
1.451728140926205768e+01 7.534620313794242463e-01 3.511819566898233269e-02
1.653931920034971981e+01 5.716251477623732757e-01 2.951849953553895012e-02
1.884299628142029093e+01 4.614784509985110361e-01 2.581546252480933223e-02
2.146754074702852577e+01 3.248753601275014002e-01 2.235182278764320796e-02
2.445764457215044274e+01 2.533600436048950577e-01 2.027354325922642309e-02
2.786422464810916466e+01 1.760446019131456374e-01 1.842760870229238554e-02
3.174528981929791982e+01 1.263414481504268050e-01 1.720383856024960620e-02
3.616692868500850011e+01 8.628373152298851601e-02 1.627727852045793636e-02
4.120443498711833286e+01 6.250056941223558482e-02 1.569386446960109593e-02
4.694358974726586098e+01 3.555623384770201234e-02 1.514247895997776309e-02
