1.069642439726958605e+00 -1.293018782683962531e+00 nan
1.218627458003121777e+00 -9.575129168993914419e-01 1.013206085425043257e-01
1.388363836590320144e+00 -4.745252540492683746e-01 3.024593674724254111e-01
1.581741926207981042e+00 4.688142452787844583e-01 4.120420241089254865e-01
1.802054659727066133e+00 2.870833393595797034e+00 5.512970924383044924e-01
2.053053625776520175e+00 4.713597790339027149e+00 5.511265739647255302e-01
2.339012952555230562e+00 6.688936894138719502e+00 5.272819744820139709e-01
2.664802089693036891e+00 7.886961844206485495e+00 4.752291744651706562e-01
3.035968727524477995e+00 7.631824935620107553e+00 3.902209255421719702e-01
3.458833265763586962e+00 7.024237056013803659e+00 3.134206648703746212e-01
3.940596440236666886e+00 6.080098872544167143e+00 2.450727827273512516e-01
4.489461940391565875e+00 4.873264693802116909e+00 1.856101645115236232e-01
5.114776105571953835e+00 4.198424888742896322e+00 1.464705021346058011e-01
5.827187078870319503e+00 3.372278546678441735e+00 1.127455035124798194e-01
6.638826128706195817e+00 2.670667377646946505e+00 8.693619644022215764e-02
7.563514225758552811e+00 2.101547123092649461e+00 6.769016434784726199e-02
8.616997392941321721e+00 1.696626271592023283e+00 5.395972586780137248e-02
9.817214836071872952e+00 1.356427837551702931e+00 4.345383713477074528e-02
1.118460442108735009e+01 1.037598979969804436e+00 3.501423251594131675e-02
1.274245069961824761e+01 8.218928458347956045e-01 2.914215754536719077e-02
1.451728140926205768e+01 6.565124719476131965e-01 2.483567220553283342e-02
1.653931920034971981e+01 4.878916529569758964e-01 2.117034752131790459e-02
1.884299628142029093e+01 3.747971193354198149e-01 1.865376791868103221e-02
2.146754074702852577e+01 2.838267972053929444e-01 1.675826917208760383e-02
2.445764457215044274e+01 2.205744572090511113e-01 1.543814205304248205e-02
2.786422464810916466e+01 1.596583240391209468e-01 1.432410466161616880e-02
3.174528981929791982e+01 1.133548480205270881e-01 1.350631431260236430e-02
3.616692868500850011e+01 7.404195364132815094e-02 1.285795052737133751e-02
4.120443498711833286e+01 4.953695940328062264e-02 1.244203098714807831e-02
4.694358974726586098e+01 3.351668578220445838e-02 1.216657165949528233e-02
