1.069642439726958605e+00 -1.018360678478125170e+00 nan
1.218627458003121777e+00 -1.437136594755170638e+00 nan
1.388363836590320144e+00 -1.365873281716031951e+00 nan
1.581741926207981042e+00 -5.181660899653979246e-01 3.472112645204249670e+00
1.802054659727066133e+00 -5.734886463958026592e-01 2.685757880395352348e+00
2.053053625776520175e+00 -7.922447149924798371e-01 1.536289585398731727e+00
2.339012952555230562e+00 -1.202911608129547005e+00 nan
2.664802089693036891e+00 -9.224949629253911265e-01 6.379732367715706953e-01
3.035968727524477995e+00 1.495831987646031314e+00 2.988526206584998679e+00
3.458833265763586962e+00 4.153840741221972443e-01 1.852060711191493958e+00
3.940596440236666886e+00 4.600556019249520290e+00 3.034551313438286879e+00
4.489461940391565875e+00 1.143622093739731582e+01 3.741070159288741426e+00
5.114776105571953835e+00 9.909853465831076846e+00 2.888975255646990536e+00
5.827187078870319503e+00 9.730377344149296448e+00 2.371839857113094752e+00
6.638826128706195817e+00 8.676337038520717471e+00 1.862999218046370586e+00
7.563514225758552811e+00 6.657956802612785552e+00 1.370149808433764660e+00
8.616997392941321721e+00 5.549896466999596711e+00 1.050682157759778912e+00
9.817214836071872952e+00 4.597404738002273561e+00 8.064713215122528700e-01
1.118460442108735009e+01 3.316654131535055949e+00 5.864146496007907050e-01
1.274245069961824761e+01 1.939239237681789962e+00 3.977788280221630779e-01
1.451728140926205768e+01 2.147300193688988834e+00 3.491088678004399259e-01
1.653931920034971981e+01 1.512961332121718794e+00 2.602700219817643545e-01
1.884299628142029093e+01 1.161693200932356618e+00 2.033105008094976962e-01
2.146754074702852577e+01 9.554149703611547473e-01 1.649529050932238561e-01
2.445764457215044274e+01 6.829075219906284300e-01 1.305386226249333759e-01
2.786422464810916466e+01 4.808722981691031517e-01 1.055597591488278836e-01
3.174528981929791982e+01 4.048309296058560935e-01 9.092976505759099715e-02
3.616692868500850011e+01 2.742533030562914753e-01 7.674072837286918802e-02
4.120443498711833286e+01 1.897336058829224292e-01 6.700280893374013780e-02
4.694358974726586098e+01 1.113629464521883605e-01 5.924789947697532005e-02
