1.069642439726958605e+00 -9.526402498991490830e-01 3.446301545892111462e-01
1.218627458003121777e+00 -1.255268095703454545e+00 nan
1.388363836590320144e+00 -1.043110395798974910e+00 nan
1.581741926207981042e+00 -9.101174004767251802e-01 2.493390414156503587e-01
1.802054659727066133e+00 -7.586722775212815240e-01 3.359212883691986562e-01
2.053053625776520175e+00 5.590291003860357044e-01 7.002881447064585041e-01
2.339012952555230562e+00 2.161245785998160418e+00 8.178489757648613745e-01
2.664802089693036891e+00 5.097853781203077972e+00 9.473366618836869257e-01
3.035968727524477995e+00 8.141621881901670577e+00 9.646629677926493729e-01
3.458833265763586962e+00 8.487467957834658350e+00 8.151577233134377209e-01
3.940596440236666886e+00 8.362390181570489744e+00 6.719442289102440791e-01
4.489461940391565875e+00 7.175479324070430209e+00 5.203517106988401197e-01
5.114776105571953835e+00 6.183026408468641932e+00 4.056979444843971105e-01
5.827187078870319503e+00 4.775826596402280799e+00 3.021445441528007314e-01
6.638826128706195817e+00 3.743523441500223647e+00 2.278697354267935349e-01
7.563514225758552811e+00 2.972122348496204935e+00 1.744810271441976923e-01
8.616997392941321721e+00 2.536230227697360284e+00 1.390022884274489667e-01
9.817214836071872952e+00 1.898032808223288681e+00 1.057528496049678912e-01
1.118460442108735009e+01 1.491834976759465414e+00 8.331414364892082702e-02
1.274245069961824761e+01 1.175606208081402038e+00 6.666620610817185211e-02
1.451728140926205768e+01 9.018124751909588621e-01 5.383219915817226420e-02
1.653931920034971981e+01 7.386007074157017183e-01 4.528353985195551074e-02
1.884299628142029093e+01 5.754862029651537370e-01 3.824575211202898423e-02
2.146754074702852577e+01 4.033399725332467156e-01 3.220734994305234078e-02
2.445764457215044274e+01 2.996266921970534014e-01 2.827630695867626442e-02
2.786422464810916466e+01 2.291026603184314059e-01 2.555111226996536339e-02
3.174528981929791982e+01 1.581662534755643446e-01 2.324883074669924568e-02
3.616692868500850011e+01 1.079552181863634441e-01 2.163283964533787435e-02
4.120443498711833286e+01 7.739717055757799891e-02 2.059034604266285484e-02
4.694358974726586098e+01 4.194341325747563687e-02 1.961169595966929385e-02
