1.069642439726958605e+00 -3.054919490230993961e-01 8.067768298040267183e+00
1.218627458003121777e+00 3.068572053241247488e-02 7.468888097627506717e+00
1.388363836590320144e+00 -9.392770631620843691e-01 1.538510454223835033e+00
1.581741926207981042e+00 -1.366060961313012800e+00 nan
1.802054659727066133e+00 -1.225132219053221672e+00 nan
2.053053625776520175e+00 -1.382171057288679172e+00 nan
2.339012952555230562e+00 -1.082489120627535772e+00 nan
2.664802089693036891e+00 -1.126781765835846993e+00 nan
3.035968727524477995e+00 1.808708099302098748e-01 2.088628127752763408e+00
3.458833265763586962e+00 2.224315609828341422e+00 2.843272778587381033e+00
3.940596440236666886e+00 9.711327398698259117e+00 4.278157945908646731e+00
4.489461940391565875e+00 9.572876784802728523e+00 3.499785616169369007e+00
5.114776105571953835e+00 1.162966898061082155e+01 3.165556667823251402e+00
5.827187078870319503e+00 1.118417733789425483e+01 2.574978712219644805e+00
6.638826128706195817e+00 9.371231323845536920e+00 1.963239957488395637e+00
7.563514225758552811e+00 7.357986773892986498e+00 1.458211394217024504e+00
8.616997392941321721e+00 5.103661982898302085e+00 1.027608492327549028e+00
9.817214836071872952e+00 4.271580166625313701e+00 7.927071024988676662e-01
1.118460442108735009e+01 3.392966028167675674e+00 6.013255674936427431e-01
1.274245069961824761e+01 2.464479600987850461e+00 4.427156477649214494e-01
1.451728140926205768e+01 1.845454723196581659e+00 3.343854641778601366e-01
1.653931920034971981e+01 1.538710054009324146e+00 2.657451706181812590e-01
1.884299628142029093e+01 1.174958627834005842e+00 2.070463212793689223e-01
2.146754074702852577e+01 9.660451096562456819e-01 1.678630748534203354e-01
2.445764457215044274e+01 7.989343418868870561e-01 1.383388668367864782e-01
2.786422464810916466e+01 5.483625442393322835e-01 1.103207740353634586e-01
3.174528981929791982e+01 3.696714820786182187e-01 9.037608878512262689e-02
3.616692868500850011e+01 2.394880489476287622e-01 7.602209184545952181e-02
4.120443498711833286e+01 1.888843069816803499e-01 6.771971753774505554e-02
4.694358974726586098e+01 1.148441350043711839e-01 6.003982420668513981e-02
