1.069642439726958605e+00 -1.152924482028874209e+00 nan
1.218627458003121777e+00 -8.613515301348979580e-01 1.827811482561851608e-01
1.388363836590320144e+00 -6.801586024001722297e-01 2.356226202846144480e-01
1.581741926207981042e+00 7.490859037324870684e-01 4.490842846788354881e-01
1.802054659727066133e+00 2.403539170107955147e+00 5.160239865985241092e-01
2.053053625776520175e+00 4.697727427568040959e+00 5.495863296194245518e-01
2.339012952555230562e+00 6.824155435263486780e+00 5.312993140707766848e-01
2.664802089693036891e+00 7.332701861268398957e+00 4.588690137766181509e-01
3.035968727524477995e+00 7.627051946849631392e+00 3.895788839141957061e-01
3.458833265763586962e+00 6.955339686770831698e+00 3.115375252138002371e-01
3.940596440236666886e+00 6.106826246390311574e+00 2.452630845524961245e-01
4.489461940391565875e+00 4.990276359383179816e+00 1.874566172443670187e-01
5.114776105571953835e+00 4.121876243180654598e+00 1.450210032090413770e-01
5.827187078870319503e+00 3.301296579198717662e+00 1.115026837620908956e-01
6.638826128706195817e+00 2.664541482506609160e+00 8.673945383574731272e-02
7.563514225758552811e+00 2.125801144192696945e+00 6.794762530080912522e-02
8.616997392941321721e+00 1.652876042104971521e+00 5.331220885159651535e-02
9.817214836071872952e+00 1.333628307416690140e+00 4.311195591093144180e-02
1.118460442108735009e+01 1.049311226480856174e+00 3.512267166212207359e-02
1.274245069961824761e+01 8.326208983097898031e-01 2.924283102130572840e-02
1.451728140926205768e+01 6.518368346530685198e-01 2.475538876385329976e-02
1.653931920034971981e+01 5.056131263264755926e-01 2.136008609437962599e-02
1.884299628142029093e+01 3.800150877432468821e-01 1.869838631562868031e-02
2.146754074702852577e+01 3.024137018284478451e-01 1.696082772968555627e-02
2.445764457215044274e+01 2.272199754602193256e-01 1.550287499319095118e-02
2.786422464810916466e+01 1.675724584315569921e-01 1.440473158299457844e-02
3.174528981929791982e+01 1.199357287275575334e-01 1.357234057174323480e-02
3.616692868500850011e+01 8.641442057496306894e-02 1.299175322151597221e-02
4.120443498711833286e+01 6.059221538361758697e-02 1.256100782505027713e-02
4.694358974726586098e+01 3.745600145968386308e-02 1.220343215419983363e-02
