1.069642439726958605e+00 -1.579021481428263485e+00 nan
1.218627458003121777e+00 4.255160253085776834e-02 7.419798713347028674e+00
1.388363836590320144e+00 -9.155373604864858184e-01 1.792284671786863459e+00
1.581741926207981042e+00 -1.743548387096774288e+00 nan
1.802054659727066133e+00 -9.918407253879073515e-01 3.729389021702372298e-01
2.053053625776520175e+00 -1.468353268766222630e+00 nan
2.339012952555230562e+00 -9.796655970275294223e-01 3.950992337119613729e-01
2.664802089693036891e+00 -9.301276972695118328e-01 6.081494970821482715e-01
3.035968727524477995e+00 4.927859367320744255e+00 4.628368218110436416e+00
3.458833265763586962e+00 4.810468131360629229e+00 3.774138346648004294e+00
3.940596440236666886e+00 7.935452226644196472e+00 3.855831716443836044e+00
4.489461940391565875e+00 8.575271342772907701e+00 3.287300296530607291e+00
5.114776105571953835e+00 1.069578214210361011e+01 3.005970469368534292e+00
5.827187078870319503e+00 1.126770036896436444e+01 2.553267275188560337e+00
6.638826128706195817e+00 8.387743304093060459e+00 1.840638516048089590e+00
7.563514225758552811e+00 6.084355238651921738e+00 1.319855751220972762e+00
8.616997392941321721e+00 6.083032624427410440e+00 1.100190074479963531e+00
9.817214836071872952e+00 4.248490385997694574e+00 7.815620319555867113e-01
1.118460442108735009e+01 3.603256991217546279e+00 6.099953431610615207e-01
1.274245069961824761e+01 2.527193563751263916e+00 4.420692619033462223e-01
1.451728140926205768e+01 2.162001041288927006e+00 3.513323221010123398e-01
1.653931920034971981e+01 1.589303905597695632e+00 2.658851240430077367e-01
1.884299628142029093e+01 1.215407439347490515e+00 2.071178698276865404e-01
2.146754074702852577e+01 8.601766655312526044e-01 1.603428484377572849e-01
2.445764457215044274e+01 6.880379687447200077e-01 1.312367336833596965e-01
2.786422464810916466e+01 4.370326261855661532e-01 1.037168870063851778e-01
3.174528981929791982e+01 3.555643935755181673e-01 8.884907407067776930e-02
3.616692868500850011e+01 2.229020386427453815e-01 7.456433123420314057e-02
4.120443498711833286e+01 1.789027026042542268e-01 6.668957819833938594e-02
4.694358974726586098e+01 1.029185428574661554e-01 5.901872461134353987e-02
