1.069642439726958605e+00 -1.445805720726726307e+00 nan
1.218627458003121777e+00 -6.269799494187520139e-01 7.458596205080734176e-01
1.388363836590320144e+00 -9.701985283477920774e-01 1.789091811068299342e-01
1.581741926207981042e+00 -1.100496260668909265e+00 nan
1.802054659727066133e+00 -5.040300463208531312e-01 4.887109498035314692e-01
2.053053625776520175e+00 -5.088554372871207931e-01 3.986234989758238312e-01
2.339012952555230562e+00 3.375599224611267157e+00 9.772448659108621261e-01
2.664802089693036891e+00 5.314273562116021310e+00 9.783420583904873791e-01
3.035968727524477995e+00 6.426111090073229448e+00 8.796599695819145026e-01
3.458833265763586962e+00 7.699028999710448851e+00 7.903511694786014008e-01
3.940596440236666886e+00 8.242051458446796985e+00 6.768611501463822622e-01
4.489461940391565875e+00 7.296667152082657815e+00 5.319201301174213414e-01
5.114776105571953835e+00 6.182885477726967949e+00 4.113633244921124921e-01
5.827187078870319503e+00 4.837882884159838248e+00 3.081664993795030227e-01
6.638826128706195817e+00 4.032164760575568607e+00 2.389283273570798616e-01
7.563514225758552811e+00 3.170517643183509371e+00 1.819552983976965022e-01
8.616997392941321721e+00 2.467541540945831002e+00 1.391727402401831126e-01
9.817214836071872952e+00 1.958799682389746222e+00 1.085125511691264755e-01
1.118460442108735009e+01 1.593310504487383650e+00 8.657021666241784819e-02
1.274245069961824761e+01 1.198980448568109036e+00 6.796411731227515463e-02
1.451728140926205768e+01 9.348801379823303837e-01 5.512781280336163242e-02
1.653931920034971981e+01 7.511355782724327135e-01 4.603319668980462159e-02
1.884299628142029093e+01 5.686332573989716366e-01 3.852110323152083127e-02
2.146754074702852577e+01 4.212302638293747847e-01 3.286948442939410103e-02
2.445764457215044274e+01 3.107961247340313982e-01 2.875537328224480813e-02
2.786422464810916466e+01 2.203494648950969914e-01 2.562257116259259934e-02
3.174528981929791982e+01 1.675688939821395884e-01 2.362388104532130162e-02
3.616692868500850011e+01 1.199595160488080570e-01 2.203358699223477435e-02
4.120443498711833286e+01 7.488665167400387901e-02 2.071081907676179668e-02
4.694358974726586098e+01 4.869024325038728840e-02 1.988945037108163366e-02
