1.069642439726958605e+00 -1.038344447571968310e+00 nan
1.218627458003121777e+00 -9.440439561262727874e-01 2.881627712349915105e-01
1.388363836590320144e+00 -8.883159792425312506e-01 3.455044086193104769e-01
1.581741926207981042e+00 -1.044263249854397113e+00 nan
1.802054659727066133e+00 -4.785014157732332407e-01 4.999122103675649464e-01
2.053053625776520175e+00 7.012517620628755388e-01 7.405476493019793605e-01
2.339012952555230562e+00 2.500603278682297148e+00 8.713789340738105071e-01
2.664802089693036891e+00 4.538516514297189275e+00 9.132715724348204889e-01
3.035968727524477995e+00 7.587700461351852610e+00 9.454356136406595335e-01
3.458833265763586962e+00 8.590689273073948584e+00 8.296017718924976192e-01
3.940596440236666886e+00 8.194666325108475036e+00 6.734196201437480100e-01
4.489461940391565875e+00 7.656108249628189810e+00 5.430023925993726630e-01
5.114776105571953835e+00 5.966236343925087837e+00 4.035518010247927667e-01
5.827187078870319503e+00 5.119659727871246346e+00 3.157022454216352747e-01
6.638826128706195817e+00 3.977802406584322270e+00 2.369071959696284757e-01
7.563514225758552811e+00 3.049780605659921040e+00 1.784475032753782553e-01
8.616997392941321721e+00 2.592641825716834436e+00 1.418791678983899185e-01
9.817214836071872952e+00 1.991323105111769465e+00 1.090226373458554471e-01
1.118460442108735009e+01 1.581909839417834807e+00 8.614360905276166602e-02
1.274245069961824761e+01 1.204618003418173044e+00 6.794453808913059056e-02
1.451728140926205768e+01 9.292818539728617822e-01 5.490853099649482816e-02
1.653931920034971981e+01 7.148923031756053703e-01 4.524195121810456466e-02
1.884299628142029093e+01 5.632312322408969951e-01 3.835019208358982773e-02
2.146754074702852577e+01 4.264732475865022909e-01 3.291257759953033352e-02
2.445764457215044274e+01 3.047795555653451949e-01 2.859790216622818890e-02
2.786422464810916466e+01 2.337766294825147639e-01 2.583098899126182527e-02
3.174528981929791982e+01 1.668185979690208764e-01 2.357594665981887702e-02
3.616692868500850011e+01 1.290255680184491105e-01 2.216881854525380030e-02
4.120443498711833286e+01 8.212200540023961715e-02 2.081515240606604186e-02
4.694358974726586098e+01 5.147043278132423794e-02 1.991416102812559527e-02
