1.069642439726958605e+00 -1.199016879446817452e+00 nan
1.218627458003121777e+00 -8.068894829720676398e-01 2.153555378868596271e-01
1.388363836590320144e+00 -8.045692860597608576e-01 1.838644788663974794e-01
1.581741926207981042e+00 4.927303962363753786e-01 4.141154700187571480e-01
1.802054659727066133e+00 2.328124523280034719e+00 5.093905701501607597e-01
2.053053625776520175e+00 4.267683151221779880e+00 5.272735719585398551e-01
2.339012952555230562e+00 6.513558302606278438e+00 5.194877184543553739e-01
2.664802089693036891e+00 7.592169981048981775e+00 4.655166511165582111e-01
3.035968727524477995e+00 7.972414496124953232e+00 3.971798518645112130e-01
3.458833265763586962e+00 6.970619209216376788e+00 3.113637027361436105e-01
3.940596440236666886e+00 6.242475555766653805e+00 2.474675819018273548e-01
4.489461940391565875e+00 5.031758795784616822e+00 1.879004815983806309e-01
5.114776105571953835e+00 4.034257235213003945e+00 1.433489122874437305e-01
5.827187078870319503e+00 3.372250067266822970e+00 1.124340755690136917e-01
6.638826128706195817e+00 2.624548252942464632e+00 8.602502476713576318e-02
7.563514225758552811e+00 2.073245090236333521e+00 6.711632845504669764e-02
8.616997392941321721e+00 1.682425077353555398e+00 5.363249623348705086e-02
9.817214836071872952e+00 1.320745686429238841e+00 4.288833951552182416e-02
1.118460442108735009e+01 1.059451430946525052e+00 3.520371645415568129e-02
1.274245069961824761e+01 8.500841741714881827e-01 2.941921125873414242e-02
1.451728140926205768e+01 6.487280670637636248e-01 2.468915424918319973e-02
1.653931920034971981e+01 5.084454223121273042e-01 2.136969149993777836e-02
1.884299628142029093e+01 3.869972074978311749e-01 1.876029836239140325e-02
2.146754074702852577e+01 2.975624320618364127e-01 1.688714309089545118e-02
2.445764457215044274e+01 2.231177799994057409e-01 1.544018366533072423e-02
2.786422464810916466e+01 1.628201463444944874e-01 1.433614322165024241e-02
3.174528981929791982e+01 1.161608565018190653e-01 1.351627034408940491e-02
3.616692868500850011e+01 7.757898712997035595e-02 1.287791747558327676e-02
4.120443498711833286e+01 5.307290110812057371e-02 1.246300651998673466e-02
4.694358974726586098e+01 3.670744403662307143e-02 1.218424019564258269e-02
