1.069642439726958605e+00 -1.568399481916614935e+00 nan
1.218627458003121777e+00 -9.070100700826899676e-01 2.206790073175468603e+00
1.388363836590320144e+00 -1.670707196342195555e+00 nan
1.581741926207981042e+00 -1.023887973640856597e+00 nan
1.802054659727066133e+00 -1.223041575365118039e+00 nan
2.053053625776520175e+00 -5.392386320795572452e-01 2.287563092488709593e+00
2.339012952555230562e+00 -1.063926744697551552e+00 nan
2.664802089693036891e+00 -1.145193397342994412e+00 nan
3.035968727524477995e+00 1.311223947897581787e-01 2.010799900086736702e+00
3.458833265763586962e+00 4.697988263311245305e+00 3.721901375162767422e+00
3.940596440236666886e+00 9.249160291952769342e+00 4.115877638116512749e+00
4.489461940391565875e+00 9.965195353132276779e+00 3.507736868538789743e+00
5.114776105571953835e+00 1.339438377986464346e+01 3.332787093893761377e+00
5.827187078870319503e+00 1.040989698376507278e+01 2.448524710035153262e+00
6.638826128706195817e+00 8.039769445671240078e+00 1.797226267338698946e+00
7.563514225758552811e+00 6.946981921602283450e+00 1.397169384815521331e+00
8.616997392941321721e+00 5.388817764470737792e+00 1.036536942947530848e+00
9.817214836071872952e+00 4.368103066692778924e+00 7.881134979560787679e-01
1.118460442108735009e+01 3.339374415371648475e+00 5.880299657034588900e-01
1.274245069961824761e+01 2.496030341765291816e+00 4.381680914296799956e-01
1.451728140926205768e+01 2.089890683260410498e+00 3.453504229591833341e-01
1.653931920034971981e+01 1.531686165129657162e+00 2.613781606627128551e-01
1.884299628142029093e+01 1.126887863092333131e+00 2.012743766120634326e-01
2.146754074702852577e+01 7.746147568652421711e-01 1.550881411594731141e-01
2.445764457215044274e+01 7.697064344929096524e-01 1.349739135447201310e-01
2.786422464810916466e+01 5.490283232848665040e-01 1.089097220876607125e-01
3.174528981929791982e+01 3.666721039370786084e-01 8.909833159784810719e-02
3.616692868500850011e+01 2.744451497883393376e-01 7.674045667161531747e-02
4.120443498711833286e+01 1.951586553487625331e-01 6.724316120903110761e-02
4.694358974726586098e+01 1.453281265464578809e-01 6.077600564446530157e-02
