1.069642439726958605e+00 -1.407764043778134244e+00 nan
1.218627458003121777e+00 -9.221325637266615249e-01 1.373151192748618687e-01
1.388363836590320144e+00 -8.119204139527809172e-01 1.811224227569956657e-01
1.581741926207981042e+00 6.887194529710796154e-01 4.423425015133819471e-01
1.802054659727066133e+00 2.160924377757140746e+00 4.984163327721622405e-01
2.053053625776520175e+00 4.729443433981736611e+00 5.524905858491954147e-01
2.339012952555230562e+00 6.755923934342189519e+00 5.302011601260337992e-01
2.664802089693036891e+00 7.637072594707963624e+00 4.686827325263952515e-01
3.035968727524477995e+00 7.771976191161737546e+00 3.939950666682278113e-01
3.458833265763586962e+00 6.938543596970310645e+00 3.119165658735030822e-01
3.940596440236666886e+00 6.072029189888135114e+00 2.451660937931730844e-01
4.489461940391565875e+00 4.895863731425015075e+00 1.862015794161870352e-01
5.114776105571953835e+00 4.022037095333505619e+00 1.436920620850626329e-01
5.827187078870319503e+00 3.284654661655328489e+00 1.114918250423458379e-01
6.638826128706195817e+00 2.673266286381443813e+00 8.705667395133329101e-02
7.563514225758552811e+00 2.111072395103534838e+00 6.788600875412337254e-02
8.616997392941321721e+00 1.669993907918208897e+00 5.365165344159399108e-02
9.817214836071872952e+00 1.318054880592596678e+00 4.299694033356831618e-02
1.118460442108735009e+01 1.041969539543249557e+00 3.509798516073857344e-02
1.274245069961824761e+01 8.475528459356787003e-01 2.947824231775904302e-02
1.451728140926205768e+01 6.794803835966962691e-01 2.512950843072861776e-02
1.653931920034971981e+01 5.172358077505099239e-01 2.153288654374905034e-02
1.884299628142029093e+01 3.882072384585482094e-01 1.882392265279895366e-02
2.146754074702852577e+01 3.007572720760069984e-01 1.696687032518336483e-02
2.445764457215044274e+01 2.261740146536206364e-01 1.551294831401512676e-02
2.786422464810916466e+01 1.692513491561047356e-01 1.444418159937921851e-02
3.174528981929791982e+01 1.202856839374664144e-01 1.359465542793257715e-02
3.616692868500850011e+01 8.795809600720772004e-02 1.302673582694250168e-02
4.120443498711833286e+01 6.094626259202140517e-02 1.258133790301169293e-02
4.694358974726586098e+01 4.297176728584517491e-02 1.228295671535972571e-02
