1.069642439726958605e+00 -1.749591685226429050e+00 nan
1.218627458003121777e+00 -7.995827081100395084e-01 3.237083615157133831e+00
1.388363836590320144e+00 -9.060779167309971349e-01 1.880652183041515935e+00
1.581741926207981042e+00 -1.426666666666666750e+00 nan
1.802054659727066133e+00 -8.453145111064979123e-01 1.615809920976334801e+00
2.053053625776520175e+00 -6.527457816204156327e-01 1.984252409495178338e+00
2.339012952555230562e+00 -7.852123327515998508e-01 1.277779655004767756e+00
2.664802089693036891e+00 -8.675410587535901108e-01 8.332080541805022555e-01
3.035968727524477995e+00 1.164161820555200677e-01 1.996033562938023476e+00
3.458833265763586962e+00 3.782287520846523421e+00 3.405675375306671970e+00
3.940596440236666886e+00 5.608936190138897437e+00 3.295189367621226495e+00
4.489461940391565875e+00 1.073679257208437399e+01 3.628562410948437122e+00
5.114776105571953835e+00 9.935360743590646138e+00 2.889629243804595848e+00
5.827187078870319503e+00 1.071020328351029782e+01 2.479940775352427185e+00
6.638826128706195817e+00 1.077258544294658726e+01 2.064774264402549075e+00
7.563514225758552811e+00 8.218184199686250579e+00 1.511250534422700964e+00
8.616997392941321721e+00 5.097888244141516978e+00 1.010126087625945912e+00
9.817214836071872952e+00 4.693104418110632281e+00 8.132331368381570114e-01
1.118460442108735009e+01 3.111031672682321503e+00 5.702803096180101283e-01
1.274245069961824761e+01 2.394576976094995757e+00 4.306414094754327793e-01
1.451728140926205768e+01 1.950721274181753007e+00 3.360228401000499021e-01
1.653931920034971981e+01 1.466053048456096075e+00 2.571543101428681588e-01
1.884299628142029093e+01 1.251005257035989082e+00 2.082416404294811785e-01
2.146754074702852577e+01 8.792171653055218528e-01 1.606918283694344085e-01
2.445764457215044274e+01 5.315169002532460496e-01 1.225717817043356361e-01
2.786422464810916466e+01 3.533290019292807393e-01 9.912623057317973552e-02
3.174528981929791982e+01 3.642166900386329953e-01 8.892482918763697231e-02
3.616692868500850011e+01 2.433559582338884475e-01 7.524761845830781060e-02
4.120443498711833286e+01 1.574059962362923670e-01 6.547935117762138102e-02
4.694358974726586098e+01 1.048750887937279774e-01 5.891661091629981500e-02
