1.069642439726958605e+00 -4.899944907398612326e-01 6.904302669166505702e+00
1.218627458003121777e+00 -9.360346421478391576e-01 1.858129228560302160e+00
1.388363836590320144e+00 -1.091616860958700919e+00 nan
1.581741926207981042e+00 -1.054691419969894906e+00 nan
1.802054659727066133e+00 -1.222154955672651866e+00 nan
2.053053625776520175e+00 -1.145749979901066418e+00 nan
2.339012952555230562e+00 -9.233340907837117584e-01 7.756447979582504759e-01
2.664802089693036891e+00 -1.307219922600888040e+00 nan
3.035968727524477995e+00 -8.709084841338441407e-01 6.894503301074427215e-01
3.458833265763586962e+00 5.256734726295699822e-01 1.951881810387909866e+00
3.940596440236666886e+00 3.421684304004695587e+00 2.734870024127856958e+00
4.489461940391565875e+00 1.374887043032915734e+01 4.143024815549601669e+00
5.114776105571953835e+00 8.765617457773505095e+00 2.769801510690153901e+00
5.827187078870319503e+00 1.325135545130521564e+01 2.791828463900093649e+00
6.638826128706195817e+00 8.111428958727687544e+00 1.831470597978460457e+00
7.563514225758552811e+00 7.565560925509290158e+00 1.475507578738858516e+00
8.616997392941321721e+00 6.564360351558871542e+00 1.152167973067427686e+00
9.817214836071872952e+00 4.125597607196334948e+00 7.796921563755357942e-01
1.118460442108735009e+01 3.488378489631762225e+00 6.077584955545960455e-01
1.274245069961824761e+01 2.602736087899418571e+00 4.520032018304904753e-01
1.451728140926205768e+01 2.135150454973163470e+00 3.531497096464223384e-01
1.653931920034971981e+01 1.693725998448762482e+00 2.749339637617717602e-01
1.884299628142029093e+01 1.324730776360690587e+00 2.154298310953554341e-01
2.146754074702852577e+01 8.639407577529689686e-01 1.620834473112066076e-01
2.445764457215044274e+01 5.343893250393998429e-01 1.243881151303331267e-01
2.786422464810916466e+01 3.992143578675404481e-01 1.027417824519941958e-01
3.174528981929791982e+01 2.807610189488112251e-01 8.598471829363583951e-02
3.616692868500850011e+01 2.235151908155714739e-01 7.519623791879739838e-02
4.120443498711833286e+01 1.355553780464540115e-01 6.519678635750343620e-02
4.694358974726586098e+01 6.736248308302084098e-02 5.782301428960891221e-02
