1.069642439726958605e+00 -1.223739429641926169e+00 nan
1.218627458003121777e+00 -8.174576669337896284e-01 3.175951893277579319e-01
1.388363836590320144e+00 -9.047231372806119332e-01 1.947245486174787599e-01
1.581741926207981042e+00 -3.749270660611494499e-01 4.062284425232658980e-01
1.802054659727066133e+00 4.314257394608029816e-01 5.056994020911461662e-01
2.053053625776520175e+00 2.769458140842660399e+00 6.741791043469691491e-01
2.339012952555230562e+00 6.109831814483319690e+00 7.624829674825142067e-01
2.664802089693036891e+00 6.542527195846331800e+00 6.552049081414328402e-01
3.035968727524477995e+00 8.149721689355226673e+00 6.015435292608908302e-01
3.458833265763586962e+00 7.643645999813479364e+00 4.856441093589959346e-01
3.940596440236666886e+00 7.198738398278239359e+00 3.935365899169557813e-01
4.489461940391565875e+00 6.090885733853465211e+00 3.041985492018923209e-01
5.114776105571953835e+00 4.979100512672954615e+00 2.326850221605016866e-01
5.827187078870319503e+00 4.077155864972981547e+00 1.793673268492333717e-01
6.638826128706195817e+00 3.200522079159071609e+00 1.364782241505829441e-01
7.563514225758552811e+00 2.478118425811568493e+00 1.043744487356962902e-01
8.616997392941321721e+00 2.034444194122855265e+00 8.276150040657331841e-02
9.817214836071872952e+00 1.562012137223896202e+00 6.460416887591365065e-02
1.118460442108735009e+01 1.250136217952348749e+00 5.211753954672478789e-02
1.274245069961824761e+01 9.812663556270515564e-01 4.243383519530395664e-02
1.451728140926205768e+01 7.822050966800606631e-01 3.543930731551102331e-02
1.653931920034971981e+01 5.847919763079301170e-01 2.962360869208813599e-02
1.884299628142029093e+01 4.682949742082236355e-01 2.584064359456269416e-02
2.146754074702852577e+01 3.439773710594653533e-01 2.256655467333013726e-02
2.445764457215044274e+01 2.590962782475119131e-01 2.030312478156750047e-02
2.786422464810916466e+01 1.882411706439006682e-01 1.855617530895050521e-02
3.174528981929791982e+01 1.320117826651638904e-01 1.724349492312994211e-02
3.616692868500850011e+01 8.998561302581054022e-02 1.629217165405611942e-02
4.120443498711833286e+01 6.104012006445125316e-02 1.563736305264201015e-02
4.694358974726586098e+01 3.845163691828190622e-02 1.514994063074334187e-02
