1.069642439726958605e+00 -3.276849284749702385e+00 nan
1.218627458003121777e+00 -1.161115321859857996e+00 nan
1.388363836590320144e+00 -3.341630353306739298e-01 1.460614615447507703e+01
1.581741926207981042e+00 -6.218795007201152192e-01 8.962941303072325283e+00
1.802054659727066133e+00 -6.942698043644635053e-01 6.626114249126335842e+00
2.053053625776520175e+00 -9.414605542018505968e-01 2.376351137477814568e+00
2.339012952555230562e+00 -7.055815841529411436e-01 4.363680009569312013e+00
2.664802089693036891e+00 -8.877493885774769833e-01 2.237304123480564400e+00
3.035968727524477995e+00 -1.000669045457520667e+00 nan
3.458833265763586962e+00 -9.258403366349448049e-01 1.234672877485656350e+00
3.940596440236666886e+00 3.794044029557633646e+00 8.161892357171490531e+00
4.489461940391565875e+00 5.350449176059248302e+00 7.719713395303010373e+00
5.114776105571953835e+00 3.197703766661095681e+00 5.157696430904504581e+00
5.827187078870319503e+00 1.601183879901415352e+01 8.621937976199696152e+00
6.638826128706195817e+00 5.758824658370403249e+00 4.444251790302288008e+00
7.563514225758552811e+00 8.752695937225198008e+00 4.426741730237379713e+00
8.616997392941321721e+00 9.111246103758654513e+00 3.734734442100278162e+00
9.817214836071872952e+00 6.133159782958632178e+00 2.580892945127773785e+00
1.118460442108735009e+01 5.442796699233356961e+00 2.032387595165109140e+00
1.274245069961824761e+01 4.731895276144111762e+00 1.589537829140871938e+00
1.451728140926205768e+01 1.855505193402390063e+00 9.138185122239370628e-01
1.653931920034971981e+01 2.675460586207237590e+00 8.741144169204947412e-01
1.884299628142029093e+01 1.697688875098303241e+00 6.181003590187690300e-01
2.146754074702852577e+01 1.965256884970504103e+00 5.510687234436176807e-01
2.445764457215044274e+01 8.245767811722546359e-01 3.528518184461637008e-01
2.786422464810916466e+01 8.510071372868099893e-01 3.032917548903024119e-01
3.174528981929791982e+01 5.705273360724858467e-01 2.359175134420875009e-01
3.616692868500850011e+01 4.156272974165138301e-01 1.918707535864198066e-01
4.120443498711833286e+01 2.669558357986898667e-01 1.566377400028259870e-01
4.694358974726586098e+01 2.646630247022234705e-01 1.397688124448592528e-01
