1.069642439726958605e+00 -1.123869192427789265e+00 nan
1.218627458003121777e+00 -8.308882714424339344e-01 4.992887594156605324e-01
1.388363836590320144e+00 -8.691976430367156503e-01 3.726594987662388836e-01
1.581741926207981042e+00 -7.603202247329570174e-01 4.107900118236240683e-01
1.802054659727066133e+00 -3.853966038611118528e-01 5.409087688117170112e-01
2.053053625776520175e+00 5.938371591967426255e-01 7.143529129531559496e-01
2.339012952555230562e+00 1.972494523498106389e+00 7.999603414582793226e-01
2.664802089693036891e+00 5.176958661520856708e+00 9.619481699622208781e-01
3.035968727524477995e+00 6.794972627121376618e+00 8.966293067465397337e-01
3.458833265763586962e+00 7.984895870503394555e+00 7.992190339558158385e-01
3.940596440236666886e+00 8.339849423124199745e+00 6.768481283745391153e-01
4.489461940391565875e+00 7.342458670592780123e+00 5.305490723755473814e-01
5.114776105571953835e+00 6.073793498279672853e+00 4.056737366334546846e-01
5.827187078870319503e+00 5.200957327266857888e+00 3.170596881068478146e-01
6.638826128706195817e+00 3.986380987802744968e+00 2.364064655593688391e-01
7.563514225758552811e+00 3.187564696665148745e+00 1.814310264987138710e-01
8.616997392941321721e+00 2.632963243797822095e+00 1.424175306356819382e-01
9.817214836071872952e+00 2.013811868842047659e+00 1.092144906852871855e-01
1.118460442108735009e+01 1.586056763197217334e+00 8.598819195632713408e-02
1.274245069961824761e+01 1.239069342076702052e+00 6.847155088804017520e-02
1.451728140926205768e+01 9.559206708712135736e-01 5.529586591728009176e-02
1.653931920034971981e+01 7.285766498749948195e-01 4.539299509928636928e-02
1.884299628142029093e+01 5.750344425832287776e-01 3.848173704109227045e-02
2.146754074702852577e+01 4.298568231503676618e-01 3.290020744407243236e-02
2.445764457215044274e+01 3.330885498377920140e-01 2.905944519228243969e-02
2.786422464810916466e+01 2.607884401985365308e-01 2.627388009614449113e-02
3.174528981929791982e+01 1.855587756768830587e-01 2.387226370844547710e-02
3.616692868500850011e+01 1.403012899837214889e-01 2.233255699392989319e-02
4.120443498711833286e+01 8.926458538012216337e-02 2.090708451424438952e-02
4.694358974726586098e+01 5.597917666175034057e-02 1.996060314749929093e-02
