1.069642439726958605e+00 -1.194615797372383881e+00 nan
1.218627458003121777e+00 -1.112288302294106135e+00 nan
1.388363836590320144e+00 -5.974241433861515738e-01 3.884653070735040625e+00
1.581741926207981042e+00 -1.168890622433897075e+00 nan
1.802054659727066133e+00 -8.410717120991910711e-01 1.634054091727780378e+00
2.053053625776520175e+00 -9.924761049773960231e-01 2.913948614847169383e-01
2.339012952555230562e+00 -1.118904014534836122e+00 nan
2.664802089693036891e+00 -9.055936821121646219e-01 7.017953380539242447e-01
3.035968727524477995e+00 2.525684908878536472e+00 3.541335823509066838e+00
3.458833265763586962e+00 3.060811738811555216e+00 3.130156728204881666e+00
3.940596440236666886e+00 7.753201351159296983e+00 3.788459285097602436e+00
4.489461940391565875e+00 7.817907625717880116e+00 3.129909333404548022e+00
5.114776105571953835e+00 1.088059741909658840e+01 3.008781219513049887e+00
5.827187078870319503e+00 1.046297584446511664e+01 2.446964089132210418e+00
6.638826128706195817e+00 9.264838505391468360e+00 1.915790263141561089e+00
7.563514225758552811e+00 6.943504119671263020e+00 1.392624386520674440e+00
8.616997392941321721e+00 5.890907208643326953e+00 1.076435447966171743e+00
9.817214836071872952e+00 4.239979491412021240e+00 7.754804486559530030e-01
1.118460442108735009e+01 3.703939352708431443e+00 6.131873389021486043e-01
1.274245069961824761e+01 2.785387919048184280e+00 4.569754055872752851e-01
1.451728140926205768e+01 1.933907204805614954e+00 3.342069023478665413e-01
1.653931920034971981e+01 1.570103916530801946e+00 2.629784777053874589e-01
1.884299628142029093e+01 1.436314468442036807e+00 2.182509589483445644e-01
2.146754074702852577e+01 8.984623240902342989e-01 1.614145310579160331e-01
2.445764457215044274e+01 7.275476310656963097e-01 1.324704085432492351e-01
2.786422464810916466e+01 5.570653453272942368e-01 1.090324203414861776e-01
3.174528981929791982e+01 4.238536007964026631e-01 9.160537896280349091e-02
3.616692868500850011e+01 2.755915067776650851e-01 7.661947773098796988e-02
4.120443498711833286e+01 1.530735092081971782e-01 6.517727840376053017e-02
4.694358974726586098e+01 1.563333914062130514e-01 6.114901191570747130e-02
