1.069642439726958605e+00 -9.469343355872881229e-01 3.695082067361469824e-01
1.218627458003121777e+00 -9.988247612517437979e-01 4.178802768410405655e-02
1.388363836590320144e+00 -8.766673788583647653e-01 3.633079953593167932e-01
1.581741926207981042e+00 -5.448101279470896063e-01 5.684004865260553485e-01
1.802054659727066133e+00 -6.678308319937396043e-01 3.992044475789309210e-01
2.053053625776520175e+00 1.131367231362201409e-02 5.711285864126800504e-01
2.339012952555230562e+00 1.671569917977871578e+00 7.612355147548930390e-01
2.664802089693036891e+00 4.356468588651152274e+00 8.985258836545914063e-01
3.035968727524477995e+00 7.115313490382044748e+00 9.189490835108633515e-01
3.458833265763586962e+00 8.779218638482930714e+00 8.386050228516549465e-01
3.940596440236666886e+00 7.982457689927782596e+00 6.655380960579102556e-01
4.489461940391565875e+00 7.138872133100975681e+00 5.255189853860633420e-01
5.114776105571953835e+00 6.176901997914217013e+00 4.104705158636461348e-01
5.827187078870319503e+00 4.964715233469192412e+00 3.113726394193091496e-01
6.638826128706195817e+00 4.058044293618308984e+00 2.392329152896812416e-01
7.563514225758552811e+00 3.051482735548651348e+00 1.785955915023927087e-01
8.616997392941321721e+00 2.586267250878493407e+00 1.418072262058700517e-01
9.817214836071872952e+00 2.047296236163209660e+00 1.103570100367000928e-01
1.118460442108735009e+01 1.657149230857422273e+00 8.781708517957841076e-02
1.274245069961824761e+01 1.215257412016159888e+00 6.820171246154248246e-02
1.451728140926205768e+01 9.513639842645729150e-01 5.537958960599925068e-02
1.653931920034971981e+01 7.558753181386617115e-01 4.606246409206871811e-02
1.884299628142029093e+01 5.569299009770418696e-01 3.824780759259529400e-02
2.146754074702852577e+01 4.451822361087420798e-01 3.327780614361458555e-02
2.445764457215044274e+01 3.296769449054968160e-01 2.907173951998590425e-02
2.786422464810916466e+01 2.534582519154398028e-01 2.620375085563424189e-02
3.174528981929791982e+01 1.743040164928744140e-01 2.372217066379888120e-02
3.616692868500850011e+01 1.172277626823887697e-01 2.196097571912542651e-02
4.120443498711833286e+01 8.385174840745479585e-02 2.085407245599001785e-02
4.694358974726586098e+01 4.557156759907754484e-02 1.981325112367179203e-02
