1.069642439726958605e+00 -1.066763722399422409e+00 nan
1.218627458003121777e+00 -8.348442073197888114e-01 4.944802892851717369e-01
1.388363836590320144e+00 -1.117013686186407728e+00 nan
1.581741926207981042e+00 -9.822749307479226033e-01 1.119470891057026823e-01
1.802054659727066133e+00 -7.154048899952774043e-01 3.688311542172854063e-01
2.053053625776520175e+00 6.620895072119274971e-01 7.310885176424102294e-01
2.339012952555230562e+00 2.049046036380729241e+00 8.119900216634106105e-01
2.664802089693036891e+00 3.931071479826139914e+00 8.601364784308669353e-01
3.035968727524477995e+00 7.616927665933356018e+00 9.459747507082252316e-01
3.458833265763586962e+00 8.310759447143656331e+00 8.159222966888900475e-01
3.940596440236666886e+00 8.344990991835210536e+00 6.784628411295466899e-01
4.489461940391565875e+00 7.383350125195948799e+00 5.330566870132962265e-01
5.114776105571953835e+00 6.219291731675202328e+00 4.110903241389894935e-01
5.827187078870319503e+00 4.899145680716471496e+00 3.089168766981678638e-01
6.638826128706195817e+00 4.089675609345261975e+00 2.396853593562499052e-01
7.563514225758552811e+00 3.106939597221532345e+00 1.797239170111267492e-01
8.616997392941321721e+00 2.475295288668985627e+00 1.389072451145297593e-01
9.817214836071872952e+00 1.886736804955290836e+00 1.065181459517097057e-01
1.118460442108735009e+01 1.629144311305511295e+00 8.707730151845430311e-02
1.274245069961824761e+01 1.270603255579263902e+00 6.924665111861692812e-02
1.451728140926205768e+01 9.617387566595738679e-01 5.550705305954050511e-02
1.653931920034971981e+01 7.151121646359261952e-01 4.520522772096687708e-02
1.884299628142029093e+01 5.545272799824578769e-01 3.815141733016125247e-02
2.146754074702852577e+01 4.539817563523380617e-01 3.340082366455495583e-02
2.445764457215044274e+01 3.227347869408132564e-01 2.890845097781939363e-02
2.786422464810916466e+01 2.469437523923505573e-01 2.605421706995594833e-02
3.174528981929791982e+01 1.712875238748410300e-01 2.364120900859752183e-02
3.616692868500850011e+01 1.202935382016507848e-01 2.199417007702701016e-02
4.120443498711833286e+01 7.408789844019891824e-02 2.065482090719055266e-02
4.694358974726586098e+01 5.130178595045098433e-02 1.989836466473660082e-02
