1.069642439726958605e+00 -1.171982553395032323e+00 nan
1.218627458003121777e+00 -6.252933348243649991e-01 7.386523169867446059e-01
1.388363836590320144e+00 -9.722109975735671039e-01 1.707077288281343419e-01
1.581741926207981042e+00 -8.730220866985329842e-01 2.971502476725560449e-01
1.802054659727066133e+00 -8.222455737373564055e-01 2.890613919317173153e-01
2.053053625776520175e+00 1.694325476750624393e-01 6.080003655886607739e-01
2.339012952555230562e+00 2.796493191022167757e+00 8.990873093849727216e-01
2.664802089693036891e+00 4.967659408609081950e+00 9.395128644257022543e-01
3.035968727524477995e+00 7.099611134726846906e+00 9.088759654088451878e-01
3.458833265763586962e+00 8.330981740946176828e+00 8.102163855181586660e-01
3.940596440236666886e+00 8.380843713413147711e+00 6.743835324693082667e-01
4.489461940391565875e+00 7.972428189674095833e+00 5.486700655854200859e-01
5.114776105571953835e+00 5.730044146215600875e+00 3.924114782748542307e-01
5.827187078870319503e+00 4.672084427460317713e+00 2.998454181670173191e-01
6.638826128706195817e+00 3.865568091429560926e+00 2.317763469519177333e-01
7.563514225758552811e+00 3.171652773681851389e+00 1.800093234256568142e-01
8.616997392941321721e+00 2.440050563218271851e+00 1.370279898981911215e-01
9.817214836071872952e+00 1.894576886007138139e+00 1.059210700776602870e-01
1.118460442108735009e+01 1.533010209424298775e+00 8.439452438646227739e-02
1.274245069961824761e+01 1.275687109836028288e+00 6.887938432974299863e-02
1.451728140926205768e+01 9.783427290510311458e-01 5.547262211860402165e-02
1.653931920034971981e+01 7.389853626499176542e-01 4.538240660837584983e-02
1.884299628142029093e+01 5.864373363358266200e-01 3.852657212139785209e-02
2.146754074702852577e+01 4.409810930208342139e-01 3.296854433490106762e-02
2.445764457215044274e+01 3.315898756534252367e-01 2.891532349865801044e-02
2.786422464810916466e+01 2.478811408868772936e-01 2.593739791444641535e-02
3.174528981929791982e+01 1.710140880636268346e-01 2.351996635586949685e-02
3.616692868500850011e+01 1.255892741066764184e-01 2.198665173617811788e-02
4.120443498711833286e+01 8.952008270587974437e-02 2.084091370059055343e-02
4.694358974726586098e+01 6.307995513368735985e-02 2.002371722380640734e-02
