1.069642439726958605e+00 -1.080494409185808191e+00 nan
1.218627458003121777e+00 -1.703304793414742946e+00 nan
1.388363836590320144e+00 -2.980203655272273267e-01 1.459096253076014449e+01
1.581741926207981042e+00 -8.648411957029424890e-01 5.213459214115673035e+00
1.802054659727066133e+00 -1.327113115360833540e+00 nan
2.053053625776520175e+00 -1.149399362774098154e+00 nan
2.339012952555230562e+00 -8.777162284101718281e-01 2.736033033447596186e+00
2.664802089693036891e+00 -9.269350655051691312e-01 1.756118831891312126e+00
3.035968727524477995e+00 -1.130873112198203856e+00 nan
3.458833265763586962e+00 -1.262281881631380998e+00 nan
3.940596440236666886e+00 -1.106833741183980369e+00 nan
4.489461940391565875e+00 7.796675126330265826e+00 8.846805419512156377e+00
5.114776105571953835e+00 8.960128447027319254e+00 7.750703834140940884e+00
5.827187078870319503e+00 1.505942255941946328e+01 8.147406333115320365e+00
6.638826128706195817e+00 1.080972783396167181e+01 5.745709464394297861e+00
7.563514225758552811e+00 1.629752081482720172e+01 5.801285788254888942e+00
8.616997392941321721e+00 6.043823311881322269e+00 3.014476709308237190e+00
9.817214836071872952e+00 5.751536131445670108e+00 2.441409667806563100e+00
1.118460442108735009e+01 3.800206189232654630e+00 1.695136841896971003e+00
1.274245069961824761e+01 4.237061995818013571e+00 1.474832992241162488e+00
1.451728140926205768e+01 2.225000435174330882e+00 9.490939486700642469e-01
1.653931920034971981e+01 2.282766777153171223e+00 8.003534637152640574e-01
1.884299628142029093e+01 2.017459712343780076e+00 6.411973743557162209e-01
2.146754074702852577e+01 1.262566803558721862e+00 4.598196564197009617e-01
2.445764457215044274e+01 9.211778621707531478e-01 3.544864691661194223e-01
2.786422464810916466e+01 8.966028676789081775e-01 3.003850391100995054e-01
3.174528981929791982e+01 4.027051899051174999e-01 2.146334891654438914e-01
3.616692868500850011e+01 1.695036047705096305e-01 1.656081613746114289e-01
4.120443498711833286e+01 1.875743140342462922e-01 1.465224968545600637e-01
4.694358974726586098e+01 1.130629396788120911e-01 1.246694307928589984e-01
