1.069642439726958605e+00 -1.480903162525946559e+00 nan
1.218627458003121777e+00 -9.029777420829347978e-01 2.326792141979243389e-01
1.388363836590320144e+00 -8.904859458810518991e-01 2.097973864581705039e-01
1.581741926207981042e+00 -4.779668470166931193e-01 3.730551408252239520e-01
1.802054659727066133e+00 3.791815442158263938e-01 4.988165181769189660e-01
2.053053625776520175e+00 2.837140505543546798e+00 6.835876167275166670e-01
2.339012952555230562e+00 5.580178084181238951e+00 7.366355845387548840e-01
2.664802089693036891e+00 8.470509787313352135e+00 7.402780952132523851e-01
3.035968727524477995e+00 8.105076652186230746e+00 6.028953535588158497e-01
3.458833265763586962e+00 7.731697155140039079e+00 4.906012502852102886e-01
3.940596440236666886e+00 6.926356544361023992e+00 3.882014454120435443e-01
4.489461940391565875e+00 6.070789924353675815e+00 3.051351665913084599e-01
5.114776105571953835e+00 4.780434568252488248e+00 2.293289843931663463e-01
5.827187078870319503e+00 4.060095193277556191e+00 1.798280094115921601e-01
6.638826128706195817e+00 3.191433062694802203e+00 1.369097837409082308e-01
7.563514225758552811e+00 2.560621999243836822e+00 1.063494398350284531e-01
8.616997392941321721e+00 2.009056744026169739e+00 8.267129075696819096e-02
9.817214836071872952e+00 1.611085799844875321e+00 6.568957608687482630e-02
1.118460442108735009e+01 1.329748411724750889e+00 5.359781298618940260e-02
1.274245069961824761e+01 1.013515677307419871e+00 4.309606340271032732e-02
1.451728140926205768e+01 8.030759250765084900e-01 3.588401249410946847e-02
1.653931920034971981e+01 6.302585887932254938e-01 3.040045177780290736e-02
1.884299628142029093e+01 4.897661990579231794e-01 2.623983349041246818e-02
2.146754074702852577e+01 3.663924702574166137e-01 2.296223852816920569e-02
2.445764457215044274e+01 2.648482820939332960e-01 2.044692033572378942e-02
2.786422464810916466e+01 2.051454942896315803e-01 1.885204674833954389e-02
3.174528981929791982e+01 1.500337155046151949e-01 1.754930561827604957e-02
3.616692868500850011e+01 1.048692846298360237e-01 1.654882762152711309e-02
4.120443498711833286e+01 7.010818242839911285e-02 1.580800619062885937e-02
4.694358974726586098e+01 4.991293733593393789e-02 1.535274768295771981e-02
