1.069642439726958605e+00 -1.080015901271791368e+00 nan
1.218627458003121777e+00 -8.466093081751984162e-01 4.795974054032997591e-01
1.388363836590320144e+00 -1.156413379951507725e+00 nan
1.581741926207981042e+00 -5.850353317518832696e-01 5.451807847273176799e-01
1.802054659727066133e+00 -1.014751471700333862e+00 nan
2.053053625776520175e+00 -1.739423636129688866e-01 5.184834247964800191e-01
2.339012952555230562e+00 2.961600011269044597e+00 9.321286654599397759e-01
2.664802089693036891e+00 4.526545224363392350e+00 9.169989113851226836e-01
3.035968727524477995e+00 7.043511588208326124e+00 9.188982354174429767e-01
3.458833265763586962e+00 8.614728473281953569e+00 8.349212351214946315e-01
3.940596440236666886e+00 7.576746406290590485e+00 6.523257925972132387e-01
4.489461940391565875e+00 7.712445369525835481e+00 5.476364408784242244e-01
5.114776105571953835e+00 5.882119432864351793e+00 4.028550809614580008e-01
5.827187078870319503e+00 5.040480797007599989e+00 3.149322422517193965e-01
6.638826128706195817e+00 3.834201295075647664e+00 2.340971991940319907e-01
7.563514225758552811e+00 3.298637451327224746e+00 1.856909622688510120e-01
8.616997392941321721e+00 2.635288767272465194e+00 1.435641615692094253e-01
9.817214836071872952e+00 2.077891359684473471e+00 1.114936842121063837e-01
1.118460442108735009e+01 1.647413534668320079e+00 8.794670689713698919e-02
1.274245069961824761e+01 1.351347906824927447e+00 7.128508863654718641e-02
1.451728140926205768e+01 9.926024446732879536e-01 5.640883995555250052e-02
1.653931920034971981e+01 7.652938477250188498e-01 4.640585376845790533e-02
1.884299628142029093e+01 5.900416201493772217e-01 3.900674424888823932e-02
2.146754074702852577e+01 4.573873059041533295e-01 3.361144531212797298e-02
2.445764457215044274e+01 3.371597684021521157e-01 2.929743448606162218e-02
2.786422464810916466e+01 2.576348340952165916e-01 2.635497212300994332e-02
3.174528981929791982e+01 1.742763091894850014e-01 2.378582512997788612e-02
3.616692868500850011e+01 1.197680780654390986e-01 2.206466356405775708e-02
4.120443498711833286e+01 8.552441186743986457e-02 2.093712729765109110e-02
4.694358974726586098e+01 5.722262766362717912e-02 2.007504356145693031e-02
