1.069642439726958605e+00 -1.030474803962444508e+00 nan
1.218627458003121777e+00 -9.396328854072732994e-01 1.207235260271021376e-01
1.388363836590320144e+00 -4.349404096845845835e-01 3.135199058638680203e-01
1.581741926207981042e+00 2.009031786492083693e-01 3.723615309356296810e-01
1.802054659727066133e+00 2.658480470258562711e+00 5.356433592030231949e-01
2.053053625776520175e+00 4.807930576317416715e+00 5.554954374232718983e-01
2.339012952555230562e+00 6.459488644916111078e+00 5.189217677418000996e-01
2.664802089693036891e+00 7.665485420150602636e+00 4.688057456194954509e-01
3.035968727524477995e+00 7.885389663565922191e+00 3.961343572926581680e-01
3.458833265763586962e+00 7.087009348832486566e+00 3.146280083907632696e-01
3.940596440236666886e+00 5.785810860021604718e+00 2.392721826218829340e-01
4.489461940391565875e+00 5.039184438530737609e+00 1.884981097860680410e-01
5.114776105571953835e+00 4.084532986561821843e+00 1.445335616314932514e-01
5.827187078870319503e+00 3.299208379751354059e+00 1.115690002638717315e-01
6.638826128706195817e+00 2.585199407727001741e+00 8.564702578225301399e-02
7.563514225758552811e+00 2.059320998710002737e+00 6.707475532315726463e-02
8.616997392941321721e+00 1.670269692284465535e+00 5.358880740338916454e-02
9.817214836071872952e+00 1.335591671648140188e+00 4.317133287568430955e-02
1.118460442108735009e+01 1.047643801695147925e+00 3.512852764448656101e-02
1.274245069961824761e+01 8.310971474218924460e-01 2.924546489198355179e-02
1.451728140926205768e+01 6.581521546104005527e-01 2.484809333978747065e-02
1.653931920034971981e+01 5.119918485617445114e-01 2.144953617954175815e-02
1.884299628142029093e+01 4.049819674374190992e-01 1.900286088972001283e-02
2.146754074702852577e+01 2.969846102896571693e-01 1.690758355523708928e-02
2.445764457215044274e+01 2.298170166262865077e-01 1.554192554858614336e-02
2.786422464810916466e+01 1.669429461471163556e-01 1.440535540088028199e-02
3.174528981929791982e+01 1.211722187569197473e-01 1.359394081461586315e-02
3.616692868500850011e+01 8.447307047598884289e-02 1.297604012641408698e-02
4.120443498711833286e+01 5.913278855402692713e-02 1.255054732877102126e-02
4.694358974726586098e+01 3.883068446915838301e-02 1.222555127596449374e-02
