1.069642439726958605e+00 -1.205482025119730238e+00 nan
1.218627458003121777e+00 -1.675107955055035180e-01 6.614944724947990018e+00
1.388363836590320144e+00 -7.582223925746067739e-01 3.025378824265834599e+00
1.581741926207981042e+00 -7.234279584089784443e-01 2.634886895576408428e+00
1.802054659727066133e+00 -1.398391116514881904e+00 nan
2.053053625776520175e+00 -7.952027026389438813e-01 1.527830854308988906e+00
2.339012952555230562e+00 -7.127745364301645292e-01 1.481536094895875788e+00
2.664802089693036891e+00 6.815836867404956312e-01 2.977445817914028847e+00
3.035968727524477995e+00 -1.034446552226496507e+00 nan
3.458833265763586962e+00 3.895610985208032506e+00 3.455031748637972910e+00
3.940596440236666886e+00 5.946320027962537225e+00 3.387822943519654739e+00
4.489461940391565875e+00 1.414030381022208793e+01 4.144335601724949747e+00
5.114776105571953835e+00 9.671361628717237480e+00 2.860992747550470838e+00
5.827187078870319503e+00 1.081782647691219168e+01 2.498249360144963127e+00
6.638826128706195817e+00 9.121310506353603742e+00 1.910750018295047647e+00
7.563514225758552811e+00 7.266914710221554330e+00 1.429353887838193726e+00
8.616997392941321721e+00 5.592884276532346988e+00 1.056063242563353155e+00
9.817214836071872952e+00 3.868957293290141930e+00 7.486714310560952379e-01
1.118460442108735009e+01 3.317082369766076511e+00 5.873629619273196267e-01
1.274245069961824761e+01 2.620692022475809235e+00 4.476699807751569060e-01
1.451728140926205768e+01 1.897101569295670087e+00 3.333069091478593760e-01
1.653931920034971981e+01 1.618866608899789838e+00 2.671260710037491326e-01
1.884299628142029093e+01 1.431137370981551804e+00 2.189089778140983766e-01
2.146754074702852577e+01 9.389688393097066488e-01 1.642991271713054313e-01
2.445764457215044274e+01 6.662739554920480423e-01 1.298598894945995619e-01
2.786422464810916466e+01 5.836451406914211493e-01 1.107710429772186395e-01
3.174528981929791982e+01 3.226357555479162365e-01 8.711366242699961071e-02
3.616692868500850011e+01 2.737147912149879847e-01 7.680777769779836839e-02
4.120443498711833286e+01 1.419038670140140290e-01 6.488850830313704077e-02
4.694358974726586098e+01 1.264471893518561707e-01 5.999393910121111895e-02
