1.069642439726958605e+00 -1.254987088954288676e+00 nan
1.218627458003121777e+00 -5.867592685710931733e-01 4.805152061395028262e-01
1.388363836590320144e+00 -7.417258265177348875e-01 3.223892885566662092e-01
1.581741926207981042e+00 -5.361595008292141529e-01 3.518496986795289216e-01
1.802054659727066133e+00 5.776408893962650115e-01 5.338770855065123611e-01
2.053053625776520175e+00 2.422456052372039981e+00 6.457526028151236996e-01
2.339012952555230562e+00 4.803349936202646830e+00 6.915317403303415933e-01
2.664802089693036891e+00 7.224419079170520064e+00 6.887462584805763566e-01
3.035968727524477995e+00 8.234312214159592358e+00 6.077126961947580952e-01
3.458833265763586962e+00 7.599738081234204579e+00 4.869227076031065748e-01
3.940596440236666886e+00 7.327671361000374084e+00 3.989905418347106658e-01
4.489461940391565875e+00 6.209698383712722425e+00 3.086227896531431036e-01
5.114776105571953835e+00 5.002205834277182461e+00 2.343974706380201611e-01
5.827187078870319503e+00 3.791544997009053120e+00 1.743348483385999681e-01
6.638826128706195817e+00 3.147753159396695644e+00 1.361320754480871142e-01
7.563514225758552811e+00 2.554764586527185077e+00 1.062979801719543538e-01
8.616997392941321721e+00 2.005625915490319322e+00 8.265396822272594313e-02
9.817214836071872952e+00 1.544855936064194246e+00 6.461775312833019369e-02
1.118460442108735009e+01 1.266969887086475399e+00 5.262074670591108255e-02
1.274245069961824761e+01 9.956680940378599409e-01 4.283969599177405579e-02
1.451728140926205768e+01 7.508634564186171811e-01 3.511144472793944343e-02
1.653931920034971981e+01 5.924914956671061272e-01 2.985391170435715627e-02
1.884299628142029093e+01 4.591614344658700997e-01 2.580318483757259793e-02
2.146754074702852577e+01 3.587692690257635597e-01 2.286058971680188928e-02
2.445764457215044274e+01 2.619426182101822764e-01 2.041250237017954577e-02
2.786422464810916466e+01 1.963290662336150127e-01 1.873208332506955121e-02
3.174528981929791982e+01 1.430091368715973310e-01 1.745457687518416068e-02
3.616692868500850011e+01 9.787045749045963916e-02 1.645407522633590691e-02
4.120443498711833286e+01 6.909029248165321491e-02 1.579846450967758650e-02
4.694358974726586098e+01 4.387578842102501930e-02 1.527123387441185060e-02
