1.069642439726958605e+00 -1.693257617840354445e+00 nan
1.218627458003121777e+00 -8.592505853963587903e-01 4.581068673237794764e-01
1.388363836590320144e+00 -8.155217297051637892e-01 4.451030740652391904e-01
1.581741926207981042e+00 -9.910346120206490195e-01 7.989969478349133458e-02
1.802054659727066133e+00 -5.789690121894635055e-01 4.502294781948417146e-01
2.053053625776520175e+00 4.627066472750764881e-01 6.882054258400055469e-01
2.339012952555230562e+00 2.612987593468268699e+00 8.874184764463751707e-01
2.664802089693036891e+00 5.691868570732717458e+00 1.007504875661333177e+00
3.035968727524477995e+00 7.364054432206437184e+00 9.348844163732976664e-01
3.458833265763586962e+00 7.575319192413441094e+00 7.844215476931226672e-01
3.940596440236666886e+00 7.674778940755295764e+00 6.544535565551207190e-01
4.489461940391565875e+00 8.231958312432670510e+00 5.636178303364431930e-01
5.114776105571953835e+00 5.832908876130111331e+00 4.001893935767807942e-01
5.827187078870319503e+00 5.204037665322440276e+00 3.188493650438084526e-01
6.638826128706195817e+00 4.114229669347194474e+00 2.411405566027742808e-01
7.563514225758552811e+00 3.170932611524305944e+00 1.819520913473682555e-01
8.616997392941321721e+00 2.482260558856813848e+00 1.395186706039103219e-01
9.817214836071872952e+00 1.997004098747809930e+00 1.093776355074911333e-01
1.118460442108735009e+01 1.535297865574528409e+00 8.530327129460879565e-02
1.274245069961824761e+01 1.246133557874856468e+00 6.894093011786156522e-02
1.451728140926205768e+01 9.401242450698377162e-01 5.522954620391542363e-02
1.653931920034971981e+01 7.394686502879643797e-01 4.580284544310594258e-02
1.884299628142029093e+01 5.669702383705423898e-01 3.848706371371910656e-02
2.146754074702852577e+01 4.294051000893945869e-01 3.302106582247000405e-02
2.445764457215044274e+01 3.184195976914725446e-01 2.889537656278364994e-02
2.786422464810916466e+01 2.371511295678960796e-01 2.593106498075780850e-02
3.174528981929791982e+01 1.643097342566404162e-01 2.356287391983803367e-02
3.616692868500850011e+01 1.246294059527011111e-01 2.211806909957227466e-02
4.120443498711833286e+01 8.170615328734709415e-02 2.083459963579361793e-02
4.694358974726586098e+01 5.456968097149617059e-02 1.999602163499584681e-02
