1.069642439726958605e+00 -1.036320758399011499e+00 nan
1.218627458003121777e+00 -6.877187469427081812e-01 4.156195426018645112e-01
1.388363836590320144e+00 -1.148803438001104738e+00 nan
1.581741926207981042e+00 -3.649122804226134775e-01 4.096792829039735961e-01
1.802054659727066133e+00 6.314978811589986307e-01 5.402204313437704020e-01
2.053053625776520175e+00 2.614873025114466731e+00 6.604587245581199362e-01
2.339012952555230562e+00 4.533192896824949969e+00 6.716692966323202230e-01
2.664802089693036891e+00 7.410105563894480163e+00 6.932786283627825341e-01
3.035968727524477995e+00 7.336318685146485663e+00 5.732673493171074330e-01
3.458833265763586962e+00 8.106607957122131225e+00 4.995833740770916354e-01
3.940596440236666886e+00 7.142424139358340973e+00 3.922544219717086222e-01
4.489461940391565875e+00 6.455236160429494774e+00 3.129486788903463879e-01
5.114776105571953835e+00 4.793731741081608710e+00 2.286816194391343149e-01
5.827187078870319503e+00 3.890151160307753209e+00 1.755868987635430811e-01
6.638826128706195817e+00 3.169489477170161162e+00 1.359389159535138447e-01
7.563514225758552811e+00 2.528133355012950112e+00 1.053399076737016049e-01
8.616997392941321721e+00 2.069813390416934240e+00 8.341128954911748716e-02
9.817214836071872952e+00 1.598177586580213472e+00 6.523281671562296269e-02
1.118460442108735009e+01 1.275965327758024515e+00 5.255116383037343464e-02
1.274245069961824761e+01 1.004983296389420300e+00 4.281691570002373048e-02
1.451728140926205768e+01 7.978184386423705643e-01 3.568763696628957788e-02
1.653931920034971981e+01 6.020389304872666436e-01 2.988915864986429333e-02
1.884299628142029093e+01 4.674695252106855214e-01 2.583743657821966494e-02
2.146754074702852577e+01 3.670423659711723463e-01 2.290703311647329654e-02
2.445764457215044274e+01 2.677744113417201977e-01 2.043405024549636850e-02
2.786422464810916466e+01 1.918205971616449013e-01 1.861291119291174842e-02
3.174528981929791982e+01 1.415899491921845943e-01 1.738524994130267662e-02
3.616692868500850011e+01 9.760002934214284664e-02 1.640534544816328252e-02
4.120443498711833286e+01 6.888551293392763952e-02 1.575348433707497720e-02
4.694358974726586098e+01 5.033777409190465235e-02 1.532343692408058740e-02
