1.069642439726958605e+00 -1.528561456161761978e+00 nan
1.218627458003121777e+00 -6.204923933387722634e-01 7.493184238578172174e-01
1.388363836590320144e+00 -1.334289644874285141e+00 nan
1.581741926207981042e+00 -7.290472779523429203e-01 4.375574543025170793e-01
1.802054659727066133e+00 -1.028633551986053440e-01 6.547557767405978169e-01
2.053053625776520175e+00 3.937099523497680220e-01 6.691330095172978165e-01
2.339012952555230562e+00 2.148796502102353401e+00 8.249322902405176183e-01
2.664802089693036891e+00 4.752628898683784797e+00 9.295428510283669787e-01
3.035968727524477995e+00 7.177412465242002604e+00 9.205581990461007003e-01
3.458833265763586962e+00 8.952949883413339194e+00 8.445526632233317788e-01
3.940596440236666886e+00 8.693289844573694580e+00 6.915614158568292869e-01
4.489461940391565875e+00 6.710654407875869865e+00 5.093572290139251058e-01
5.114776105571953835e+00 6.023240055343650035e+00 4.047667158559398737e-01
5.827187078870319503e+00 5.319085113763573069e+00 3.209915702499839263e-01
6.638826128706195817e+00 4.094380905594423581e+00 2.397328851588323428e-01
7.563514225758552811e+00 3.330658826367365766e+00 1.853638751790278039e-01
8.616997392941321721e+00 2.434171711792047166e+00 1.378683239769254443e-01
9.817214836071872952e+00 1.996560742474050798e+00 1.089939542194147543e-01
1.118460442108735009e+01 1.608782071705614047e+00 8.661111243158479966e-02
1.274245069961824761e+01 1.251195219358341548e+00 6.882429455937526253e-02
1.451728140926205768e+01 9.960543671539843213e-01 5.617739753700429217e-02
1.653931920034971981e+01 7.403754991552251585e-01 4.568465453252291975e-02
1.884299628142029093e+01 5.896516963333844341e-01 3.880974157777469791e-02
2.146754074702852577e+01 4.517282047980675230e-01 3.335040450739032436e-02
2.445764457215044274e+01 3.159098753859010955e-01 2.877519840135000020e-02
2.786422464810916466e+01 2.423773750202404820e-01 2.596439223025120979e-02
3.174528981929791982e+01 1.705159479473052908e-01 2.362203262642881621e-02
3.616692868500850011e+01 1.293853727857445790e-01 2.215585027210496133e-02
4.120443498711833286e+01 8.232216098614753008e-02 2.080103959508031175e-02
4.694358974726586098e+01 6.054919080862419811e-02 2.006321095287675119e-02
