1.069642439726958605e+00 -1.567864458311094555e+00 nan
1.218627458003121777e+00 -1.049920320171705335e+00 nan
1.388363836590320144e+00 -1.214654537656554734e+00 nan
1.581741926207981042e+00 -4.753209718235509307e-01 3.728775200740359064e-01
1.802054659727066133e+00 7.807691670195229250e-01 5.652343146372101890e-01
2.053053625776520175e+00 2.614752938463968945e+00 6.613743176921955680e-01
2.339012952555230562e+00 4.958705876453124439e+00 6.983609282521677786e-01
2.664802089693036891e+00 6.703697200688406355e+00 6.636101721176579371e-01
3.035968727524477995e+00 7.911132929896067978e+00 5.943957026785117170e-01
3.458833265763586962e+00 7.701496818653064125e+00 4.882750340758149621e-01
3.940596440236666886e+00 7.147292539265391653e+00 3.929099582244637290e-01
4.489461940391565875e+00 5.822111588557126183e+00 2.982931071455171002e-01
5.114776105571953835e+00 4.765212754581807708e+00 2.283449542524523534e-01
5.827187078870319503e+00 4.010118166082718538e+00 1.783013087117809314e-01
6.638826128706195817e+00 3.134161888588018030e+00 1.354244126330561293e-01
7.563514225758552811e+00 2.488270016364592774e+00 1.047387451122178958e-01
8.616997392941321721e+00 2.040413959422038737e+00 8.300217632384414290e-02
9.817214836071872952e+00 1.556819947573112373e+00 6.462168180690130992e-02
1.118460442108735009e+01 1.223977792255207309e+00 5.178002231539305389e-02
1.274245069961824761e+01 9.403681406395942854e-01 4.186382307995585583e-02
1.451728140926205768e+01 7.792181574405856459e-01 3.544476526725761495e-02
1.653931920034971981e+01 5.925987985423548654e-01 2.977934656928334090e-02
1.884299628142029093e+01 4.519668899252629046e-01 2.563574063872182951e-02
2.146754074702852577e+01 3.366573473889973300e-01 2.248838136479863747e-02
2.445764457215044274e+01 2.470480497534488507e-01 2.015364123813541755e-02
2.786422464810916466e+01 1.880022466687953919e-01 1.857349749123780522e-02
3.174528981929791982e+01 1.381657508027058778e-01 1.735004514257298611e-02
3.616692868500850011e+01 8.871804860820109440e-02 1.629109270224608080e-02
4.120443498711833286e+01 6.695330610526717408e-02 1.573770547646336990e-02
4.694358974726586098e+01 4.421256302021103757e-02 1.524731062054430694e-02
