1.069642439726958605e+00 -1.300224391714252192e+00 nan
1.218627458003121777e+00 -9.836859028600439814e-01 1.545144954676747617e-01
1.388363836590320144e+00 -1.041045178950154693e+00 nan
1.581741926207981042e+00 -8.778195488721807216e-01 2.922290003638757239e-01
1.802054659727066133e+00 -8.379457202935045590e-01 2.767060461506999913e-01
2.053053625776520175e+00 5.393047598604265858e-01 6.994752995275241858e-01
2.339012952555230562e+00 2.247282070239839946e+00 8.332858815479246006e-01
2.664802089693036891e+00 5.078280957037382137e+00 9.507100625313711362e-01
3.035968727524477995e+00 7.439821755833710526e+00 9.306227889445963797e-01
3.458833265763586962e+00 8.615543529836568126e+00 8.250867802522939831e-01
3.940596440236666886e+00 8.241880400025923592e+00 6.707133851607892661e-01
4.489461940391565875e+00 7.044087068419267794e+00 5.184079368697133150e-01
5.114776105571953835e+00 6.069047834216286574e+00 4.041345262646170444e-01
5.827187078870319503e+00 4.737352775236325364e+00 3.024971315560083251e-01
6.638826128706195817e+00 4.040771005292917550e+00 2.370891456829250787e-01
7.563514225758552811e+00 3.174467461909533217e+00 1.805011924974487258e-01
8.616997392941321721e+00 2.508959058607176384e+00 1.389990128049423124e-01
9.817214836071872952e+00 2.076681421918870729e+00 1.102900817104519315e-01
1.118460442108735009e+01 1.662943097959109107e+00 8.737755636754532262e-02
1.274245069961824761e+01 1.210471615649371335e+00 6.767676180793416596e-02
1.451728140926205768e+01 1.002659548119664512e+00 5.606919028667716604e-02
1.653931920034971981e+01 7.285456484954220269e-01 4.526798783430324713e-02
1.884299628142029093e+01 5.738921305273654294e-01 3.835978623104666085e-02
2.146754074702852577e+01 4.660145988758170876e-01 3.349358675156876436e-02
2.445764457215044274e+01 3.364582334022701016e-01 2.905341363810961045e-02
2.786422464810916466e+01 2.348260469959244645e-01 2.573893517375049761e-02
3.174528981929791982e+01 1.772579368866895599e-01 2.366967182163487449e-02
3.616692868500850011e+01 1.202480094283127077e-01 2.192126260702174229e-02
4.120443498711833286e+01 8.310176528389789929e-02 2.075339179475899423e-02
4.694358974726586098e+01 5.842318476911434466e-02 1.996644745955291136e-02
