1.069642439726958605e+00 -1.277583892270420574e+00 nan
1.218627458003121777e+00 -9.373813030608613150e-01 3.037915726756827972e-01
1.388363836590320144e+00 -8.818443178338890576e-01 3.541561983901044264e-01
1.581741926207981042e+00 -1.130631408750449207e+00 nan
1.802054659727066133e+00 -8.496266167018651227e-01 2.674889033431256946e-01
2.053053625776520175e+00 1.560567818328024714e-01 6.081993225549210402e-01
2.339012952555230562e+00 1.777647426760685434e+00 7.731172294109124321e-01
2.664802089693036891e+00 5.501854878983332142e+00 9.871959416648020680e-01
3.035968727524477995e+00 8.045110369830116070e+00 9.677170082187586120e-01
3.458833265763586962e+00 9.181510829452960820e+00 8.530789416535806691e-01
3.940596440236666886e+00 8.560274406899834432e+00 6.852437109259780224e-01
4.489461940391565875e+00 7.292268830446894334e+00 5.287781544775826958e-01
5.114776105571953835e+00 5.711156641115663568e+00 3.940846367950655016e-01
5.827187078870319503e+00 4.865388421448182399e+00 3.072770781114730343e-01
6.638826128706195817e+00 3.792820919051558715e+00 2.310900979771288444e-01
7.563514225758552811e+00 3.254906898728605835e+00 1.831298776270207096e-01
8.616997392941321721e+00 2.540981916224302584e+00 1.402079664822081795e-01
9.817214836071872952e+00 1.929459999265757286e+00 1.072861975884757957e-01
1.118460442108735009e+01 1.576390121725518512e+00 8.577314350528188192e-02
1.274245069961824761e+01 1.220293499160580719e+00 6.807773616900965330e-02
1.451728140926205768e+01 9.289242869914866585e-01 5.475182825292020800e-02
1.653931920034971981e+01 7.082423007556986061e-01 4.499452786954682287e-02
1.884299628142029093e+01 5.726896179504694651e-01 3.843487127980391854e-02
2.146754074702852577e+01 4.342053685499671634e-01 3.297969713237937361e-02
2.445764457215044274e+01 3.078820103518493667e-01 2.859126839645822343e-02
2.786422464810916466e+01 2.455714953130412326e-01 2.599286142939377306e-02
3.174528981929791982e+01 1.760165801083222181e-01 2.369643152701534153e-02
3.616692868500850011e+01 1.250146948067694108e-01 2.205236697006779031e-02
4.120443498711833286e+01 8.973561092790527383e-02 2.091472134406265060e-02
4.694358974726586098e+01 5.161974511315015057e-02 1.988026854334518090e-02
