1.069642439726958605e+00 -1.427184432144843473e+00 nan
1.218627458003121777e+00 -1.124420489815200597e+00 nan
1.388363836590320144e+00 -5.929661398510033266e-01 4.050115940258082192e-01
1.581741926207981042e+00 -6.729380473745010249e-01 2.956383800323122979e-01
1.802054659727066133e+00 3.910622090915805149e-01 5.016030431872833262e-01
2.053053625776520175e+00 2.987116924816553443e+00 6.977933647814524853e-01
2.339012952555230562e+00 5.412643973775017159e+00 7.279679936317874356e-01
2.664802089693036891e+00 7.733326790062172051e+00 7.108509099392675834e-01
3.035968727524477995e+00 8.060667334546316454e+00 6.021052123737891115e-01
3.458833265763586962e+00 7.580658645901269921e+00 4.866686354084696076e-01
3.940596440236666886e+00 7.098283081817474027e+00 3.932307282839364593e-01
4.489461940391565875e+00 5.951301740155514608e+00 3.026308998331403988e-01
5.114776105571953835e+00 4.843705793880307198e+00 2.310196236178781448e-01
5.827187078870319503e+00 3.836349650034467818e+00 1.753844103623632411e-01
6.638826128706195817e+00 3.251125710720368822e+00 1.382281846233880673e-01
7.563514225758552811e+00 2.528022439071523131e+00 1.058702750195800041e-01
8.616997392941321721e+00 2.048538563877390306e+00 8.345128222921137373e-02
9.817214836071872952e+00 1.582425070157679858e+00 6.528230603919800423e-02
1.118460442108735009e+01 1.266631382395551064e+00 5.264437608735857144e-02
1.274245069961824761e+01 9.964073224122567130e-01 4.287386451922614583e-02
1.451728140926205768e+01 7.683698474557534297e-01 3.539395201820645653e-02
1.653931920034971981e+01 5.799521882165878939e-01 2.968239892256880133e-02
1.884299628142029093e+01 4.534601562232749572e-01 2.573165777563052661e-02
2.146754074702852577e+01 3.461477406986075422e-01 2.268768986323862341e-02
2.445764457215044274e+01 2.522542032375771903e-01 2.028141288414462076e-02
2.786422464810916466e+01 1.839383163559700218e-01 1.856165712470926599e-02
3.174528981929791982e+01 1.323429345094493392e-01 1.730844983636817963e-02
3.616692868500850011e+01 9.904615686777651362e-02 1.647701288644494444e-02
4.120443498711833286e+01 6.961357374860743796e-02 1.581167771701468341e-02
4.694358974726586098e+01 4.678400738532939585e-02 1.531825611062909327e-02
