1.069642439726958605e+00 -1.431474695802205321e+00 nan
1.218627458003121777e+00 -8.662847414806462698e-01 4.439332430605406610e-01
1.388363836590320144e+00 -8.306376697295654310e-01 4.240132475573803461e-01
1.581741926207981042e+00 -1.045745695254415519e+00 nan
1.802054659727066133e+00 -5.553991221091671981e-01 4.599916758596249156e-01
2.053053625776520175e+00 3.358171325965726428e-01 6.538382311343066133e-01
2.339012952555230562e+00 2.330931314255157538e+00 8.469830715120120201e-01
2.664802089693036891e+00 5.067421018824314061e+00 9.531866456668314225e-01
3.035968727524477995e+00 7.638124533651892811e+00 9.450784862964421995e-01
3.458833265763586962e+00 7.629695130903293432e+00 7.825490452151450116e-01
3.940596440236666886e+00 8.132409608945938118e+00 6.687661245066658378e-01
4.489461940391565875e+00 6.970465881104576766e+00 5.175952020713210366e-01
5.114776105571953835e+00 6.321498954897394995e+00 4.134110607245095603e-01
5.827187078870319503e+00 4.861742684057817954e+00 3.071700293995998643e-01
6.638826128706195817e+00 4.037203139511689187e+00 2.377685298298248817e-01
7.563514225758552811e+00 3.290160144264776321e+00 1.840232996407504262e-01
8.616997392941321721e+00 2.395218139584030848e+00 1.366927350356172410e-01
9.817214836071872952e+00 2.036755877723897434e+00 1.097268353712684968e-01
1.118460442108735009e+01 1.637367809476927061e+00 8.708901294939984383e-02
1.274245069961824761e+01 1.261521310690636000e+00 6.893155771675572863e-02
1.451728140926205768e+01 9.852221792369983966e-01 5.587776046906412636e-02
1.653931920034971981e+01 7.779896733961051414e-01 4.634973464314319502e-02
1.884299628142029093e+01 5.701600975426994733e-01 3.838679510256306354e-02
2.146754074702852577e+01 4.721314768390614258e-01 3.368887261191660931e-02
2.445764457215044274e+01 3.492316009140503663e-01 2.935658191308761211e-02
2.786422464810916466e+01 2.591339593218331405e-01 2.624212843841667794e-02
3.174528981929791982e+01 1.678612894052857740e-01 2.354714496558781706e-02
3.616692868500850011e+01 1.180996673490073423e-01 2.192608977367808618e-02
4.120443498711833286e+01 9.416941735910810962e-02 2.099557915290729826e-02
4.694358974726586098e+01 6.080142023418333430e-02 2.004759796299528454e-02
