1.069642439726958605e+00 -6.055679287305126834e-02 2.668352361510235582e+01
1.218627458003121777e+00 -8.373890675241157933e-01 8.436351727373153864e+00
1.388363836590320144e+00 -2.087846225104215137e+00 nan
1.581741926207981042e+00 -1.193750000000000089e+00 nan
1.802054659727066133e+00 -1.965684035706871668e+00 nan
2.053053625776520175e+00 -2.616943243620137860e-01 8.371098230391323725e+00
2.339012952555230562e+00 -1.047937546746447346e+00 nan
2.664802089693036891e+00 -1.332910462192999468e+00 nan
3.035968727524477995e+00 -6.920244779785926781e-01 3.032397422384001562e+00
3.458833265763586962e+00 -1.108350221376994682e+00 nan
3.940596440236666886e+00 8.043754090428405945e+00 1.112941250588067810e+01
4.489461940391565875e+00 8.105573715619490471e+00 9.176954960318488119e+00
5.114776105571953835e+00 1.561201990544044982e+01 1.023513484508974791e+01
5.827187078870319503e+00 1.291290552393103930e+01 7.718821420773202213e+00
6.638826128706195817e+00 1.020977135982908557e+01 5.702515069916115564e+00
7.563514225758552811e+00 1.310465019377506479e+01 5.314172673172311789e+00
8.616997392941321721e+00 5.466837083979435796e+00 2.940294189976987660e+00
9.817214836071872952e+00 7.482730766690274038e+00 2.803873682505825027e+00
1.118460442108735009e+01 3.357988935144521569e+00 1.642652665901947584e+00
1.274245069961824761e+01 5.651311056887792006e+00 1.709190383591348228e+00
1.451728140926205768e+01 2.999865471212593171e+00 1.085144917298660250e+00
1.653931920034971981e+01 2.298597304231640326e+00 8.173916102006869577e-01
1.884299628142029093e+01 1.360163161950450172e+00 5.697359649417367278e-01
2.146754074702852577e+01 1.062055688217237615e+00 4.443116073264963828e-01
2.445764457215044274e+01 9.306009254525868801e-01 3.618661514446290806e-01
2.786422464810916466e+01 5.358470010676323891e-01 2.691813844923356402e-01
3.174528981929791982e+01 4.043899977127725087e-01 2.184845839625997599e-01
3.616692868500850011e+01 3.605435334798092750e-01 1.856666753014029059e-01
4.120443498711833286e+01 1.132227859854226804e-01 1.424706096148722900e-01
4.694358974726586098e+01 2.176507129095057724e-01 1.350922186760123711e-01
