1.069642439726958605e+00 -1.224013826612743383e+00 nan
1.218627458003121777e+00 -8.990817820628034251e-01 2.381881129588839796e-01
1.388363836590320144e+00 -1.039834916469506876e+00 nan
1.581741926207981042e+00 -5.870264359048888991e-01 3.330273077287594363e-01
1.802054659727066133e+00 6.376693326201123835e-01 5.456552368266329722e-01
2.053053625776520175e+00 2.628586874073564950e+00 6.671007289249958339e-01
2.339012952555230562e+00 4.647674330907857865e+00 6.841775871501633022e-01
2.664802089693036891e+00 6.780174981524312194e+00 6.714217524417501748e-01
3.035968727524477995e+00 8.280712113565698473e+00 6.111680152331434579e-01
3.458833265763586962e+00 7.620871602321016347e+00 4.890332078103178381e-01
3.940596440236666886e+00 6.961385955479155285e+00 3.905176362596776696e-01
4.489461940391565875e+00 6.118764625550303649e+00 3.073592937788324764e-01
5.114776105571953835e+00 4.814294371353488700e+00 2.308874072961260293e-01
5.827187078870319503e+00 3.957456190783010364e+00 1.783116682427793032e-01
6.638826128706195817e+00 3.145811286681774899e+00 1.364790101374267761e-01
7.563514225758552811e+00 2.538143449744827418e+00 1.062859688747117559e-01
8.616997392941321721e+00 1.941142181437556680e+00 8.174616358935808680e-02
9.817214836071872952e+00 1.609564898379627351e+00 6.586923690162474476e-02
1.118460442108735009e+01 1.293481673910519048e+00 5.317877647798190804e-02
1.274245069961824761e+01 1.016741050312117256e+00 4.327070009591093419e-02
1.451728140926205768e+01 7.575839980389895700e-01 3.529503937543637671e-02
1.653931920034971981e+01 6.100002757620990312e-01 3.017990827409636201e-02
1.884299628142029093e+01 4.759190866675211407e-01 2.610273842969873179e-02
2.146754074702852577e+01 3.475722955123261571e-01 2.274380834832942164e-02
2.445764457215044274e+01 2.504201712696620952e-01 2.028517248423813285e-02
2.786422464810916466e+01 1.952525847511337176e-01 1.875074274276992969e-02
3.174528981929791982e+01 1.424454574386326833e-01 1.747712709102597350e-02
3.616692868500850011e+01 9.677722968714586038e-02 1.646642992338903655e-02
4.120443498711833286e+01 7.104641127564148562e-02 1.585273685934520532e-02
4.694358974726586098e+01 4.376104273587322346e-02 1.529452043340587437e-02
