1.069642439726958605e+00 -1.095049054395832666e+00 nan
1.218627458003121777e+00 -9.946571148291458719e-01 5.441707929459339843e-02
1.388363836590320144e+00 -1.135324169224609658e+00 nan
1.581741926207981042e+00 -8.175120319476831821e-01 2.197948164093003476e-01
1.802054659727066133e+00 2.643935683404325943e-01 4.759669402006890815e-01
2.053053625776520175e+00 2.327979464058568926e+00 6.342085414134264187e-01
2.339012952555230562e+00 4.577021577688054066e+00 6.750534177036978667e-01
2.664802089693036891e+00 6.270895493789131692e+00 6.439657127440427953e-01
3.035968727524477995e+00 8.093930787923758530e+00 6.005240913387367430e-01
3.458833265763586962e+00 8.030445544294492421e+00 4.978463966033449539e-01
3.940596440236666886e+00 7.265565504785738149e+00 3.958616924843829654e-01
4.489461940391565875e+00 6.062531319764734583e+00 3.039651658288131109e-01
5.114776105571953835e+00 4.934138571177726362e+00 2.320251470171936503e-01
5.827187078870319503e+00 3.973417333276830998e+00 1.774815722320244316e-01
6.638826128706195817e+00 3.157129509369537956e+00 1.358257402359476784e-01
7.563514225758552811e+00 2.495201133123775339e+00 1.048315708449402139e-01
8.616997392941321721e+00 1.996100755247431469e+00 8.220447746891987317e-02
9.817214836071872952e+00 1.636991109594225779e+00 6.593330866815090563e-02
1.118460442108735009e+01 1.274712874299821053e+00 5.257515855487675943e-02
1.274245069961824761e+01 1.003732179993686691e+00 4.283199837276498168e-02
1.451728140926205768e+01 7.728841017895793364e-01 3.533950550264909618e-02
1.653931920034971981e+01 5.934882666971319498e-01 2.978462541122439342e-02
1.884299628142029093e+01 4.679835320240472996e-01 2.586288913378622517e-02
2.146754074702852577e+01 3.397599450986727998e-01 2.252785976074159896e-02
2.445764457215044274e+01 2.581016587194810974e-01 2.030791402979374022e-02
2.786422464810916466e+01 1.922612110118508966e-01 1.863044782872860447e-02
3.174528981929791982e+01 1.350289347890893943e-01 1.730157314912163583e-02
3.616692868500850011e+01 9.824931765956645968e-02 1.642386221691833140e-02
4.120443498711833286e+01 6.524506341626645778e-02 1.571020516350963084e-02
4.694358974726586098e+01 4.069531279517146771e-02 1.519416277594412903e-02
