1.069642439726958605e+00 -1.067596148915392895e-01 9.049517387963968318e+00
1.218627458003121777e+00 -7.043860821823835217e-01 3.956169210632235256e+00
1.388363836590320144e+00 -5.344606054849503352e-01 4.213396922898826169e+00
1.581741926207981042e+00 -1.238446248136491956e+00 nan
1.802054659727066133e+00 -1.166418187422114450e+00 nan
2.053053625776520175e+00 -7.555461859600656194e-01 1.675301373835632823e+00
2.339012952555230562e+00 -1.214588462769292665e+00 nan
2.664802089693036891e+00 -1.338442589911686298e+00 nan
3.035968727524477995e+00 -1.194455025151532013e+00 nan
3.458833265763586962e+00 2.440665863802887081e+00 2.905298597470227673e+00
3.940596440236666886e+00 5.016176788967857014e+00 3.162536766129615540e+00
4.489461940391565875e+00 1.053282382402861650e+01 3.618657174996192882e+00
5.114776105571953835e+00 1.574677773471091236e+01 3.624922839205416025e+00
5.827187078870319503e+00 9.939897747820149121e+00 2.408268769636121576e+00
6.638826128706195817e+00 8.048834216618216075e+00 1.807756278464503596e+00
7.563514225758552811e+00 5.235743330840190168e+00 1.235629519122367181e+00
8.616997392941321721e+00 5.833119249301523368e+00 1.080409974394323180e+00
9.817214836071872952e+00 4.017857921694774070e+00 7.636599409190671928e-01
1.118460442108735009e+01 4.132300988977168466e+00 6.490713955915297095e-01
1.274245069961824761e+01 2.784421720898414776e+00 4.605789655125687165e-01
1.451728140926205768e+01 2.022661946059850724e+00 3.427034275531135599e-01
1.653931920034971981e+01 1.540851840051067789e+00 2.632375000171847668e-01
1.884299628142029093e+01 1.260625729653527705e+00 2.099511558541025669e-01
2.146754074702852577e+01 9.807420252007728045e-01 1.670741675395016057e-01
2.445764457215044274e+01 6.126243203060566245e-01 1.274690739695995001e-01
2.786422464810916466e+01 5.326709495849806242e-01 1.085776555448291075e-01
3.174528981929791982e+01 2.712187222594644176e-01 8.488188795751842874e-02
3.616692868500850011e+01 2.889803264173635977e-01 7.772357059933396317e-02
4.120443498711833286e+01 1.804224560358653751e-01 6.682023826973437775e-02
4.694358974726586098e+01 1.052761484948083748e-01 5.917670119702646975e-02
