1.069642439726958605e+00 -1.056481315820320788e+00 nan
1.218627458003121777e+00 -7.814021430289208592e-01 9.483324822832738477e+00
1.388363836590320144e+00 -1.352237429096008636e+00 nan
1.581741926207981042e+00 -4.179362880886425824e-01 1.069421378657506239e+01
1.802054659727066133e+00 -1.012721852488042806e+00 nan
2.053053625776520175e+00 -6.739201562464387507e-01 5.393600143633805466e+00
2.339012952555230562e+00 -5.970607750431464744e-01 4.909298219114514694e+00
2.664802089693036891e+00 -9.642160546966862533e-01 1.214785199622878453e+00
3.035968727524477995e+00 -8.227410504540089153e-01 2.230409436206990392e+00
3.458833265763586962e+00 5.141631649166154006e+00 1.081485113012805854e+01
3.940596440236666886e+00 3.155578397920529188e+00 7.307012431699949850e+00
4.489461940391565875e+00 7.873022452155878703e+00 8.783035836040401279e+00
5.114776105571953835e+00 8.695589568873099751e+00 7.558268229893466028e+00
5.827187078870319503e+00 1.216720178740106206e+01 7.278642409979946493e+00
6.638826128706195817e+00 1.055189160198731280e+01 5.616345357470220456e+00
7.563514225758552811e+00 1.176806232453484924e+01 4.895469953395271467e+00
8.616997392941321721e+00 8.700237905539678351e+00 3.517655946649841603e+00
9.817214836071872952e+00 7.288002286294948284e+00 2.687580023705937737e+00
1.118460442108735009e+01 4.725874558422303195e+00 1.838490868672100431e+00
1.274245069961824761e+01 3.536537533243505393e+00 1.350866579217428365e+00
1.451728140926205768e+01 1.810559194127207006e+00 8.724258003624270064e-01
1.653931920034971981e+01 1.864523306572922756e+00 7.349058418733435127e-01
1.884299628142029093e+01 1.524238389138974359e+00 5.741308386081100945e-01
2.146754074702852577e+01 1.152070563622460408e+00 4.421377538554913111e-01
2.445764457215044274e+01 1.093638032452582287e+00 3.688563825242824890e-01
2.786422464810916466e+01 6.010164334301513200e-01 2.683141916965426366e-01
3.174528981929791982e+01 3.356866876555595347e-01 2.061151220138642548e-01
3.616692868500850011e+01 4.134967402156652927e-01 1.854817329848390262e-01
4.120443498711833286e+01 1.895672511335912969e-01 1.453090269258043576e-01
4.694358974726586098e+01 1.094052125517936958e-01 1.232569930572296607e-01
