1.069642439726958605e+00 -6.604144620030374391e-01 5.580655076471964016e+00
1.218627458003121777e+00 -8.112102305779473888e-01 3.162079085110876431e+00
1.388363836590320144e+00 -1.455543717776711876e+00 nan
1.581741926207981042e+00 -9.335238568588470898e-01 1.296698477980612108e+00
1.802054659727066133e+00 -8.228442300318909997e-01 1.740367475366686900e+00
2.053053625776520175e+00 -1.148590052212176804e+00 nan
2.339012952555230562e+00 -8.587037981534875186e-01 1.043060804965226573e+00
2.664802089693036891e+00 -9.330056212714048502e-01 5.963811265146992113e-01
3.035968727524477995e+00 4.382142553664860607e-01 2.280349526150877715e+00
3.458833265763586962e+00 1.384484613874394476e+00 2.417980308774439369e+00
3.940596440236666886e+00 1.000087518764896011e+01 4.289935372213387943e+00
4.489461940391565875e+00 7.955279439128567276e+00 3.182060963209822901e+00
5.114776105571953835e+00 1.104785392322921744e+01 3.056739290899781025e+00
5.827187078870319503e+00 8.521847318459805365e+00 2.241155379216176247e+00
6.638826128706195817e+00 8.928923110819265929e+00 1.898514600110194905e+00
7.563514225758552811e+00 6.554975642266985147e+00 1.367551724631680399e+00
8.616997392941321721e+00 6.070631268037018913e+00 1.100719033015280290e+00
9.817214836071872952e+00 4.304745928597498050e+00 7.872355544077334066e-01
1.118460442108735009e+01 3.306551779369594435e+00 5.886855467189066049e-01
1.274245069961824761e+01 2.508062112759315898e+00 4.413334716440925343e-01
1.451728140926205768e+01 2.242206519776565266e+00 3.569729662692175953e-01
1.653931920034971981e+01 1.680860006164178744e+00 2.718096205037762170e-01
1.884299628142029093e+01 1.257844221320037814e+00 2.098229606368278155e-01
2.146754074702852577e+01 9.778851359631373086e-01 1.669437911944925412e-01
2.445764457215044274e+01 7.572547853101965210e-01 1.349660318633247313e-01
2.786422464810916466e+01 4.841738487628113319e-01 1.061885591732908557e-01
3.174528981929791982e+01 3.314260103176822625e-01 8.779227864262159620e-02
3.616692868500850011e+01 2.482390276215067360e-01 7.583086579963393969e-02
4.120443498711833286e+01 2.042902986071142291e-01 6.792209021434625349e-02
4.694358974726586098e+01 1.499259385217615037e-01 6.120630273128323251e-02
