1.069642439726958605e+00 -1.261413527013903746e+00 nan
1.218627458003121777e+00 -7.778453579176667354e-01 3.533084240666367060e-01
1.388363836590320144e+00 -1.039277955452023061e+00 nan
1.581741926207981042e+00 -5.922748765241128144e-01 3.308133355428254374e-01
1.802054659727066133e+00 5.454774050147144226e-01 5.299019265052518080e-01
2.053053625776520175e+00 2.727738045633565811e+00 6.760254932070286493e-01
2.339012952555230562e+00 5.139689467673402845e+00 7.135976426405540307e-01
2.664802089693036891e+00 7.049122800956837409e+00 6.830688000837982221e-01
3.035968727524477995e+00 7.661473456304020324e+00 5.893379997622748556e-01
3.458833265763586962e+00 8.239064269711491306e+00 5.072839630905680020e-01
3.940596440236666886e+00 7.388143649198828378e+00 4.016563505252667698e-01
4.489461940391565875e+00 6.075367154963970506e+00 3.062392829202574829e-01
5.114776105571953835e+00 4.900845775670466864e+00 2.327649370434792808e-01
5.827187078870319503e+00 3.835749044273307984e+00 1.757223808263283782e-01
6.638826128706195817e+00 3.173988190126723730e+00 1.369960852896085768e-01
7.563514225758552811e+00 2.586040649380107581e+00 1.071413382533702857e-01
8.616997392941321721e+00 2.006096722157072243e+00 8.286595310129470093e-02
9.817214836071872952e+00 1.643921591798835014e+00 6.642639718244164326e-02
1.118460442108735009e+01 1.278462311730443446e+00 5.292648629772508245e-02
1.274245069961824761e+01 1.000426398267951100e+00 4.300854665066002058e-02
1.451728140926205768e+01 7.845077928491710484e-01 3.569518856246622213e-02
1.653931920034971981e+01 6.131864454066366932e-01 3.022133100120542176e-02
1.884299628142029093e+01 4.721076379158792857e-01 2.604217404321011037e-02
2.146754074702852577e+01 3.546963020544564582e-01 2.284315889372132494e-02
2.445764457215044274e+01 2.820574874245009855e-01 2.073800433304376009e-02
2.786422464810916466e+01 2.047440608794535155e-01 1.888414627361138451e-02
3.174528981929791982e+01 1.528444609511387942e-01 1.762358243446097636e-02
3.616692868500850011e+01 1.063145610362810078e-01 1.660061256036302751e-02
4.120443498711833286e+01 7.257363055352850090e-02 1.587229896440427168e-02
4.694358974726586098e+01 5.039313028572323105e-02 1.538726880384048458e-02
