1.069642439726958605e+00 -7.438558305934868109e-01 4.979427732112237659e-01
1.218627458003121777e+00 -9.812864461974286634e-01 1.022770165566821571e-01
1.388363836590320144e+00 -1.026187202808005239e+00 nan
1.581741926207981042e+00 -8.138002334199481158e-01 2.229676877545518077e-01
1.802054659727066133e+00 5.639137504615152618e-01 5.316989175218367336e-01
2.053053625776520175e+00 2.525928761407486789e+00 6.556875348060007269e-01
2.339012952555230562e+00 4.594062547912622918e+00 6.789667908691383591e-01
2.664802089693036891e+00 7.489970696292699515e+00 7.003055226563409397e-01
3.035968727524477995e+00 7.546031922882705523e+00 5.837632408390898142e-01
3.458833265763586962e+00 7.447625355173697059e+00 4.824603992984573542e-01
3.940596440236666886e+00 7.313092369883691823e+00 3.987203199494352424e-01
4.489461940391565875e+00 5.959283367435518564e+00 3.027111769132604380e-01
5.114776105571953835e+00 4.994848135949242263e+00 2.342977823100391987e-01
5.827187078870319503e+00 3.916498767708107120e+00 1.769953652546831790e-01
6.638826128706195817e+00 3.165624353488877052e+00 1.365164721386160906e-01
7.563514225758552811e+00 2.530022310071291969e+00 1.058703315853260218e-01
8.616997392941321721e+00 1.962850938504525633e+00 8.192641373302646246e-02
9.817214836071872952e+00 1.611675246462148436e+00 6.574815626364961807e-02
1.118460442108735009e+01 1.274185945659243924e+00 5.274857354126347847e-02
1.274245069961824761e+01 9.874011049113375904e-01 4.272124349137904065e-02
1.451728140926205768e+01 7.898104077452803296e-01 3.570741395699181947e-02
1.653931920034971981e+01 6.301696765633990616e-01 3.041814685460355813e-02
1.884299628142029093e+01 4.649235079467868292e-01 2.589243608004472563e-02
2.146754074702852577e+01 3.609801107738326298e-01 2.289683760497877862e-02
2.445764457215044274e+01 2.480462182601097521e-01 2.021595451056990358e-02
2.786422464810916466e+01 1.918125473137672898e-01 1.867042556965439054e-02
3.174528981929791982e+01 1.269120226894790981e-01 1.722684333922417863e-02
3.616692868500850011e+01 9.245439165928792669e-02 1.637917781554185798e-02
4.120443498711833286e+01 7.197455949440167977e-02 1.584214336486374636e-02
4.694358974726586098e+01 5.120499657246857517e-02 1.537832169578277897e-02
