1.069642439726958605e+00 -8.263893814515861358e-01 2.705466534046915283e-01
1.218627458003121777e+00 -7.610032466305016730e-01 2.412346429437179640e-01
1.388363836590320144e+00 -4.679602815915027136e-01 3.055024109960414735e-01
1.581741926207981042e+00 3.185276431365609007e-01 3.918449475910524282e-01
1.802054659727066133e+00 2.064760565304718742e+00 4.920719102253749422e-01
2.053053625776520175e+00 4.223807515502627119e+00 5.286413366471433006e-01
2.339012952555230562e+00 6.563058620156257739e+00 5.247887989335200398e-01
2.664802089693036891e+00 8.520220749837687180e+00 4.945210914784249345e-01
3.035968727524477995e+00 7.562531697645798801e+00 3.899803898764036547e-01
3.458833265763586962e+00 6.739042066529711050e+00 3.084391605936485647e-01
3.940596440236666886e+00 6.172888103186646269e+00 2.477413471429183445e-01
4.489461940391565875e+00 5.035276301383426301e+00 1.891697903212757048e-01
5.114776105571953835e+00 4.107934109143778656e+00 1.454822264052704484e-01
5.827187078870319503e+00 3.226564447222871390e+00 1.108565439723196572e-01
6.638826128706195817e+00 2.584649651954618044e+00 8.595809179294745805e-02
7.563514225758552811e+00 2.091551997589145895e+00 6.777135339020498583e-02
8.616997392941321721e+00 1.631441954871517552e+00 5.325585494169551154e-02
9.817214836071872952e+00 1.338580952865559670e+00 4.335642617112810820e-02
1.118460442108735009e+01 1.059704784809878397e+00 3.539403157063519823e-02
1.274245069961824761e+01 8.114690055548663405e-01 2.909656791315422958e-02
1.451728140926205768e+01 6.496848809553275039e-01 2.482004323254615244e-02
1.653931920034971981e+01 5.088600332329309417e-01 2.147278272525717999e-02
1.884299628142029093e+01 3.846659893781203543e-01 1.881488924649348665e-02
2.146754074702852577e+01 2.996380090281836051e-01 1.698179222036387548e-02
2.445764457215044274e+01 2.079299957168412316e-01 1.532485807958688766e-02
2.786422464810916466e+01 1.584600179254576080e-01 1.434068546476593986e-02
3.174528981929791982e+01 1.054859103823995170e-01 1.344280196638117722e-02
3.616692868500850011e+01 7.543151083496590914e-02 1.290009679682989178e-02
4.120443498711833286e+01 5.813636445612879733e-02 1.256662261846716588e-02
4.694358974726586098e+01 4.077397358641077219e-02 1.227470504012164766e-02
