1.069642439726958605e+00 -6.416481069042319074e-01 1.700669726285859795e+01
1.218627458003121777e+00 -1.212090032154340857e+00 nan
1.388363836590320144e+00 -8.208429828624363989e-01 7.755217865851356862e+00
1.581741926207981042e+00 -1.112899262899262887e+00 nan
1.802054659727066133e+00 -6.322192235831431972e-01 7.438957003185139527e+00
2.053053625776520175e+00 -5.075721656672711468e-01 7.054892541520440652e+00
2.339012952555230562e+00 -4.242146596858640262e-01 6.246449222102619991e+00
2.664802089693036891e+00 -1.058982788628891836e+00 nan
3.035968727524477995e+00 -8.322951394981576989e-01 2.309154459519344726e+00
3.458833265763586962e+00 -8.982557275725788770e-01 1.480307265708989295e+00
3.940596440236666886e+00 -1.177169663799843669e+00 nan
4.489461940391565875e+00 8.669023702578909862e+00 9.759551504417954604e+00
5.114776105571953835e+00 1.013607302550683542e+01 8.624982001443155966e+00
5.827187078870319503e+00 9.516398098494937230e+00 6.908003713476781549e+00
6.638826128706195817e+00 6.964811796173824732e+00 4.943281567706546475e+00
7.563514225758552811e+00 7.234701689106634248e+00 4.153432868566556913e+00
8.616997392941321721e+00 1.106670791416500066e+01 4.190779552753103765e+00
9.817214836071872952e+00 7.099769939324675150e+00 2.821856439069596600e+00
1.118460442108735009e+01 4.687958020396324699e+00 1.946879970993139031e+00
1.274245069961824761e+01 4.387866521564603772e+00 1.572622711102168447e+00
1.451728140926205768e+01 2.620666647297116736e+00 1.060319394602648346e+00
1.653931920034971981e+01 1.605301112643715555e+00 7.414104150129892101e-01
1.884299628142029093e+01 1.598090655180770758e+00 6.188766113625647769e-01
2.146754074702852577e+01 1.049017130133140796e+00 4.560104251090366656e-01
2.445764457215044274e+01 6.887138532466947627e-01 3.448961122547336000e-01
2.786422464810916466e+01 4.763232456346666588e-01 2.706039956950245795e-01
3.174528981929791982e+01 5.610933587544879586e-01 2.398665897924066592e-01
3.616692868500850011e+01 2.699908476882899588e-01 1.823813794186935067e-01
4.120443498711833286e+01 1.317070435525282690e-01 1.478527616187333138e-01
4.694358974726586098e+01 1.162630724765516543e-01 1.299728054426948776e-01
