1.069642439726958605e+00 -1.378808892192877167e+00 nan
1.218627458003121777e+00 -7.553382943676916206e-01 3.683555043761459480e-01
1.388363836590320144e+00 -6.422732490486158241e-01 3.780235212666782640e-01
1.581741926207981042e+00 -3.973692799205865711e-01 3.995892615099664313e-01
1.802054659727066133e+00 6.257546648488772068e-01 5.399703252281926602e-01
2.053053625776520175e+00 2.086260974146102676e+00 6.107834052625121801e-01
2.339012952555230562e+00 5.081117346342295171e+00 7.055338792816445714e-01
2.664802089693036891e+00 7.221479714711512621e+00 6.861115239039182745e-01
3.035968727524477995e+00 8.156600351197925036e+00 6.028462366199045519e-01
3.458833265763586962e+00 7.860974418994333135e+00 4.929723500278249126e-01
3.940596440236666886e+00 7.041297081532190916e+00 3.900855594795773484e-01
4.489461940391565875e+00 5.816595840286067798e+00 2.981309507062569475e-01
5.114776105571953835e+00 4.796452199126045812e+00 2.290214362080891519e-01
5.827187078870319503e+00 3.970367809003044535e+00 1.774627490198031898e-01
6.638826128706195817e+00 3.211355009840211050e+00 1.369120487842915013e-01
7.563514225758552811e+00 2.368116720240108553e+00 1.025089878965721457e-01
8.616997392941321721e+00 1.994185351880150670e+00 8.219037935761130953e-02
9.817214836071872952e+00 1.629402847899718232e+00 6.582250131446384933e-02
1.118460442108735009e+01 1.274567873851490507e+00 5.258439108292546627e-02
1.274245069961824761e+01 1.031158254329406443e+00 4.326440335149407679e-02
1.451728140926205768e+01 7.658815929849707160e-01 3.524108836657005583e-02
1.653931920034971981e+01 6.017057422546514545e-01 2.991186130822289652e-02
1.884299628142029093e+01 4.733837417162820582e-01 2.594635394830122413e-02
2.146754074702852577e+01 3.487627790153748908e-01 2.266192020754295364e-02
2.445764457215044274e+01 2.585913361065910188e-01 2.031831069768457246e-02
2.786422464810916466e+01 1.960988936107472824e-01 1.868836326052959393e-02
3.174528981929791982e+01 1.390335539448717128e-01 1.736145802550547595e-02
3.616692868500850011e+01 1.003243559818645103e-01 1.645592178503407776e-02
4.120443498711833286e+01 6.718333428211287206e-02 1.574013596896632963e-02
4.694358974726586098e+01 4.688334366530089170e-02 1.528460450682479592e-02
