1.069642439726958605e+00 -2.175621575617975978e+00 nan
1.218627458003121777e+00 3.887013558617485876e-01 2.460713680138770343e+01
1.388363836590320144e+00 -1.007056410780233779e-01 1.680529212189576782e+01
1.581741926207981042e+00 -2.180370722433444541e-02 1.427231860782369566e+01
1.802054659727066133e+00 -4.800229265647408816e-01 8.555122959226446611e+00
2.053053625776520175e+00 -9.220828585562994562e-01 2.714223279609709660e+00
2.339012952555230562e+00 -9.551726454720999016e-01 1.685697488490698337e+00
2.664802089693036891e+00 -8.689077834633480713e-01 2.393658431800681718e+00
3.035968727524477995e+00 -6.679582236093717373e-01 3.142669944691568240e+00
3.458833265763586962e+00 -1.174957452705361227e+00 nan
3.940596440236666886e+00 -9.533161452774712163e-01 7.965956644175444801e-01
4.489461940391565875e+00 1.985926406805228250e+00 5.235233387765899415e+00
5.114776105571953835e+00 3.116810893986587949e+00 5.056675265127525520e+00
5.827187078870319503e+00 1.308085242770610535e+01 7.751510556683866682e+00
6.638826128706195817e+00 1.494029890414259398e+01 6.818935747279772031e+00
7.563514225758552811e+00 1.112179041341986974e+01 4.903354643897502640e+00
8.616997392941321721e+00 5.923962441003324031e+00 3.039706400057371916e+00
9.817214836071872952e+00 3.624067160723492886e+00 2.041547364582130264e+00
1.118460442108735009e+01 5.311520630519696695e+00 1.990888076656920580e+00
1.274245069961824761e+01 3.356237898485382676e+00 1.359901409392967109e+00
1.451728140926205768e+01 3.507140404606914785e+00 1.155453441860591068e+00
1.653931920034971981e+01 1.127757527566726647e+00 6.443647964813002949e-01
1.884299628142029093e+01 1.803259560158920527e+00 6.254841354089154537e-01
2.146754074702852577e+01 1.219464306033084311e+00 4.622957211002505229e-01
2.445764457215044274e+01 1.085600800883096628e+00 3.779024108647216496e-01
2.786422464810916466e+01 3.256240379749790748e-01 2.464461577987955843e-01
3.174528981929791982e+01 3.497313834285720180e-01 2.128453350253204646e-01
3.616692868500850011e+01 3.586585943120446096e-01 1.851999039978063089e-01
4.120443498711833286e+01 1.848051147348164225e-01 1.483880241376569764e-01
4.694358974726586098e+01 2.183823320750866159e-01 1.349543159280756355e-01
