1.069642439726958605e+00 -5.736005169807401050e-01 1.778212240785599363e+01
1.218627458003121777e+00 -2.116555320460489220e-01 1.837417288202168919e+01
1.388363836590320144e+00 -2.272564298862215448e+00 nan
1.581741926207981042e+00 -1.314649081488459714e+00 nan
1.802054659727066133e+00 -8.579179309892317473e-01 4.431954549860393833e+00
2.053053625776520175e+00 -1.364679845347156029e+00 nan
2.339012952555230562e+00 -8.936365732577380427e-01 2.573358443860487732e+00
2.664802089693036891e+00 -1.095090896520351187e+00 nan
3.035968727524477995e+00 -1.231591398181846486e+00 nan
3.458833265763586962e+00 -1.099505637311242179e+00 nan
3.940596440236666886e+00 3.485928484810085770e+00 7.746104592562216951e+00
4.489461940391565875e+00 8.101846289575579618e+00 9.075921924021374210e+00
5.114776105571953835e+00 2.338786114069457156e+01 1.231159309980200689e+01
5.827187078870319503e+00 8.631900695635494003e+00 6.335093163369816871e+00
6.638826128706195817e+00 8.175159786457662392e+00 5.093475260914858360e+00
7.563514225758552811e+00 9.586376317849765627e+00 4.531870890012512199e+00
8.616997392941321721e+00 8.753083553664756877e+00 3.597582322286556167e+00
9.817214836071872952e+00 7.614009929558221756e+00 2.796812772955830972e+00
1.118460442108735009e+01 4.605013550731484884e+00 1.853811986759499542e+00
1.274245069961824761e+01 5.150278658777851959e+00 1.621152302082752072e+00
1.451728140926205768e+01 2.491376378780774559e+00 9.982526835166999346e-01
1.653931920034971981e+01 2.765509410875332641e+00 8.700347453446889423e-01
1.884299628142029093e+01 1.569357910390433597e+00 5.909000343062661420e-01
2.146754074702852577e+01 1.315296566427688774e+00 4.695592076045312369e-01
2.445764457215044274e+01 4.102461441434956946e-01 2.993493894499687502e-01
2.786422464810916466e+01 8.618175406638071134e-01 2.992483956338638507e-01
3.174528981929791982e+01 4.096697799227666525e-01 2.168997885022743988e-01
3.616692868500850011e+01 5.479426106478748615e-01 2.003585197519287819e-01
4.120443498711833286e+01 2.769457088711928527e-01 1.550807579811591119e-01
4.694358974726586098e+01 2.234798748840087779e-01 1.344380697243655887e-01
