1.069642439726958605e+00 -1.365825570042455972e+00 nan
1.218627458003121777e+00 -9.673931582850809896e-01 1.348047956306746842e-01
1.388363836590320144e+00 -1.062546111842046948e+00 nan
1.581741926207981042e+00 -7.278531354704438350e-01 2.691648400209060710e-01
1.802054659727066133e+00 2.234692675324019273e-01 4.694861249418978977e-01
2.053053625776520175e+00 2.608556200825796090e+00 6.623825310423576695e-01
2.339012952555230562e+00 4.342156954053187690e+00 6.623107940749650702e-01
2.664802089693036891e+00 7.269463569139864134e+00 6.898635788327270868e-01
3.035968727524477995e+00 7.999772264320085924e+00 5.988792634905375500e-01
3.458833265763586962e+00 7.838891569329041076e+00 4.935070560121001537e-01
3.940596440236666886e+00 7.067753850484498557e+00 3.917163263992715083e-01
4.489461940391565875e+00 5.797008402648647696e+00 2.983610400868909052e-01
5.114776105571953835e+00 4.898503651443122386e+00 2.318332281499973224e-01
5.827187078870319503e+00 4.078320402506749431e+00 1.801026559841756580e-01
6.638826128706195817e+00 3.208355395611544036e+00 1.371629273937971516e-01
7.563514225758552811e+00 2.532968449372367203e+00 1.057841082901756907e-01
8.616997392941321721e+00 2.006627840221526959e+00 8.258517266699741399e-02
9.817214836071872952e+00 1.555561958175531334e+00 6.473088153707297343e-02
1.118460442108735009e+01 1.256374128817720592e+00 5.239977413256824423e-02
1.274245069961824761e+01 9.942555358194629100e-01 4.277758816134053649e-02
1.451728140926205768e+01 7.500020675349181598e-01 3.506681625196991087e-02
1.653931920034971981e+01 5.828315530974088610e-01 2.968526551151208157e-02
1.884299628142029093e+01 4.526167345576526113e-01 2.568661186787860040e-02
2.146754074702852577e+01 3.323064251528025093e-01 2.245990537855778110e-02
2.445764457215044274e+01 2.532981625403507575e-01 2.027307321036538740e-02
2.786422464810916466e+01 1.743437287596343310e-01 1.840357965436311208e-02
3.174528981929791982e+01 1.205360453483599326e-01 1.712107114474134203e-02
3.616692868500850011e+01 7.849499176712471105e-02 1.616621833118114110e-02
4.120443498711833286e+01 5.366617418877583923e-02 1.556791033442116515e-02
4.694358974726586098e+01 3.695261309594499721e-02 1.516269577050942917e-02
