1.069642439726958605e+00 -1.647205076194768747e+00 nan
1.218627458003121777e+00 -8.454071510035392478e-01 2.932528353209026273e-01
1.388363836590320144e+00 -1.044827106431398978e+00 nan
1.581741926207981042e+00 -8.203323989426558605e-01 2.184857055010621107e-01
1.802054659727066133e+00 6.561937715132901694e-01 5.458525955122095485e-01
2.053053625776520175e+00 3.062462391665787376e+00 7.024094243327096976e-01
2.339012952555230562e+00 5.253703501596454828e+00 7.167262197032462367e-01
2.664802089693036891e+00 6.777859401498312231e+00 6.678339531625420156e-01
3.035968727524477995e+00 8.021679857417410631e+00 5.990843123187306052e-01
3.458833265763586962e+00 7.671734927544910043e+00 4.880662143719644019e-01
3.940596440236666886e+00 6.800626288820878607e+00 3.842743013878762159e-01
4.489461940391565875e+00 6.208110657366432861e+00 3.079566331238235977e-01
5.114776105571953835e+00 4.936081883342589904e+00 2.324617717646417780e-01
5.827187078870319503e+00 3.890531186438728195e+00 1.760562301924204487e-01
6.638826128706195817e+00 3.145609420493669095e+00 1.358245515772947831e-01
7.563514225758552811e+00 2.483564294808212836e+00 1.047861575502700565e-01
8.616997392941321721e+00 1.991184767953684265e+00 8.224786687962484799e-02
9.817214836071872952e+00 1.593595262204040353e+00 6.531268303257792285e-02
1.118460442108735009e+01 1.220724727270929399e+00 5.178859150070826839e-02
1.274245069961824761e+01 9.920001082214227051e-01 4.271103156738565582e-02
1.451728140926205768e+01 7.291949851703012353e-01 3.472760409388898212e-02
1.653931920034971981e+01 5.866590362448309559e-01 2.972189026500051193e-02
1.884299628142029093e+01 4.541959828705539604e-01 2.569320949272169835e-02
2.146754074702852577e+01 3.317284379859626320e-01 2.243784682188617804e-02
2.445764457215044274e+01 2.580226795409814589e-01 2.032926868864380274e-02
2.786422464810916466e+01 1.914396955545856205e-01 1.863841810544195413e-02
3.174528981929791982e+01 1.349653648131610151e-01 1.731833495534268463e-02
3.616692868500850011e+01 9.442173890942728853e-02 1.638542900570634508e-02
4.120443498711833286e+01 6.014062012047483030e-02 1.565249276715316093e-02
4.694358974726586098e+01 3.564906507325726892e-02 1.513654024359865034e-02
