1.069642439726958605e+00 -2.673464857500907677e+00 nan
1.218627458003121777e+00 -1.121396425746504555e+00 nan
1.388363836590320144e+00 -9.136883545153673403e-02 1.674898498340003528e+01
1.581741926207981042e+00 -4.473374175306314982e-01 1.063673976806115640e+01
1.802054659727066133e+00 -1.250118424829436137e+00 nan
2.053053625776520175e+00 -1.037211680042836814e+00 nan
2.339012952555230562e+00 -1.246999459662177845e+00 nan
2.664802089693036891e+00 -8.834325994439735652e-01 2.238006673602998653e+00
3.035968727524477995e+00 -1.398024009701918757e+00 nan
3.458833265763586962e+00 -8.484356323517221465e-01 1.732660384784427743e+00
3.940596440236666886e+00 -9.934322953473750939e-01 2.962492238457058447e-01
4.489461940391565875e+00 8.020285321330602457e+00 9.039182704404172597e+00
5.114776105571953835e+00 7.153934413717854213e+00 7.069440806763613416e+00
5.827187078870319503e+00 1.394488800491746971e+01 7.923287008488535399e+00
6.638826128706195817e+00 1.386921812596778381e+01 6.523953037092157459e+00
7.563514225758552811e+00 1.157320922392247908e+01 4.955429005716807112e+00
8.616997392941321721e+00 7.155681626814258678e+00 3.280110383967417054e+00
9.817214836071872952e+00 5.846664275002583011e+00 2.480838030050532161e+00
1.118460442108735009e+01 6.396921466859761374e+00 2.148119678783152686e+00
1.274245069961824761e+01 5.601398897699385593e+00 1.685318932388145896e+00
1.451728140926205768e+01 3.421990481237808801e+00 1.134259510833437901e+00
1.653931920034971981e+01 1.630504120406786495e+00 7.158104942299159390e-01
1.884299628142029093e+01 2.348958500744945610e+00 6.857676931779214113e-01
2.146754074702852577e+01 1.143645294041735649e+00 4.497087074817826546e-01
2.445764457215044274e+01 1.018752577997246167e+00 3.678804348585144046e-01
2.786422464810916466e+01 6.927971856809747031e-01 2.826135832791126790e-01
3.174528981929791982e+01 5.101316747466895229e-01 2.264907374566804965e-01
3.616692868500850011e+01 2.107460622737604705e-01 1.706304295241106439e-01
4.120443498711833286e+01 2.179761088985516793e-01 1.501689869267901489e-01
4.694358974726586098e+01 1.841993700066646422e-01 1.313122785845859952e-01
