1.069642439726958605e+00 -1.104080552700432261e+00 nan
1.218627458003121777e+00 -5.188620066921127982e-01 1.439504922082202221e+01
1.388363836590320144e+00 -5.315250526024684063e-01 1.205482396619070151e+01
1.581741926207981042e+00 -5.958313651393483124e-01 9.117665890830899400e+00
1.802054659727066133e+00 -1.745744312699796019e+00 nan
2.053053625776520175e+00 -1.173766667784291506e+00 nan
2.339012952555230562e+00 -1.119817879197817945e+00 nan
2.664802089693036891e+00 -9.487803378585581981e-01 1.487010613676391424e+00
3.035968727524477995e+00 -1.279359065140251772e+00 nan
3.458833265763586962e+00 -9.229831967174055851e-01 1.238020296245714746e+00
3.940596440236666886e+00 -9.886705891433986704e-01 3.900131728334877423e-01
4.489461940391565875e+00 2.152716685818967246e+00 5.346731139505825681e+00
5.114776105571953835e+00 1.932085456081385644e+01 1.124894418042066668e+01
5.827187078870319503e+00 1.834518683923869276e+01 9.062323688067998262e+00
6.638826128706195817e+00 1.667302608015692300e+01 7.148727125114954006e+00
7.563514225758552811e+00 9.825057540085325058e+00 4.597058172615242633e+00
8.616997392941321721e+00 4.082004923573269828e+00 2.578156184238290738e+00
9.817214836071872952e+00 5.613144575806741088e+00 2.442008093827950699e+00
1.118460442108735009e+01 4.262000890031590217e+00 1.798310208532151178e+00
1.274245069961824761e+01 2.828085080892149161e+00 1.262670078589100520e+00
1.451728140926205768e+01 1.714508076180339291e+00 8.758240579666031200e-01
1.653931920034971981e+01 2.187666358035035064e+00 7.961181364455401921e-01
1.884299628142029093e+01 2.501365474988521242e+00 7.048919592254470068e-01
2.146754074702852577e+01 1.070434863795990843e+00 4.419687416539127556e-01
2.445764457215044274e+01 9.773547509180553483e-01 3.642393672526749171e-01
2.786422464810916466e+01 5.028917877587897323e-01 2.638063213528902273e-01
3.174528981929791982e+01 3.373874392601792227e-01 2.104955168073682770e-01
3.616692868500850011e+01 2.675596313867059095e-01 1.761044395026712672e-01
4.120443498711833286e+01 2.739326873687009112e-01 1.551825330716475881e-01
4.694358974726586098e+01 7.076157623800893859e-02 1.223087251051364344e-01
