1.069642439726958605e+00 -1.377502502198753920e+00 nan
1.218627458003121777e+00 -9.493766688214531069e-01 1.110511987359049380e-01
1.388363836590320144e+00 -6.087779058788678199e-01 2.620340008848351943e-01
1.581741926207981042e+00 5.960558395615056515e-01 4.313106392633399011e-01
1.802054659727066133e+00 2.251245773535292205e+00 5.070500086481976032e-01
2.053053625776520175e+00 5.094218459111741204e+00 5.717789658237165673e-01
2.339012952555230562e+00 6.705390344783142886e+00 5.299959942591496720e-01
2.664802089693036891e+00 7.731471011415170125e+00 4.727464605231961881e-01
3.035968727524477995e+00 7.794108444042739059e+00 3.956776636998643459e-01
3.458833265763586962e+00 6.891264123351449555e+00 3.118047718746713715e-01
3.940596440236666886e+00 5.980601136417273977e+00 2.440950316889501925e-01
4.489461940391565875e+00 4.920595577609043758e+00 1.871704613634385395e-01
5.114776105571953835e+00 4.187137188549908018e+00 1.468338405263097945e-01
5.827187078870319503e+00 3.291255475759096161e+00 1.118985226432924612e-01
6.638826128706195817e+00 2.642235955254908397e+00 8.683114350191474540e-02
7.563514225758552811e+00 2.150092714526067095e+00 6.860863330351575640e-02
8.616997392941321721e+00 1.713945733070450617e+00 5.437582101626564635e-02
9.817214836071872952e+00 1.335678375431450959e+00 4.332914037363583271e-02
1.118460442108735009e+01 1.072801178387863041e+00 3.556588077141285137e-02
1.274245069961824761e+01 8.525371281873830309e-01 2.960467023065800271e-02
1.451728140926205768e+01 6.407660494285927211e-01 2.471805450621527775e-02
1.653931920034971981e+01 5.191825601461996786e-01 2.159931340242349576e-02
1.884299628142029093e+01 3.845157222877280123e-01 1.881661283704671658e-02
2.146754074702852577e+01 2.892563763686568645e-01 1.686339288746938406e-02
2.445764457215044274e+01 2.268946337356014809e-01 1.554853492427044591e-02
2.786422464810916466e+01 1.594335157842423634e-01 1.435435992555256397e-02
3.174528981929791982e+01 1.191376081335437931e-01 1.360363236364240704e-02
3.616692868500850011e+01 7.940500211088075133e-02 1.294826531892846917e-02
4.120443498711833286e+01 5.946868299835461613e-02 1.258401448817659737e-02
4.694358974726586098e+01 3.772114667236903252e-02 1.224109905995497335e-02
