1.069642439726958605e+00 -1.279537007088134892e+00 nan
1.218627458003121777e+00 -1.010200210804392373e+00 nan
1.388363836590320144e+00 -8.322075111614222198e-01 4.224053660045571923e-01
1.581741926207981042e+00 -8.096161825726142514e-01 3.663957231237162659e-01
1.802054659727066133e+00 -6.825508682262415583e-02 6.665906009955833156e-01
2.053053625776520175e+00 7.413483458803296067e-01 7.473134714110966081e-01
2.339012952555230562e+00 2.203081479045083668e+00 8.311979791244378246e-01
2.664802089693036891e+00 5.826238684801677614e+00 1.012746449165846219e+00
3.035968727524477995e+00 8.296326582160647334e+00 9.822873219956159696e-01
3.458833265763586962e+00 8.035970125567569511e+00 8.021906587813560918e-01
3.940596440236666886e+00 7.825117044074948680e+00 6.572802242925924743e-01
4.489461940391565875e+00 7.228905081722531101e+00 5.270231149903259471e-01
5.114776105571953835e+00 6.238851157091431787e+00 4.111638120581287970e-01
5.827187078870319503e+00 5.090256214612264074e+00 3.140886998222695570e-01
6.638826128706195817e+00 3.908459837468687859e+00 2.344497149043202888e-01
7.563514225758552811e+00 3.120118095657649526e+00 1.798347831801836438e-01
8.616997392941321721e+00 2.383341052636307911e+00 1.365096315522171255e-01
9.817214836071872952e+00 1.921551052562161743e+00 1.071860188249990214e-01
1.118460442108735009e+01 1.603003143820688203e+00 8.641103746226636018e-02
1.274245069961824761e+01 1.257685625030066312e+00 6.890073796749895951e-02
1.451728140926205768e+01 9.691694901149934260e-01 5.559482757585793716e-02
1.653931920034971981e+01 7.065473689497703269e-01 4.499087749451348428e-02
1.884299628142029093e+01 5.290164286057623677e-01 3.762751524812203013e-02
2.146754074702852577e+01 4.263995842015717574e-01 3.285298280677756422e-02
2.445764457215044274e+01 3.182959054051726078e-01 2.880016971122393438e-02
2.786422464810916466e+01 2.454750562140455283e-01 2.600488853567663877e-02
3.174528981929791982e+01 1.586329162985802288e-01 2.339008377067599426e-02
3.616692868500850011e+01 1.211361808265218887e-01 2.199225767107746213e-02
4.120443498711833286e+01 7.785457430596376405e-02 2.070781247659521720e-02
4.694358974726586098e+01 5.619608870902492725e-02 1.997284095132139878e-02
