1.069642439726958605e+00 -6.076775252887927081e-01 1.742623039318848299e+01
1.218627458003121777e+00 -5.473680790025037268e-01 1.422420663499050164e+01
1.388363836590320144e+00 -1.228955407919308573e+00 nan
1.581741926207981042e+00 -1.069177093358999020e+00 nan
1.802054659727066133e+00 -1.497568365008192792e+00 nan
2.053053625776520175e+00 -4.092680133824224686e-01 7.567151255390621500e+00
2.339012952555230562e+00 -5.297185926862821859e-01 5.528364534837233002e+00
2.664802089693036891e+00 -6.441222230515224467e-01 3.993299539764866513e+00
3.035968727524477995e+00 -8.788208922052247463e-01 1.922245818994576805e+00
3.458833265763586962e+00 -1.130671542296289189e+00 nan
3.940596440236666886e+00 3.551437049926791989e+00 7.971412355171089814e+00
4.489461940391565875e+00 8.318264710286900510e+00 9.382158007818972578e+00
5.114776105571953835e+00 1.793993126508918579e+01 1.105515877601716390e+01
5.827187078870319503e+00 1.049681258197403544e+01 7.078959191856228905e+00
6.638826128706195817e+00 7.591651893972365173e+00 5.031758085686764304e+00
7.563514225758552811e+00 1.016576528479240338e+01 4.757419252066819482e+00
8.616997392941321721e+00 9.584870261549420789e+00 3.833983185947759331e+00
9.817214836071872952e+00 6.203733075522528395e+00 2.600298188398577182e+00
1.118460442108735009e+01 4.492386850510019514e+00 1.872860670746955947e+00
1.274245069961824761e+01 5.198155265904068401e+00 1.661782411394769010e+00
1.451728140926205768e+01 4.185236203044917502e+00 1.262233583940654436e+00
1.653931920034971981e+01 1.723347750718625448e+00 7.441511345470127603e-01
1.884299628142029093e+01 1.840702081339511631e+00 6.375578203056654347e-01
2.146754074702852577e+01 2.004069367049901906e+00 5.564923374790092803e-01
2.445764457215044274e+01 8.254148687590914246e-01 3.537293089952764369e-01
2.786422464810916466e+01 9.352296202646088741e-01 3.122919112820377596e-01
3.174528981929791982e+01 4.757038977475276376e-01 2.273948459676244094e-01
3.616692868500850011e+01 2.406528483486727321e-01 1.764696035563026455e-01
4.120443498711833286e+01 1.700482362943616099e-01 1.486355063971225854e-01
4.694358974726586098e+01 1.312519236535230061e-01 1.291018924310964044e-01
