1.069642439726958605e+00 -1.288213506343123704e+00 nan
1.218627458003121777e+00 -7.691804525458916242e-01 3.583781277046116931e-01
1.388363836590320144e+00 -9.666928121894882153e-01 1.155309602245939149e-01
1.581741926207981042e+00 -9.767996702098618034e-01 7.851647395239007288e-02
1.802054659727066133e+00 4.238550099734061938e-01 5.061125687313809962e-01
2.053053625776520175e+00 2.197075906507671927e+00 6.227419281243313787e-01
2.339012952555230562e+00 4.901138234395725490e+00 6.960073051532276178e-01
2.664802089693036891e+00 6.262248634596719654e+00 6.448025575748201899e-01
3.035968727524477995e+00 7.684227670130913346e+00 5.873333690888936642e-01
3.458833265763586962e+00 7.946231547409251306e+00 4.962921635993997049e-01
3.940596440236666886e+00 7.367549365755443169e+00 3.992510948288083839e-01
4.489461940391565875e+00 6.094530744423847679e+00 3.052861950688335879e-01
5.114776105571953835e+00 5.034955423442884381e+00 2.346749912902497126e-01
5.827187078870319503e+00 4.022179065483322269e+00 1.788068130598327587e-01
6.638826128706195817e+00 3.186548749713521644e+00 1.366361183859602646e-01
7.563514225758552811e+00 2.508062410647855955e+00 1.052482913222160255e-01
8.616997392941321721e+00 1.988680540545082698e+00 8.221261144419160505e-02
9.817214836071872952e+00 1.606156636386885106e+00 6.552811001409925007e-02
1.118460442108735009e+01 1.277001860433073954e+00 5.269412857025893016e-02
1.274245069961824761e+01 9.832441286361848221e-01 4.257946744606216222e-02
1.451728140926205768e+01 7.937563649217429518e-01 3.570512578690624578e-02
1.653931920034971981e+01 6.153668247415366999e-01 3.014923022787106138e-02
1.884299628142029093e+01 4.619165813100047924e-01 2.580798705588203262e-02
2.146754074702852577e+01 3.592717512528158519e-01 2.283806928662545505e-02
2.445764457215044274e+01 2.850554170473289517e-01 2.071956038978213857e-02
2.786422464810916466e+01 2.037123660028226091e-01 1.881563580680262540e-02
3.174528981929791982e+01 1.426102514339919747e-01 1.742886704441708873e-02
3.616692868500850011e+01 1.084512354844204829e-01 1.658699161498540867e-02
4.120443498711833286e+01 7.350571707963804435e-02 1.584438174669388147e-02
4.694358974726586098e+01 4.770456863092142896e-02 1.530962451665796725e-02
