1.069642439726958605e+00 -4.756794865220523860e-01 6.933267102027724782e+00
1.218627458003121777e+00 -1.237006732864378122e+00 nan
1.388363836590320144e+00 -5.344606054849503352e-01 4.213396922898826169e+00
1.581741926207981042e+00 -9.840773563027993553e-01 6.345135033187038198e-01
1.802054659727066133e+00 -1.028867826315948530e+00 nan
2.053053625776520175e+00 -8.479433536421743245e-01 1.321276668197059578e+00
2.339012952555230562e+00 -7.499894845659449416e-01 1.387259369633411676e+00
2.664802089693036891e+00 -9.860745284181442472e-01 2.718525422780275758e-01
3.035968727524477995e+00 3.291117247636436982e-01 2.191721752451438743e+00
3.458833265763586962e+00 3.029712178202117467e+00 3.144923991890237858e+00
3.940596440236666886e+00 6.447333941719921580e-01 1.649244656462489633e+00
4.489461940391565875e+00 1.019556491139396215e+01 3.564300989509930684e+00
5.114776105571953835e+00 8.729696820388882728e+00 2.738343441143536783e+00
5.827187078870319503e+00 1.106308321744062617e+01 2.534195022870370018e+00
6.638826128706195817e+00 7.758835537026535611e+00 1.777132772772737068e+00
7.563514225758552811e+00 8.687391426282815132e+00 1.561524405080658484e+00
8.616997392941321721e+00 5.753179368345016087e+00 1.073571931111674260e+00
9.817214836071872952e+00 4.822006007804619188e+00 8.282154838327970836e-01
1.118460442108735009e+01 3.511611662543142831e+00 6.039677492107579093e-01
1.274245069961824761e+01 2.655719045290629410e+00 4.516452313886277770e-01
1.451728140926205768e+01 1.926236462173475328e+00 3.363601563052046051e-01
1.653931920034971981e+01 1.460878893400587630e+00 2.583055713720027735e-01
1.884299628142029093e+01 1.279133635277991399e+00 2.110076223974135801e-01
2.146754074702852577e+01 1.071697629379049443e+00 1.719596824854228156e-01
2.445764457215044274e+01 7.659211124354221578e-01 1.353921839125150073e-01
2.786422464810916466e+01 6.291166581781459932e-01 1.133281602435151914e-01
3.174528981929791982e+01 4.744404998644151661e-01 9.461684142593977664e-02
3.616692868500850011e+01 2.824924975911320413e-01 7.742098090617151318e-02
4.120443498711833286e+01 2.248420297245363741e-01 6.885570532470530747e-02
4.694358974726586098e+01 1.505514896568289629e-01 6.122804897046543043e-02
