1.069642439726958605e+00 -3.254382550207082225e+00 nan
1.218627458003121777e+00 -8.426537926459611860e-01 8.322443301364279122e+00
1.388363836590320144e+00 -2.317886345026018535e+00 nan
1.581741926207981042e+00 -4.666905444126072666e-01 1.058858818600671370e+01
1.802054659727066133e+00 -4.870908488501504152e-01 8.537365005666007534e+00
2.053053625776520175e+00 -5.982856770684534808e-01 6.192435494648974803e+00
2.339012952555230562e+00 -7.859178805562638814e-01 3.701443468374191692e+00
2.664802089693036891e+00 -1.093321859455337997e+00 nan
3.035968727524477995e+00 -1.157751686693136328e+00 nan
3.458833265763586962e+00 -1.057629155879357352e+00 nan
3.940596440236666886e+00 -1.020087550490511141e+00 nan
4.489461940391565875e+00 8.255624533762071948e+00 9.279130911025564643e+00
5.114776105571953835e+00 1.364971919975421955e+01 9.630419326870464758e+00
5.827187078870319503e+00 2.299480192437175674e+01 1.023353725179365092e+01
6.638826128706195817e+00 7.527103090885676195e+00 4.974514778228539491e+00
7.563514225758552811e+00 9.885970380627757237e+00 4.660232377838748441e+00
8.616997392941321721e+00 1.036592962348968960e+01 3.949670869748241220e+00
9.817214836071872952e+00 6.068857792249676919e+00 2.555521676429960198e+00
1.118460442108735009e+01 4.615149354565110329e+00 1.880612736960449949e+00
1.274245069961824761e+01 3.282245176882433668e+00 1.353884151186499185e+00
1.451728140926205768e+01 3.430099798773187825e+00 1.149920026692142105e+00
1.653931920034971981e+01 1.884238069927692827e+00 7.619377922074707099e-01
1.884299628142029093e+01 1.694739936076941511e+00 6.146575629603936441e-01
2.146754074702852577e+01 1.732214668642159117e+00 5.229464215683946593e-01
2.445764457215044274e+01 9.252820669674126641e-01 3.622377670859222021e-01
2.786422464810916466e+01 5.848250589633821050e-01 2.749606311930468117e-01
3.174528981929791982e+01 3.595326571793293624e-01 2.146979585835891990e-01
3.616692868500850011e+01 4.347626312676906579e-01 1.927159789280661617e-01
4.120443498711833286e+01 2.082768761933195822e-01 1.509754258468250232e-01
4.694358974726586098e+01 1.515504001284013746e-01 1.299963098987844123e-01
