1.069642439726958605e+00 -1.137279620696296512e+00 nan
1.218627458003121777e+00 -8.961123308154068656e-01 3.938014621067670307e-01
1.388363836590320144e+00 -5.483926991090295466e-01 6.968512364519909852e-01
1.581741926207981042e+00 -8.794331172985452305e-01 2.931835175869154098e-01
1.802054659727066133e+00 -8.142429320664268388e-01 2.992042545040686785e-01
2.053053625776520175e+00 1.009030991456218107e+00 8.072505127814753045e-01
2.339012952555230562e+00 2.922039496536292802e+00 9.253515379856016576e-01
2.664802089693036891e+00 5.078150073665343101e+00 9.601029368518865237e-01
3.035968727524477995e+00 7.402723100870999495e+00 9.376408906252081676e-01
3.458833265763586962e+00 8.141416294434968393e+00 8.114281985025985078e-01
3.940596440236666886e+00 8.338950008347964626e+00 6.809520811307128163e-01
4.489461940391565875e+00 7.251479813239742889e+00 5.306071718384743896e-01
5.114776105571953835e+00 6.633368562235370192e+00 4.256187972088069094e-01
5.827187078870319503e+00 5.087234179640783616e+00 3.156307200203329888e-01
6.638826128706195817e+00 4.044098733569924775e+00 2.393643559752813843e-01
7.563514225758552811e+00 3.169412485844386396e+00 1.820100711457001141e-01
8.616997392941321721e+00 2.566977311721730270e+00 1.416360156533000569e-01
9.817214836071872952e+00 1.939295946952103833e+00 1.081132906517585229e-01
1.118460442108735009e+01 1.567497911592190540e+00 8.604652458199717191e-02
1.274245069961824761e+01 1.257261913600490777e+00 6.920532800828906039e-02
1.451728140926205768e+01 9.561057804494215162e-01 5.557623610157788607e-02
1.653931920034971981e+01 7.571412487105382283e-01 4.616774432707852760e-02
1.884299628142029093e+01 5.655677088967925314e-01 3.847657064986616943e-02
2.146754074702852577e+01 4.376970223731291298e-01 3.319000178916298865e-02
2.445764457215044274e+01 3.262785874596272340e-01 2.905235879414717545e-02
2.786422464810916466e+01 2.381897460577295789e-01 2.595961630330133676e-02
3.174528981929791982e+01 1.804495823451186531e-01 2.386743964866301984e-02
3.616692868500850011e+01 1.297344254383299145e-01 2.221893931326518815e-02
4.120443498711833286e+01 8.772953702608221604e-02 2.095149821767570281e-02
4.694358974726586098e+01 6.656182377189434618e-02 2.022152918202409569e-02
