1.069642439726958605e+00 -2.603833762189979861e+00 nan
1.218627458003121777e+00 -1.892485873942497676e-01 1.828880517361113434e+01
1.388363836590320144e+00 -1.355499894323603627e+00 nan
1.581741926207981042e+00 -8.458737864077670032e-01 5.510630664969243142e+00
1.802054659727066133e+00 -7.275829334214787281e-01 6.023315371924867101e+00
2.053053625776520175e+00 -1.127537695653880956e+00 nan
2.339012952555230562e+00 -1.204407236894656119e+00 nan
2.664802089693036891e+00 -1.354367993270911619e+00 nan
3.035968727524477995e+00 -8.658306601226244403e-01 1.943154651520545784e+00
3.458833265763586962e+00 -1.033204096981789277e+00 nan
3.940596440236666886e+00 3.025481501888201752e+00 7.201490494993232794e+00
4.489461940391565875e+00 1.927943672705422662e+00 5.042750903718633104e+00
5.114776105571953835e+00 1.436764128516353090e+01 9.554139281662070715e+00
5.827187078870319503e+00 1.473067880439564448e+01 7.980646507929204603e+00
6.638826128706195817e+00 5.196618376065638145e+00 4.096665922616136157e+00
7.563514225758552811e+00 1.043379921873843941e+01 4.629799536205869259e+00
8.616997392941321721e+00 9.628773150836824612e+00 3.694587053362004436e+00
9.817214836071872952e+00 6.256850179037241055e+00 2.509981759522140976e+00
1.118460442108735009e+01 3.827294494613879827e+00 1.683223345461660747e+00
1.274245069961824761e+01 3.663133713434785221e+00 1.372619619475570873e+00
1.451728140926205768e+01 3.546802034695780925e+00 1.130679125867401824e+00
1.653931920034971981e+01 1.413970277196660241e+00 6.710546522552598425e-01
1.884299628142029093e+01 1.859399459983736680e+00 6.161907401539946649e-01
2.146754074702852577e+01 1.284455194012245727e+00 4.579598531624989866e-01
2.445764457215044274e+01 7.781816846595746018e-01 3.357607482577077418e-01
2.786422464810916466e+01 7.877293706396268913e-01 2.871260567193738011e-01
3.174528981929791982e+01 2.278994975573975790e-01 1.960016800402722692e-01
3.616692868500850011e+01 2.835095994146767939e-01 1.743182436494271903e-01
4.120443498711833286e+01 2.424382417540813517e-01 1.498914735605028914e-01
4.694358974726586098e+01 1.794572681563211258e-01 1.290144909683443031e-01
