1.069642439726958605e+00 -1.087759588713206771e+00 nan
1.218627458003121777e+00 -9.877169505610854383e-01 8.222184968296898655e-02
1.388363836590320144e+00 -8.949141275262169071e-01 2.041060462462469527e-01
1.581741926207981042e+00 -4.149492592588375217e-01 3.922390823184959130e-01
1.802054659727066133e+00 2.236564216643392999e-01 4.665977988285751055e-01
2.053053625776520175e+00 2.707441716408739651e+00 6.672806952272393177e-01
2.339012952555230562e+00 3.952519405867982449e+00 6.334435132921679701e-01
2.664802089693036891e+00 6.826879139080957337e+00 6.665007038847856613e-01
3.035968727524477995e+00 9.005744445969423140e+00 6.292416364439884502e-01
3.458833265763586962e+00 7.982711407242605972e+00 4.947712279255456203e-01
3.940596440236666886e+00 7.362900848649477581e+00 3.970694836160438279e-01
4.489461940391565875e+00 5.985989094500511420e+00 3.011395003235070034e-01
5.114776105571953835e+00 4.950902298007286539e+00 2.316416170959220144e-01
5.827187078870319503e+00 4.028180891052764778e+00 1.780415047516726579e-01
6.638826128706195817e+00 3.121889435913355992e+00 1.347138255552099984e-01
7.563514225758552811e+00 2.508336195639901067e+00 1.047488259773314417e-01
8.616997392941321721e+00 2.042339785377658146e+00 8.275952725101198837e-02
9.817214836071872952e+00 1.566717771983382690e+00 6.457688025036099899e-02
1.118460442108735009e+01 1.282011837288199008e+00 5.254322099699428039e-02
1.274245069961824761e+01 9.895420428244781075e-01 4.249733036758982646e-02
1.451728140926205768e+01 7.962193262477064160e-01 3.559873888388778024e-02
1.653931920034971981e+01 5.934531214694165335e-01 2.971062432936379810e-02
1.884299628142029093e+01 4.692731523271214122e-01 2.582113675126673780e-02
2.146754074702852577e+01 3.624887088520849510e-01 2.280554308407849520e-02
2.445764457215044274e+01 2.623646938262236272e-01 2.032596759622166613e-02
2.786422464810916466e+01 2.024699872656947619e-01 1.873854056679262123e-02
3.174528981929791982e+01 1.470850071501863532e-01 1.743971355420771002e-02
3.616692868500850011e+01 1.058630970421681194e-01 1.650119721543277448e-02
4.120443498711833286e+01 7.355062743139351156e-02 1.579938903464617184e-02
4.694358974726586098e+01 4.726003959446534175e-02 1.525998217365789889e-02
