1.069642439726958605e+00 -1.439037933266399172e+00 nan
1.218627458003121777e+00 -5.423912354613931175e-01 3.238178071528667323e-01
1.388363836590320144e+00 -7.045310803955182610e-01 2.208220655137379529e-01
1.581741926207981042e+00 2.553481560992378885e-01 3.708749520189936755e-01
1.802054659727066133e+00 1.921891237175262557e+00 4.660416694920623826e-01
2.053053625776520175e+00 5.166280196642960121e+00 5.579305513960082230e-01
2.339012952555230562e+00 6.713859554598212043e+00 5.144773062876839553e-01
2.664802089693036891e+00 7.500482775921761380e+00 4.523771029504978780e-01
3.035968727524477995e+00 7.000019814173888300e+00 3.652152396250225030e-01
3.458833265763586962e+00 6.720537560648594422e+00 2.991954869435027864e-01
3.940596440236666886e+00 5.999790858012413963e+00 2.374781850113669990e-01
4.489461940391565875e+00 4.863147322437610498e+00 1.808819623027029533e-01
5.114776105571953835e+00 3.927462148154257093e+00 1.385420410318552176e-01
5.827187078870319503e+00 3.259981357933112278e+00 1.083699346027460902e-01
6.638826128706195817e+00 2.591612430685652058e+00 8.378355051696032008e-02
7.563514225758552811e+00 2.054785157021578268e+00 6.551832925190559376e-02
8.616997392941321721e+00 1.611688763048379602e+00 5.166094600272665149e-02
9.817214836071872952e+00 1.315132785896655054e+00 4.201377254794849692e-02
1.118460442108735009e+01 1.027319385327170487e+00 3.417608763607024591e-02
1.274245069961824761e+01 8.082798318077213384e-01 2.841296437489733775e-02
1.451728140926205768e+01 6.332432154455316375e-01 2.410242861405252970e-02
1.653931920034971981e+01 4.999928612205717382e-01 2.093881210011908425e-02
1.884299628142029093e+01 3.725592472765282270e-01 1.831553673253959180e-02
2.146754074702852577e+01 2.790531429142515396e-01 1.643550961095078394e-02
2.445764457215044274e+01 2.017323928447165571e-01 1.498547222634069760e-02
2.786422464810916466e+01 1.438935564690635438e-01 1.393171084577528307e-02
3.174528981929791982e+01 1.058091898441333445e-01 1.322593552497893649e-02
3.616692868500850011e+01 7.353971897898747834e-02 1.267159964981005513e-02
4.120443498711833286e+01 4.735526103794263086e-02 1.224530926777953402e-02
4.694358974726586098e+01 3.079624840146633069e-02 1.196962323740939464e-02
