1.069642439726958605e+00 -1.350807021838210886e+00 nan
1.218627458003121777e+00 -9.515099770517045918e-01 1.595191185772325826e-01
1.388363836590320144e+00 -4.973359849305072355e-01 4.359307416556483794e-01
1.581741926207981042e+00 -6.715993182282495866e-01 2.869220368372121244e-01
1.802054659727066133e+00 5.901797966090280845e-01 5.195000580392006295e-01
2.053053625776520175e+00 2.349674098690142099e+00 6.191851941615682531e-01
2.339012952555230562e+00 5.720655004860920378e+00 7.222641282857934497e-01
2.664802089693036891e+00 7.243321351013910281e+00 6.686262434395168208e-01
3.035968727524477995e+00 8.363342801849631414e+00 5.937366107306982776e-01
3.458833265763586962e+00 8.224687901648895405e+00 4.904274739570529951e-01
3.940596440236666886e+00 7.315052632727637061e+00 3.869244344897964649e-01
4.489461940391565875e+00 5.845178726454959062e+00 2.911239482928321687e-01
5.114776105571953835e+00 4.828098855801568945e+00 2.238848764615815057e-01
5.827187078870319503e+00 3.926517416638208413e+00 1.721293849410422405e-01
6.638826128706195817e+00 3.141031482370129524e+00 1.322069299379556306e-01
7.563514225758552811e+00 2.521847168445435994e+00 1.028050293978724078e-01
8.616997392941321721e+00 1.991828055563773070e+00 8.021483821304563333e-02
9.817214836071872952e+00 1.624965901438825577e+00 6.424916811099223857e-02
1.118460442108735009e+01 1.306274411430510263e+00 5.192179262275031099e-02
1.274245069961824761e+01 1.008717878203332585e+00 4.200956864347098890e-02
1.451728140926205768e+01 7.819379327804751867e-01 3.476430464655631131e-02
1.653931920034971981e+01 6.162111344503611310e-01 2.954548953858673541e-02
1.884299628142029093e+01 4.520475791972311530e-01 2.516420595022810999e-02
2.146754074702852577e+01 3.494604700381860329e-01 2.227627226657285034e-02
2.445764457215044274e+01 2.537821318562378803e-01 1.991188854526496077e-02
2.786422464810916466e+01 1.914094768944329950e-01 1.832426130269814574e-02
3.174528981929791982e+01 1.376073497563612413e-01 1.707450990379349998e-02
3.616692868500850011e+01 9.115461061533514098e-02 1.608135679805534554e-02
4.120443498711833286e+01 6.053312543572775262e-02 1.541719742318227622e-02
4.694358974726586098e+01 3.979095849403324614e-02 1.496604846010369042e-02
