1.069642439726958605e+00 -4.518704465667584547e-01 1.860127044872009705e+01
1.218627458003121777e+00 -2.074292876996021828e+00 nan
1.388363836590320144e+00 -2.077625391541908506e-01 1.442258030449675488e+01
1.581741926207981042e+00 -7.351694915254236573e-01 6.790186683852168947e+00
1.802054659727066133e+00 -8.946351727462411585e-01 3.521264946228518156e+00
2.053053625776520175e+00 -6.363152906362490313e-01 5.361867191736827465e+00
2.339012952555230562e+00 -1.194094418315733375e+00 nan
2.664802089693036891e+00 -9.330195451163427744e-01 1.564467006927848791e+00
3.035968727524477995e+00 -9.255095303666120987e-01 1.361014045905207359e+00
3.458833265763586962e+00 -9.370927718434449716e-01 1.029392012701149550e+00
3.940596440236666886e+00 -7.860830811229029269e-01 1.559245467318438605e+00
4.489461940391565875e+00 6.745487782262526544e+00 7.722892517645832733e+00
5.114776105571953835e+00 9.391211377918736503e+00 7.370184860822551975e+00
5.827187078870319503e+00 1.642003798984389107e+01 7.909602799677486473e+00
6.638826128706195817e+00 6.112066404433377897e+00 4.131361751397414572e+00
7.563514225758552811e+00 1.076260132645541567e+01 4.421250568664006231e+00
8.616997392941321721e+00 8.341345543534393059e+00 3.250974784441243326e+00
9.817214836071872952e+00 5.329941209256842782e+00 2.199902414498740466e+00
1.118460442108735009e+01 5.270771385162958289e+00 1.819013934921963171e+00
1.274245069961824761e+01 4.028199611286961357e+00 1.346130863356903795e+00
1.451728140926205768e+01 3.001181836117426283e+00 9.941852366292893706e-01
1.653931920034971981e+01 2.211408834662021317e+00 7.383335241335562404e-01
1.884299628142029093e+01 1.653259506860845329e+00 5.575290824335877859e-01
2.146754074702852577e+01 1.796823125767105012e+00 4.861656825488408495e-01
2.445764457215044274e+01 8.737249985585726630e-01 3.270233477303172709e-01
2.786422464810916466e+01 8.581961740721244514e-01 2.782821747916474076e-01
3.174528981929791982e+01 5.597817703910856757e-01 2.154528558565699803e-01
3.616692868500850011e+01 4.841209957314738244e-01 1.821978158411663995e-01
4.120443498711833286e+01 2.434762059172472792e-01 1.426868370723325674e-01
4.694358974726586098e+01 2.150950965686992955e-01 1.258029230209697369e-01
