1.069642439726958605e+00 -1.449490877662432453e+00 nan
1.218627458003121777e+00 -5.709448873884095388e-01 3.133347464018138573e-01
1.388363836590320144e+00 -5.674461028507129523e-01 2.670129186916531672e-01
1.581741926207981042e+00 3.445679357966973111e-01 3.835854282154616546e-01
1.802054659727066133e+00 2.012398459091347291e+00 4.729184445376626300e-01
2.053053625776520175e+00 4.938337912816162856e+00 5.469869605224588760e-01
2.339012952555230562e+00 6.540182447033966895e+00 5.081404444395724029e-01
2.664802089693036891e+00 7.469900313311039319e+00 4.512224636319666637e-01
3.035968727524477995e+00 7.835289699586363454e+00 3.848077827750684410e-01
3.458833265763586962e+00 6.686966930348368088e+00 2.982918814927244533e-01
3.940596440236666886e+00 6.012229493825669735e+00 2.375592810087489570e-01
4.489461940391565875e+00 4.750485573876565226e+00 1.787846366717537605e-01
5.114776105571953835e+00 3.989397048240454602e+00 1.394671229018370207e-01
5.827187078870319503e+00 3.244575112147906726e+00 1.080675551214542174e-01
6.638826128706195817e+00 2.570410743086641414e+00 8.342620646851765798e-02
7.563514225758552811e+00 2.046049778924770024e+00 6.535948724042135727e-02
8.616997392941321721e+00 1.645599835357263618e+00 5.207822200573216515e-02
9.817214836071872952e+00 1.318093701251807692e+00 4.202818615589106604e-02
1.118460442108735009e+01 1.019891476435429656e+00 3.406663906361555305e-02
1.274245069961824761e+01 8.141594894356696255e-01 2.846925563763368083e-02
1.451728140926205768e+01 6.492642644588366707e-01 2.427993371092312946e-02
1.653931920034971981e+01 5.006121517002175558e-01 2.093648689285039152e-02
1.884299628142029093e+01 3.949665609825596668e-01 1.856673941781400786e-02
2.146754074702852577e+01 2.954320940966366216e-01 1.661718824960765201e-02
2.445764457215044274e+01 2.294187868687971310e-01 1.529716414182515603e-02
2.786422464810916466e+01 1.651472512204257281e-01 1.416979429239936111e-02
3.174528981929791982e+01 1.212015831557595735e-01 1.339713666534633751e-02
3.616692868500850011e+01 8.596635975016830855e-02 1.280910710493051406e-02
4.120443498711833286e+01 5.940086751442663626e-02 1.237865500852269353e-02
4.694358974726586098e+01 3.852473467294559306e-02 1.205374875082380198e-02
