1.069642439726958605e+00 -8.995553314605677642e-01 4.882510202128617638e-01
1.218627458003121777e+00 -1.193955868362173600e+00 nan
1.388363836590320144e+00 -9.875659355597641298e-01 1.107888498953771145e-01
1.581741926207981042e+00 -9.646046003358299537e-01 1.522123570470803877e-01
1.802054659727066133e+00 -4.518102407083526284e-01 4.925815199864495009e-01
2.053053625776520175e+00 1.508563250686645318e-01 5.852001248720908322e-01
2.339012952555230562e+00 1.998671275985639317e+00 7.748388382849350497e-01
2.664802089693036891e+00 4.421038972354132568e+00 8.684237278669202365e-01
3.035968727524477995e+00 7.104773153816714704e+00 8.824597183026801073e-01
3.458833265763586962e+00 7.728069018204806184e+00 7.596770998090424110e-01
3.940596440236666886e+00 8.086064618146604488e+00 6.439084988883029270e-01
4.489461940391565875e+00 7.016626394465417249e+00 5.014252694935186216e-01
5.114776105571953835e+00 6.234816103809567522e+00 3.968096814831780783e-01
5.827187078870319503e+00 4.892306608320824424e+00 2.977461324053019553e-01
6.638826128706195817e+00 4.027963039146254864e+00 2.296760638950995359e-01
7.563514225758552811e+00 3.160957112977768713e+00 1.748585244114620463e-01
8.616997392941321721e+00 2.384964116008751578e+00 1.320737691311160977e-01
9.817214836071872952e+00 1.931694188294894809e+00 1.039817986077264667e-01
1.118460442108735009e+01 1.550284752679877975e+00 8.261948188662376902e-02
1.274245069961824761e+01 1.229136871098732264e+00 6.625584608614916438e-02
1.451728140926205768e+01 9.758283650247105978e-01 5.411710466508769940e-02
1.653931920034971981e+01 7.339756105822756727e-01 4.426176088202913445e-02
1.884299628142029093e+01 5.675814570778525692e-01 3.734771010554692461e-02
2.146754074702852577e+01 4.230067153480425723e-01 3.196483857073147833e-02
2.445764457215044274e+01 3.238080246606371837e-01 2.821247628806869412e-02
2.786422464810916466e+01 2.351054288798999359e-01 2.522762103676585294e-02
3.174528981929791982e+01 1.697678068172636667e-01 2.308166892750190477e-02
3.616692868500850011e+01 1.207636497785009588e-01 2.152646996184574488e-02
4.120443498711833286e+01 8.903056222288241450e-02 2.048927450004306081e-02
4.694358974726586098e+01 5.787615606400930979e-02 1.960946684435869308e-02
