1.069642439726958605e+00 3.057625320766588217e-03 2.591797012338260942e+01
1.218627458003121777e+00 -4.393155184275749914e-01 1.472550598760448715e+01
1.388363836590320144e+00 1.706769314849915231e-01 1.805808011975285510e+01
1.581741926207981042e+00 -1.337119516562220500e+00 nan
1.802054659727066133e+00 -9.514572661097140394e-01 2.461777004226525456e+00
2.053053625776520175e+00 -1.746561644702682603e+00 nan
2.339012952555230562e+00 -1.008797873886204233e+00 nan
2.664802089693036891e+00 -9.909928260128491040e-01 5.909096943528391321e-01
3.035968727524477995e+00 -1.199255928139554950e+00 nan
3.458833265763586962e+00 -1.061694486845192298e+00 nan
3.940596440236666886e+00 2.856054178927014409e+00 6.824191330655255960e+00
4.489461940391565875e+00 9.609287748197981927e+00 9.317735703385421786e+00
5.114776105571953835e+00 1.175120590418329414e+01 8.417586034490646796e+00
5.827187078870319503e+00 1.132790998631466728e+01 6.826300150206279227e+00
6.638826128706195817e+00 9.041500592882048437e+00 5.070743736584385708e+00
7.563514225758552811e+00 1.428847301313820140e+01 5.216760519160695608e+00
8.616997392941321721e+00 6.191913682645026284e+00 2.922088405452119897e+00
9.817214836071872952e+00 6.740776342832345946e+00 2.515827046334598638e+00
1.118460442108735009e+01 4.972606433114147073e+00 1.824223636964369177e+00
1.274245069961824761e+01 3.707617481965757023e+00 1.337133568639376158e+00
1.451728140926205768e+01 3.883078938024610238e+00 1.140042118036501018e+00
1.653931920034971981e+01 2.164461952189761007e+00 7.532876567975039794e-01
1.884299628142029093e+01 1.457960687487036111e+00 5.494219457371265491e-01
2.146754074702852577e+01 1.432723723699337981e+00 4.607084073700127846e-01
2.445764457215044274e+01 9.628217588240910452e-01 3.452509916082259767e-01
2.786422464810916466e+01 5.587718451582601720e-01 2.567963349416987340e-01
3.174528981929791982e+01 4.386312560444598496e-01 2.100565742853937601e-01
3.616692868500850011e+01 4.475797956595009008e-01 1.836301574629366495e-01
4.120443498711833286e+01 1.225629147949749420e-01 1.361799898599875269e-01
4.694358974726586098e+01 1.233819747149791368e-01 1.214471847515485453e-01
