1.069642439726958605e+00 -1.879960256508716565e+00 nan
1.218627458003121777e+00 -1.217538529770484601e+00 nan
1.388363836590320144e+00 -7.968070706425387506e-01 7.244274556742673177e+00
1.581741926207981042e+00 -1.382866379310344840e+00 nan
1.802054659727066133e+00 -1.237046147623718007e+00 nan
2.053053625776520175e+00 -1.404317678003837333e+00 nan
2.339012952555230562e+00 -1.135826920473009594e+00 nan
2.664802089693036891e+00 -1.167256883548169810e+00 nan
3.035968727524477995e+00 -1.079915146940479520e+00 nan
3.458833265763586962e+00 -1.126159706005612993e+00 nan
3.940596440236666886e+00 2.790642300920469498e+00 6.515314656528197190e+00
4.489461940391565875e+00 8.909045955041346332e+00 8.670204794925361114e+00
5.114776105571953835e+00 2.441464045098510560e+00 4.192182405249309518e+00
5.827187078870319503e+00 1.262560143908501331e+01 6.919452362587930061e+00
6.638826128706195817e+00 1.374211677172668189e+01 5.948816146407226668e+00
7.563514225758552811e+00 1.106703665770440992e+01 4.444233084111099075e+00
8.616997392941321721e+00 6.761067677214572136e+00 2.928697959339328083e+00
9.817214836071872952e+00 7.947707520999776065e+00 2.617809696352849436e+00
1.118460442108735009e+01 3.715559671498536609e+00 1.552713116472328014e+00
1.274245069961824761e+01 3.478911353316548105e+00 1.255391909131891914e+00
1.451728140926205768e+01 3.954067211341987687e+00 1.108640546221954626e+00
1.653931920034971981e+01 2.473015830982276064e+00 7.649166254056058989e-01
1.884299628142029093e+01 1.828129727785325898e+00 5.734069802986934139e-01
2.146754074702852577e+01 1.389457527455993047e+00 4.403234950317660434e-01
2.445764457215044274e+01 9.218500839678946956e-01 3.294424882697303825e-01
2.786422464810916466e+01 6.046354015444275198e-01 2.525955048341774756e-01
3.174528981929791982e+01 6.816767253996918186e-01 2.245049471799695773e-01
3.616692868500850011e+01 4.114177112634525013e-01 1.749650668138174048e-01
4.120443498711833286e+01 3.738756187700604805e-01 1.520743489543077420e-01
4.694358974726586098e+01 1.281716358029929559e-01 1.183441203470498720e-01
