1.069642439726958605e+00 -1.195271126564541486e+00 nan
1.218627458003121777e+00 -8.078304512466314424e-01 2.097249283541082199e-01
1.388363836590320144e+00 -6.119862564291820295e-01 2.529374680390450436e-01
1.581741926207981042e+00 4.383576903116250811e-01 3.968382759273123561e-01
1.802054659727066133e+00 2.648689708480991278e+00 5.208664894982106830e-01
2.053053625776520175e+00 4.418671020988758968e+00 5.222549724991375486e-01
2.339012952555230562e+00 6.348538302001796474e+00 5.015548101250064672e-01
2.664802089693036891e+00 7.804841445509778097e+00 4.605644815321815466e-01
3.035968727524477995e+00 7.362002036564147645e+00 3.737387694155889784e-01
3.458833265763586962e+00 6.714633450911362544e+00 2.989309027902632421e-01
3.940596440236666886e+00 6.387837429923202137e+00 2.446261813348458714e-01
4.489461940391565875e+00 5.092391573664771798e+00 1.847946192272641452e-01
5.114776105571953835e+00 3.907613327085406763e+00 1.381544923762952071e-01
5.827187078870319503e+00 3.148400521466786728e+00 1.066107882407882901e-01
6.638826128706195817e+00 2.563995591932981544e+00 8.334768556963569053e-02
7.563514225758552811e+00 2.041578385196427536e+00 6.530887809024735202e-02
8.616997392941321721e+00 1.615171737815495723e+00 5.168579668934805693e-02
9.817214836071872952e+00 1.303988970840828543e+00 4.185600353570580884e-02
1.118460442108735009e+01 1.022473013312477530e+00 3.410355558924858116e-02
1.274245069961824761e+01 8.053261942847134147e-01 2.836723912969005626e-02
1.451728140926205768e+01 6.211390018531153245e-01 2.395123413965201051e-02
1.653931920034971981e+01 4.803724205629682498e-01 2.070316390934229603e-02
1.884299628142029093e+01 3.718954259704521093e-01 1.830217613247264730e-02
2.146754074702852577e+01 2.935811961989602814e-01 1.659785145356827696e-02
2.445764457215044274e+01 2.134993556555961902e-01 1.511623904339811850e-02
2.786422464810916466e+01 1.621717339549544334e-01 1.413726255978111843e-02
3.174528981929791982e+01 1.168051919159154295e-01 1.334825077227784484e-02
3.616692868500850011e+01 8.368793617121439432e-02 1.278437847010215067e-02
4.120443498711833286e+01 5.712448232817002314e-02 1.235388980694286480e-02
4.694358974726586098e+01 3.664717834586705969e-02 1.203349839840199553e-02
