1.069642439726958605e+00 -8.781709533400399170e-01 3.093504749166299472e+00
1.218627458003121777e+00 -4.790390377954012457e-01 4.861327671087159352e+00
1.388363836590320144e+00 -1.343581541592435258e+00 nan
1.581741926207981042e+00 -3.656278748850045890e-01 3.707272070987642998e+00
1.802054659727066133e+00 -1.005315332331693234e+00 nan
2.053053625776520175e+00 -8.174311794785216190e-01 1.340120256593896775e+00
2.339012952555230562e+00 -8.062086678836510867e-01 1.130527497177243434e+00
2.664802089693036891e+00 -1.016290696273908445e+00 nan
3.035968727524477995e+00 1.279723504843401916e-01 1.868867057345497296e+00
3.458833265763586962e+00 1.118696626628954860e+00 2.109302580232910174e+00
3.940596440236666886e+00 4.177930878222860578e+00 2.715072774216238827e+00
4.489461940391565875e+00 9.846869383825906041e+00 3.248927869346369235e+00
5.114776105571953835e+00 9.077370300776442136e+00 2.583430789703317743e+00
5.827187078870319503e+00 1.165429824870271247e+01 2.409724641744264151e+00
6.638826128706195817e+00 7.668917601210010204e+00 1.639237253552645157e+00
7.563514225758552811e+00 8.176906855537211527e+00 1.408056086038022459e+00
8.616997392941321721e+00 5.710279299995249858e+00 9.934282828213978345e-01
9.817214836071872952e+00 4.951421532603496267e+00 7.790579899805972763e-01
1.118460442108735009e+01 3.331739762304088082e+00 5.489247353777648719e-01
1.274245069961824761e+01 2.638180528297410454e+00 4.190889419204550381e-01
1.451728140926205768e+01 1.966730268813316140e+00 3.157314049737687811e-01
1.653931920034971981e+01 1.417348825349979080e+00 2.382769782513639023e-01
1.884299628142029093e+01 1.142224595691827549e+00 1.896969152910322476e-01
2.146754074702852577e+01 1.016178238876106921e+00 1.581838217247786560e-01
2.445764457215044274e+01 7.477262850739259115e-01 1.261265651281034128e-01
2.786422464810916466e+01 6.004433440711014480e-01 1.052743966198383258e-01
3.174528981929791982e+01 4.353189963814549923e-01 8.748182896056863611e-02
3.616692868500850011e+01 2.760619370795105443e-01 7.292956635559068312e-02
4.120443498711833286e+01 2.246694504087409783e-01 6.531809165736086886e-02
4.694358974726586098e+01 1.436290852776698213e-01 5.794976026920305168e-02
