1.069642439726958605e+00 -1.405663561377596960e+00 nan
1.218627458003121777e+00 -9.209401639404011242e-01 3.293893896099502894e-01
1.388363836590320144e+00 -1.013544211329458822e+00 nan
1.581741926207981042e+00 -8.757601013468463425e-01 2.853608326597079081e-01
1.802054659727066133e+00 -5.059065571872074507e-01 4.679361124800160421e-01
2.053053625776520175e+00 9.565270978721951423e-04 5.460648541524016908e-01
2.339012952555230562e+00 3.165005632628452581e+00 9.146099839156737188e-01
2.664802089693036891e+00 4.760283803692365368e+00 8.961025546673234699e-01
3.035968727524477995e+00 6.590852625144727028e+00 8.538318046775196235e-01
3.458833265763586962e+00 8.645801975574261888e+00 8.008891278664012070e-01
3.940596440236666886e+00 7.359172438579580700e+00 6.164224656971806215e-01
4.489461940391565875e+00 7.189142536014093032e+00 5.075485836546617113e-01
5.114776105571953835e+00 5.890213049582631477e+00 3.864969984046865425e-01
5.827187078870319503e+00 5.058632868093769552e+00 3.026336939393821646e-01
6.638826128706195817e+00 3.909953893684848136e+00 2.266902452156928927e-01
7.563514225758552811e+00 3.017687003539821333e+00 1.713852046672683371e-01
8.616997392941321721e+00 2.388588003635404799e+00 1.322350085083311422e-01
9.817214836071872952e+00 1.953547690779414037e+00 1.045258045362640609e-01
1.118460442108735009e+01 1.521202815802760622e+00 8.204875267473243916e-02
1.274245069961824761e+01 1.237384705123393047e+00 6.645755195903037260e-02
1.451728140926205768e+01 9.814682058721724278e-01 5.425455074541854494e-02
1.653931920034971981e+01 7.278280369378460346e-01 4.416610046650479293e-02
1.884299628142029093e+01 5.507464460085766955e-01 3.705111644794367026e-02
2.146754074702852577e+01 4.370188095263038974e-01 3.223598283382426294e-02
2.445764457215044274e+01 3.116958039093695731e-01 2.800412192602086403e-02
2.786422464810916466e+01 2.446650680915465337e-01 2.541010133710013691e-02
3.174528981929791982e+01 1.748987598954230283e-01 2.318260829212002300e-02
3.616692868500850011e+01 1.181407468755195644e-01 2.148723193893298938e-02
4.120443498711833286e+01 8.643069059896291151e-02 2.044989246940506419e-02
4.694358974726586098e+01 5.556755427785864399e-02 1.957484908735155488e-02
