1.069642439726958605e+00 -1.374380879566532876e+00 nan
1.218627458003121777e+00 -1.468134568315976551e+00 nan
1.388363836590320144e+00 -5.801345288379777809e-01 1.030245645909904795e+01
1.581741926207981042e+00 -1.357462686567164400e+00 nan
1.802054659727066133e+00 -9.476133965836173179e-01 2.436309699055971834e+00
2.053053625776520175e+00 -4.272111760261585456e-01 6.602766696656802381e+00
2.339012952555230562e+00 -1.511746893803235459e+00 nan
2.664802089693036891e+00 -1.089173548232536870e+00 nan
3.035968727524477995e+00 -1.020327734899812100e+00 nan
3.458833265763586962e+00 -1.192194260031373521e+00 nan
3.940596440236666886e+00 6.011857727376587412e+00 8.773443615469952661e+00
4.489461940391565875e+00 6.312194940781303387e+00 7.362212195065204412e+00
5.114776105571953835e+00 4.000010061612103485e+00 5.003253283614642832e+00
5.827187078870319503e+00 1.236422425501314493e+01 6.779105641960688544e+00
6.638826128706195817e+00 1.723718460649396178e+01 6.571948233733965417e+00
7.563514225758552811e+00 1.129303194937620702e+01 4.440338065359494379e+00
8.616997392941321721e+00 4.888812053064802043e+00 2.513192559060415388e+00
9.817214836071872952e+00 6.260143123186680647e+00 2.320202844885422166e+00
1.118460442108735009e+01 4.446090600510128610e+00 1.657441175832419455e+00
1.274245069961824761e+01 3.267168497344176359e+00 1.210814016595935350e+00
1.451728140926205768e+01 2.190845504554475909e+00 8.642424814382868581e-01
1.653931920034971981e+01 2.226856746392104291e+00 7.270778364312648900e-01
1.884299628142029093e+01 1.877962641896225193e+00 5.732971739088966734e-01
2.146754074702852577e+01 1.559517971737669040e+00 4.536953055269755675e-01
2.445764457215044274e+01 1.010519719145152706e+00 3.350439310735035536e-01
2.786422464810916466e+01 9.114908605986318246e-01 2.785004716885255416e-01
3.174528981929791982e+01 3.524613160952037028e-01 1.937038111407402008e-01
3.616692868500850011e+01 1.136446529962502616e-01 1.484274702301600635e-01
4.120443498711833286e+01 1.994031007587178106e-01 1.370419375246033633e-01
4.694358974726586098e+01 1.019873984605697004e-01 1.153701612659063930e-01
