1.069642439726958605e+00 -2.561028975613031999e+00 nan
1.218627458003121777e+00 -9.585386740777845915e-01 1.362019191974993104e+00
1.388363836590320144e+00 -1.398053258418074485e+00 nan
1.581741926207981042e+00 -5.901096391046138923e-01 2.959550322083519092e+00
1.802054659727066133e+00 -9.283494491348167621e-01 1.017301945264151852e+00
2.053053625776520175e+00 -1.081032690996469370e+00 nan
2.339012952555230562e+00 -1.021619879502223327e+00 nan
2.664802089693036891e+00 -8.356013290198818222e-01 8.587015803400477321e-01
3.035968727524477995e+00 -9.772683385342222362e-01 2.633999473669683122e-01
3.458833265763586962e+00 1.166965003344299978e+00 2.118634418398939179e+00
3.940596440236666886e+00 8.782468349824458898e+00 3.717477439521122751e+00
4.489461940391565875e+00 7.141824782162089491e+00 2.788508906363179385e+00
5.114776105571953835e+00 9.623069701119177921e+00 2.636543206389452276e+00
5.827187078870319503e+00 1.078017435654037470e+01 2.305400557039046117e+00
6.638826128706195817e+00 8.491205817332140526e+00 1.707949121202448906e+00
7.563514225758552811e+00 6.522359214990636644e+00 1.257413680339475537e+00
8.616997392941321721e+00 5.717935801172236765e+00 9.875165529915213014e-01
9.817214836071872952e+00 4.433551608621427498e+00 7.360794497123819280e-01
1.118460442108735009e+01 3.167038528390381025e+00 5.337362424746552314e-01
1.274245069961824761e+01 2.815918855746806670e+00 4.279170364321734366e-01
1.451728140926205768e+01 1.941177082017030209e+00 3.121694313879201932e-01
1.653931920034971981e+01 1.684702394291654359e+00 2.521642400601714074e-01
1.884299628142029093e+01 1.407943414225137024e+00 2.028046941365290734e-01
2.146754074702852577e+01 8.690262710864518070e-01 1.497453124578699002e-01
2.445764457215044274e+01 5.841254650719094332e-01 1.174008393704745606e-01
2.786422464810916466e+01 5.863091077219209080e-01 1.040461666105069322e-01
3.174528981929791982e+01 3.316923958439861320e-01 8.231233685657071697e-02
3.616692868500850011e+01 2.667719108248893800e-01 7.215691403461857445e-02
4.120443498711833286e+01 1.990216189720002138e-01 6.389243033923695803e-02
4.694358974726586098e+01 1.162841658577531412e-01 5.650942813070904125e-02
