1.069642439726958605e+00 -1.277764719657284331e+00 nan
1.218627458003121777e+00 -6.467554528825987248e-01 2.840579447007424707e-01
1.388363836590320144e+00 -5.581631195238250243e-01 2.696319536981577336e-01
1.581741926207981042e+00 7.191920823229156490e-01 4.334679384733496343e-01
1.802054659727066133e+00 2.205337055279763092e+00 4.874928266946735866e-01
2.053053625776520175e+00 5.282426655359367729e+00 5.623821475932136993e-01
2.339012952555230562e+00 6.613537365708454629e+00 5.102450862026590706e-01
2.664802089693036891e+00 7.658667139746311747e+00 4.560738069167688535e-01
3.035968727524477995e+00 7.550365297215707372e+00 3.778173444371898393e-01
3.458833265763586962e+00 7.009563688017169447e+00 3.047902757097874504e-01
3.940596440236666886e+00 5.860257119865106112e+00 2.344904037469820457e-01
4.489461940391565875e+00 4.864354166331825269e+00 1.806428480973190087e-01
5.114776105571953835e+00 4.051797006073527996e+00 1.403726744565741147e-01
5.827187078870319503e+00 3.237527708617599753e+00 1.078762786629199749e-01
6.638826128706195817e+00 2.633384421717480883e+00 8.427245942042337068e-02
7.563514225758552811e+00 2.097938995656939198e+00 6.602434685476532561e-02
8.616997392941321721e+00 1.659805367050916303e+00 5.222778421916505348e-02
9.817214836071872952e+00 1.321785595977537309e+00 4.204598361368390436e-02
1.118460442108735009e+01 1.009920114464918584e+00 3.392140128294321433e-02
1.274245069961824761e+01 8.434905787172233271e-01 2.880316339016814747e-02
1.451728140926205768e+01 6.519002052781506240e-01 2.429644046498468518e-02
1.653931920034971981e+01 4.972866061324989762e-01 2.088577488468155649e-02
1.884299628142029093e+01 3.846156224349652764e-01 1.843701456743510048e-02
2.146754074702852577e+01 2.869691861177408043e-01 1.651123058834320229e-02
2.445764457215044274e+01 2.150762870634308488e-01 1.512508763413423878e-02
2.786422464810916466e+01 1.595785090296319986e-01 1.409924202944963165e-02
3.174528981929791982e+01 1.166340140167940742e-01 1.333864835909214820e-02
3.616692868500850011e+01 7.892315245262171430e-02 1.272274946079631971e-02
4.120443498711833286e+01 5.848255146051006825e-02 1.236261043924822244e-02
4.694358974726586098e+01 3.694217583278014416e-02 1.203032724859280297e-02
