1.069642439726958605e+00 -1.382861788342493181e+00 nan
1.218627458003121777e+00 -7.099387151647527094e-01 3.894034028468722486e-01
1.388363836590320144e+00 -8.907359237219034664e-01 2.028248119747661504e-01
1.581741926207981042e+00 -2.704847829089152000e-01 4.268708912042395442e-01
1.802054659727066133e+00 6.000972057682414373e-01 5.201007242906104944e-01
2.053053625776520175e+00 3.138637531972015005e+00 6.873778685797509169e-01
2.339012952555230562e+00 4.844701897892043974e+00 6.714918699477586683e-01
2.664802089693036891e+00 6.478813918016555817e+00 6.347491938499615349e-01
3.035968727524477995e+00 7.695479070481539452e+00 5.700716867673611965e-01
3.458833265763586962e+00 7.330277748185180187e+00 4.635804074307307010e-01
3.940596440236666886e+00 6.955520736676972682e+00 3.770109773065083436e-01
4.489461940391565875e+00 5.753497556919446865e+00 2.884204225571593283e-01
5.114776105571953835e+00 4.749872547835472858e+00 2.217706867985076435e-01
5.827187078870319503e+00 3.884124292745231077e+00 1.709591234573231699e-01
6.638826128706195817e+00 3.040089529219388798e+00 1.300453523097813979e-01
7.563514225758552811e+00 2.488927204080945366e+00 1.020351604318604638e-01
8.616997392941321721e+00 1.939383446817297685e+00 7.918233490354993631e-02
9.817214836071872952e+00 1.599380765155938633e+00 6.372775415081416428e-02
1.118460442108735009e+01 1.231759536345433226e+00 5.067251469771826694e-02
1.274245069961824761e+01 9.801546514464891668e-01 4.151225739462027775e-02
1.451728140926205768e+01 7.782342082027779995e-01 3.465905224509158861e-02
1.653931920034971981e+01 6.095063867850760708e-01 2.940726660663635014e-02
1.884299628142029093e+01 4.627764273117955796e-01 2.528519645368850974e-02
2.146754074702852577e+01 3.468771306674998112e-01 2.221170660919072684e-02
2.445764457215044274e+01 2.710842799727808394e-01 2.013311207711123221e-02
2.786422464810916466e+01 1.965413960734225807e-01 1.837578690107109086e-02
3.174528981929791982e+01 1.458187048874752811e-01 1.717139354581001878e-02
3.616692868500850011e+01 1.021962597182115573e-01 1.621954889050103779e-02
4.120443498711833286e+01 7.186700027753323283e-02 1.556050603572381105e-02
4.694358974726586098e+01 4.657381539161220552e-02 1.504608184911914413e-02
