1.069642439726958605e+00 -1.158532773472430222e+00 nan
1.218627458003121777e+00 -7.375175352838259091e-01 2.450731284449295111e-01
1.388363836590320144e+00 -7.838145855107594429e-01 1.887566623648866959e-01
1.581741926207981042e+00 4.568280230385319829e-01 3.993173230506121274e-01
1.802054659727066133e+00 2.274535208481250237e+00 4.931955911377917112e-01
2.053053625776520175e+00 5.023030095630897307e+00 5.509520526357514214e-01
2.339012952555230562e+00 6.519221072347525237e+00 5.074296935212854187e-01
2.664802089693036891e+00 7.493635319756228874e+00 4.518978173717742575e-01
3.035968727524477995e+00 7.398294812808016374e+00 3.745429373745673973e-01
3.458833265763586962e+00 6.849356567578297472e+00 3.017117537038376263e-01
3.940596440236666886e+00 5.905128771578753266e+00 2.355403342173992276e-01
4.489461940391565875e+00 4.894574351890391917e+00 1.813224904497331147e-01
5.114776105571953835e+00 3.990343804822211737e+00 1.394867432876026603e-01
5.827187078870319503e+00 3.230790011242439252e+00 1.078597726518868982e-01
6.638826128706195817e+00 2.565788295940092389e+00 8.336166472753345213e-02
7.563514225758552811e+00 2.062517766384907691e+00 6.558802474684109762e-02
8.616997392941321721e+00 1.675965540135772702e+00 5.247893022969420118e-02
9.817214836071872952e+00 1.315110151536240668e+00 4.199148404614200941e-02
1.118460442108735009e+01 1.039187743972021849e+00 3.430486187215314037e-02
1.274245069961824761e+01 8.324139574405358122e-01 2.868909748882613256e-02
1.451728140926205768e+01 6.490859600675744634e-01 2.427838394829367683e-02
1.653931920034971981e+01 5.051951654423689764e-01 2.099037252025252528e-02
1.884299628142029093e+01 3.993489388023503395e-01 1.861779834138719766e-02
2.146754074702852577e+01 3.067315059517303766e-01 1.674753549946214615e-02
2.445764457215044274e+01 2.339207712503641456e-01 1.534910129509751628e-02
2.786422464810916466e+01 1.624121130155549153e-01 1.413872623314664338e-02
3.174528981929791982e+01 1.173514747281061421e-01 1.335331870489629702e-02
3.616692868500850011e+01 8.374841181967362935e-02 1.278396238172771655e-02
4.120443498711833286e+01 5.992408547730865287e-02 1.238484841731259459e-02
4.694358974726586098e+01 4.280590925889793397e-02 1.210289689760592029e-02
