1.069642439726958605e+00 -1.334558978022439835e+00 nan
1.218627458003121777e+00 -6.178268519080263310e-01 1.138752154816428686e+01
1.388363836590320144e+00 -2.301470806715198325e+00 nan
1.581741926207981042e+00 -5.452830188679245182e-01 8.584095629614491685e+00
1.802054659727066133e+00 -4.797333343778520387e-01 7.549061433770825502e+00
2.053053625776520175e+00 -6.956236202945302871e-01 4.732419388773196900e+00
2.339012952555230562e+00 -1.626422503210510850e+00 nan
2.664802089693036891e+00 -7.027698011041256798e-01 3.179590644953961043e+00
3.035968727524477995e+00 -8.944788393859233189e-01 1.562818449219707917e+00
3.458833265763586962e+00 -1.155427899276130432e+00 nan
3.940596440236666886e+00 5.992389901134257180e+00 8.614486160955037164e+00
4.489461940391565875e+00 3.753164426760701833e+00 5.831187444490752547e+00
5.114776105571953835e+00 1.659327470061365517e+01 9.288302307707084537e+00
5.827187078870319503e+00 8.752538081320619057e+00 5.679316790881550503e+00
6.638826128706195817e+00 9.200942176772258563e+00 4.791457405643555489e+00
7.563514225758552811e+00 5.406216848849142664e+00 3.122483489370091903e+00
8.616997392941321721e+00 8.061284684043886983e+00 3.089438782834955877e+00
9.817214836071872952e+00 8.313971275225346957e+00 2.603542758268249546e+00
1.118460442108735009e+01 4.387960868575802920e+00 1.621195160628523535e+00
1.274245069961824761e+01 2.995132181074151134e+00 1.150179669293520002e+00
1.451728140926205768e+01 3.772138388993524938e+00 1.057901409104342383e+00
1.653931920034971981e+01 2.658243870531203257e+00 7.670155832262257611e-01
1.884299628142029093e+01 1.164874320980249678e+00 4.814218341347842878e-01
2.146754074702852577e+01 1.259383230689580024e+00 4.156122434764507045e-01
2.445764457215044274e+01 1.400588648223839439e+00 3.670056287845054332e-01
2.786422464810916466e+01 6.181730486416765480e-01 2.476875645438522400e-01
3.174528981929791982e+01 5.127476835528681498e-01 2.048522940114781143e-01
3.616692868500850011e+01 3.433915774752385186e-01 1.654411013040939793e-01
4.120443498711833286e+01 2.603833142441986936e-01 1.399753325755269395e-01
4.694358974726586098e+01 2.054782367835823464e-01 1.217198788787027808e-01
