1.069642439726958605e+00 -1.108089694136777048e+00 nan
1.218627458003121777e+00 -8.102280847323093393e-01 3.149911442789602445e-01
1.388363836590320144e+00 -1.096754737366643528e+00 nan
1.581741926207981042e+00 -4.649863110778023056e-01 3.655646100950717958e-01
1.802054659727066133e+00 3.664878672333227172e-01 4.806108862222345790e-01
2.053053625776520175e+00 2.301969226817231373e+00 6.135845889331765779e-01
2.339012952555230562e+00 5.288507661400004167e+00 6.969721608136391078e-01
2.664802089693036891e+00 7.089141777606776884e+00 6.609332557969411770e-01
3.035968727524477995e+00 7.500555200882650375e+00 5.634008337842634218e-01
3.458833265763586962e+00 7.666483632716509788e+00 4.734886774107631702e-01
3.940596440236666886e+00 6.970320044908092427e+00 3.774220461690419581e-01
4.489461940391565875e+00 5.614339007720628771e+00 2.851370130097852229e-01
5.114776105571953835e+00 4.825203342370844695e+00 2.234299207225398098e-01
5.827187078870319503e+00 3.939189825650304844e+00 1.720893322918758406e-01
6.638826128706195817e+00 3.109109019975349941e+00 1.313746318370347943e-01
7.563514225758552811e+00 2.311015058051961280e+00 9.881977810556850927e-02
8.616997392941321721e+00 2.035359020156312759e+00 8.082716118530500204e-02
9.817214836071872952e+00 1.577608004472959013e+00 6.337726076193989089e-02
1.118460442108735009e+01 1.252485545376097242e+00 5.100114263178055773e-02
1.274245069961824761e+01 9.588279106392572082e-01 4.119068914157533040e-02
1.451728140926205768e+01 7.507800190084745751e-01 3.425424039596106085e-02
1.653931920034971981e+01 6.123164114970034433e-01 2.944983101162695557e-02
1.884299628142029093e+01 4.481259145613369910e-01 2.507621680455443883e-02
2.146754074702852577e+01 3.527737712834171369e-01 2.229680502783977503e-02
2.445764457215044274e+01 2.636578141276360032e-01 2.002898828633651804e-02
2.786422464810916466e+01 1.912816201391580595e-01 1.830244886526680853e-02
3.174528981929791982e+01 1.456428355721770540e-01 1.716970845086961475e-02
3.616692868500850011e+01 1.109192244814374284e-01 1.634300326606365900e-02
4.120443498711833286e+01 6.934951739267525284e-02 1.552578524278718473e-02
4.694358974726586098e+01 4.704140229713860144e-02 1.505330201856098539e-02
