1.069642439726958605e+00 -1.930485875043957300e+00 nan
1.218627458003121777e+00 -4.102766965645623376e-01 1.479726963308387333e+01
1.388363836590320144e+00 -1.437773335608590664e+00 nan
1.581741926207981042e+00 -6.164473684210527438e-01 8.246954177842745537e+00
1.802054659727066133e+00 -9.120857598636409325e-01 3.246107907707878493e+00
2.053053625776520175e+00 -1.079523886413845446e+00 nan
2.339012952555230562e+00 -1.132291953706255239e+00 nan
2.664802089693036891e+00 -1.007369286201386327e+00 nan
3.035968727524477995e+00 -9.817245754102752464e-01 6.803400889604512836e-01
3.458833265763586962e+00 -9.028028313734446364e-01 1.291344785659319427e+00
3.940596440236666886e+00 -1.031147895148347704e+00 nan
4.489461940391565875e+00 4.132740211690161480e+00 6.339009461033881188e+00
5.114776105571953835e+00 1.312543083459477877e+01 8.687771810472511902e+00
5.827187078870319503e+00 1.456733536133339868e+01 7.535116512181081028e+00
6.638826128706195817e+00 1.352510180517729488e+01 6.005457811187310035e+00
7.563514225758552811e+00 9.268398602534857034e+00 4.158556692135677579e+00
8.616997392941321721e+00 8.967674247630412765e+00 3.393310461848884962e+00
9.817214836071872952e+00 7.687798225837333632e+00 2.621139124651983288e+00
1.118460442108735009e+01 5.753887828979534547e+00 1.909139831629636630e+00
1.274245069961824761e+01 4.221063528232343209e+00 1.385794804261254898e+00
1.451728140926205768e+01 3.213309751115361657e+00 1.031483172414739524e+00
1.653931920034971981e+01 2.390311054577696659e+00 7.673472917053075770e-01
1.884299628142029093e+01 2.182918295590053681e+00 6.231016217688323255e-01
2.146754074702852577e+01 1.135265815627306996e+00 4.196012253001168424e-01
2.445764457215044274e+01 7.140635138444979546e-01 3.131232980950467426e-01
2.786422464810916466e+01 8.649759345141998512e-01 2.811772691326616669e-01
3.174528981929791982e+01 4.522215391694250908e-01 2.075738350317758996e-01
3.616692868500850011e+01 2.716410568415743576e-01 1.656993239851899391e-01
4.120443498711833286e+01 1.873215818461790860e-01 1.392028345530102740e-01
4.694358974726586098e+01 1.444713738901242106e-01 1.212006066837116314e-01
