1.069642439726958605e+00 -2.994922448490417111e+00 nan
1.218627458003121777e+00 -1.018656150418871587e+00 nan
1.388363836590320144e+00 -6.616212870515953970e-01 9.725894510944964821e+00
1.581741926207981042e+00 -1.341311659192824912e+00 nan
1.802054659727066133e+00 -9.549576378874891081e-01 2.375612600867481827e+00
2.053053625776520175e+00 -1.438819097598511565e+00 nan
2.339012952555230562e+00 -9.704760758810135890e-01 1.290713637992634721e+00
2.664802089693036891e+00 -7.633103033214729827e-01 3.034602655287806705e+00
3.035968727524477995e+00 -1.242543652926286324e+00 nan
3.458833265763586962e+00 4.739448901596047925e+00 1.015429512099155751e+01
3.940596440236666886e+00 -1.004769351055511795e+00 nan
4.489461940391565875e+00 4.667665766846178954e+00 6.811471193171042771e+00
5.114776105571953835e+00 1.365816170759936377e+01 9.049499987703070403e+00
5.827187078870319503e+00 1.006265628684458235e+01 6.472200013403710095e+00
6.638826128706195817e+00 8.168100196665141866e+00 4.849364156519274438e+00
7.563514225758552811e+00 1.204745928963531654e+01 4.811399767146379070e+00
8.616997392941321721e+00 8.585741603175421233e+00 3.397699274856428975e+00
9.817214836071872952e+00 5.488311932747722999e+00 2.297852240720604566e+00
1.118460442108735009e+01 5.911800120040357598e+00 1.974703078082886698e+00
1.274245069961824761e+01 3.284399197798569592e+00 1.274002436016038464e+00
1.451728140926205768e+01 3.335523008359588815e+00 1.070103811679169903e+00
1.653931920034971981e+01 2.457812479064983346e+00 7.922276649676569527e-01
1.884299628142029093e+01 2.054612452965754343e+00 6.214676423843329411e-01
2.146754074702852577e+01 1.304272071806859667e+00 4.473478960532135673e-01
2.445764457215044274e+01 1.283461433065832713e+00 3.782389740219384011e-01
2.786422464810916466e+01 6.174219502902318357e-01 2.629780212243914561e-01
3.174528981929791982e+01 5.082182651614277624e-01 2.167209991018215487e-01
3.616692868500850011e+01 1.955637991150531718e-01 1.622082343542779748e-01
4.120443498711833286e+01 2.682274653380429807e-01 1.483475407244568833e-01
4.694358974726586098e+01 6.134083399044554241e-02 1.167006915213270046e-01
