1.069642439726958605e+00 -1.364493162502136148e+00 nan
1.218627458003121777e+00 -7.677089738417974818e-01 3.484650188129321258e-01
1.388363836590320144e+00 -1.149914331927252675e+00 nan
1.581741926207981042e+00 -7.848970961313093131e-01 2.317432009843965190e-01
1.802054659727066133e+00 3.558988584889388740e-01 4.786949161649179940e-01
2.053053625776520175e+00 2.507729207542042538e+00 6.324636847876468071e-01
2.339012952555230562e+00 4.466961696877794097e+00 6.491056370514168838e-01
2.664802089693036891e+00 6.179982480719038662e+00 6.215876631835883792e-01
3.035968727524477995e+00 7.340956610201724075e+00 5.577973059501675213e-01
3.458833265763586962e+00 7.432024568424323796e+00 4.665771219291738325e-01
3.940596440236666886e+00 7.049984719851898340e+00 3.794346980987849394e-01
4.489461940391565875e+00 5.974235523645070600e+00 2.936097479707562297e-01
5.114776105571953835e+00 4.790860410435498373e+00 2.226616080835304712e-01
5.827187078870319503e+00 3.973154490729077004e+00 1.727609295269121326e-01
6.638826128706195817e+00 3.066559128206794327e+00 1.305501786923072560e-01
7.563514225758552811e+00 2.487948254209201071e+00 1.020160537154165409e-01
8.616997392941321721e+00 1.908876317347990126e+00 7.865789562489843012e-02
9.817214836071872952e+00 1.597832560392677959e+00 6.370166158637463605e-02
1.118460442108735009e+01 1.308667911220285029e+00 5.187666933650821044e-02
1.274245069961824761e+01 9.805689213230699419e-01 4.151802152106206373e-02
1.451728140926205768e+01 7.653436691167263550e-01 3.446763913042880101e-02
1.653931920034971981e+01 6.046478463261135694e-01 2.933627367494330909e-02
1.884299628142029093e+01 4.788124773974924420e-01 2.551509065583866878e-02
2.146754074702852577e+01 3.593589739983835685e-01 2.238912471321033090e-02
2.445764457215044274e+01 2.697929688276423654e-01 2.011463291039923898e-02
2.786422464810916466e+01 1.991844802734061837e-01 1.841290311779078884e-02
3.174528981929791982e+01 1.351965688219389783e-01 1.702164011151045125e-02
3.616692868500850011e+01 9.752185038241134585e-02 1.615363926937772934e-02
4.120443498711833286e+01 7.137585369680876646e-02 1.555346368273628245e-02
4.694358974726586098e+01 4.846549599715843648e-02 1.507254522973161884e-02
