1.069642439726958605e+00 -1.013715429505793519e+00 nan
1.218627458003121777e+00 -1.035082827953925477e+00 nan
1.388363836590320144e+00 -1.722106753595487927e+00 nan
1.581741926207981042e+00 -1.221518987341772000e+00 nan
1.802054659727066133e+00 -1.721672058085419899e+00 nan
2.053053625776520175e+00 -8.912806327878286528e-01 3.049569753849081799e+00
2.339012952555230562e+00 -9.442445064048552439e-01 1.788165692110829985e+00
2.664802089693036891e+00 -8.068010741501410177e-01 2.763972328631173259e+00
3.035968727524477995e+00 -1.280623710355580869e+00 nan
3.458833265763586962e+00 -6.791932142901471181e-01 2.418266113312999455e+00
3.940596440236666886e+00 -8.851357369780583628e-01 1.188527870243623052e+00
4.489461940391565875e+00 -1.046491401220990713e+00 nan
5.114776105571953835e+00 1.020745480354317181e+01 7.963737658263593922e+00
5.827187078870319503e+00 7.750333349570517782e+00 5.793198796183278709e+00
6.638826128706195817e+00 9.329648570919014006e+00 5.195161139310011222e+00
7.563514225758552811e+00 1.179364573051216070e+01 4.800548193722836920e+00
8.616997392941321721e+00 8.339237040360378828e+00 3.378591918134650651e+00
9.817214836071872952e+00 8.265216592937136397e+00 2.792866489928781171e+00
1.118460442108735009e+01 4.521327647570442920e+00 1.767077970322769254e+00
1.274245069961824761e+01 3.128677884154619449e+00 1.259120769287092045e+00
1.451728140926205768e+01 3.509194782217282427e+00 1.101746260786262033e+00
1.653931920034971981e+01 2.875085280300792689e+00 8.503176095746673990e-01
1.884299628142029093e+01 1.920131787854087113e+00 6.105152735394800967e-01
2.146754074702852577e+01 1.362454528689217348e+00 4.572000711728864131e-01
2.445764457215044274e+01 1.360287088590596216e+00 3.886396257082756489e-01
2.786422464810916466e+01 5.942465487595391949e-01 2.626144646035696861e-01
3.174528981929791982e+01 3.101978284173170231e-01 1.999337308379076916e-01
3.616692868500850011e+01 4.321944823239243227e-01 1.838403217457115768e-01
4.120443498711833286e+01 2.721945792559472554e-01 1.496421706857791190e-01
4.694358974726586098e+01 1.474262409273436880e-01 1.242836398305979945e-01
