1.069642439726958605e+00 -9.035634743875278208e-01 7.672204245521310639e+00
1.218627458003121777e+00 -1.198585209003215635e+00 nan
1.388363836590320144e+00 -5.835108846688281670e-01 1.028287849763386319e+01
1.581741926207981042e+00 -1.362500000000000266e+00 nan
1.802054659727066133e+00 -1.040492007473531544e+00 nan
2.053053625776520175e+00 -8.474201645516665771e-01 3.415059725073386954e+00
2.339012952555230562e+00 -1.117571989528796106e+00 nan
2.664802089693036891e+00 -1.231376909688648436e+00 nan
3.035968727524477995e+00 -7.434440252675909022e-01 2.483767811646334422e+00
3.458833265763586962e+00 -1.209577155082756317e+00 nan
3.940596440236666886e+00 2.709478252983442914e+00 6.390013892519657013e+00
4.489461940391565875e+00 3.881990858129187316e+00 6.023431041267090613e+00
5.114776105571953835e+00 7.480609844264983543e+00 6.541463655795827670e+00
5.827187078870319503e+00 1.365120974694862532e+01 7.119833780107591714e+00
6.638826128706195817e+00 1.121127316293572918e+01 5.353829796751290004e+00
7.563514225758552811e+00 7.869192474250779057e+00 3.758870419439527932e+00
8.616997392941321721e+00 9.865464709166872126e+00 3.461269886541880947e+00
9.817214836071872952e+00 5.354313909272864436e+00 2.168366582006286514e+00
1.118460442108735009e+01 5.205208769503395061e+00 1.779664025185713205e+00
1.274245069961824761e+01 3.388906027836727564e+00 1.231617985867511145e+00
1.451728140926205768e+01 3.280011394429060978e+00 1.014845213942110247e+00
1.653931920034971981e+01 2.383556931374182675e+00 7.478535339973769736e-01
1.884299628142029093e+01 1.932092476325592001e+00 5.805218604565922647e-01
2.146754074702852577e+01 1.128312968587244614e+00 4.088126032443608615e-01
2.445764457215044274e+01 7.452227579215693343e-01 3.089434965359151297e-01
2.786422464810916466e+01 9.053834991029321433e-01 2.784706812954850230e-01
3.174528981929791982e+01 3.184543088908815545e-01 1.910098175066661519e-01
3.616692868500850011e+01 4.050823077533809435e-01 1.731988557343615565e-01
4.120443498711833286e+01 3.118100003979518142e-01 1.461759698789918405e-01
4.694358974726586098e+01 2.169668816002392475e-01 1.243575944301343467e-01
