1.069642439726958605e+00 -1.235768374164810890e+00 nan
1.218627458003121777e+00 -8.870482315112542260e-01 2.280008598402397890e+00
1.388363836590320144e+00 -1.145993515516443129e+00 nan
1.581741926207981042e+00 -8.024324324324325630e-01 2.083883432648490075e+00
1.802054659727066133e+00 -9.236869420801330222e-01 1.064798298397506171e+00
2.053053625776520175e+00 -1.433652210291451734e+00 nan
2.339012952555230562e+00 -1.165856394913986627e+00 nan
2.664802089693036891e+00 6.063986132113059480e-01 2.723159170464016565e+00
3.035968727524477995e+00 3.302481433014035517e+00 3.679892909396528022e+00
3.458833265763586962e+00 4.660852033814991024e+00 3.478178024163512738e+00
3.940596440236666886e+00 5.186119803686992213e+00 2.991052482483669728e+00
4.489461940391565875e+00 6.864592523031872950e+00 2.778535563403994324e+00
5.114776105571953835e+00 1.194130140273620100e+01 2.960182611228583838e+00
5.827187078870319503e+00 9.871732566071022674e+00 2.241365524513399876e+00
6.638826128706195817e+00 7.641689821421226547e+00 1.648103836554777768e+00
7.563514225758552811e+00 6.374763638664431298e+00 1.261329878001599347e+00
8.616997392941321721e+00 4.729677044516421347e+00 9.187103103892663158e-01
9.817214836071872952e+00 4.098520119974740084e+00 7.204586693920987939e-01
1.118460442108735009e+01 2.716303317911467730e+00 5.077594861904294321e-01
1.274245069961824761e+01 2.614315347304959403e+00 4.203440121079146663e-01
1.451728140926205768e+01 2.053868745373039317e+00 3.232348785125582769e-01
1.653931920034971981e+01 1.424415264289397021e+00 2.402592273280154955e-01
1.884299628142029093e+01 1.139628083009643689e+00 1.907696145561553758e-01
2.146754074702852577e+01 7.597065173066035459e-01 1.458533827874187727e-01
2.445764457215044274e+01 5.088081711320149303e-01 1.150209549815534582e-01
2.786422464810916466e+01 4.213494420988026512e-01 9.738359096526501280e-02
3.174528981929791982e+01 3.529878523941250013e-01 8.418212738848922239e-02
3.616692868500850011e+01 2.629151785572838573e-01 7.271982874928367702e-02
4.120443498711833286e+01 1.690131506172252163e-01 6.318274992499500753e-02
4.694358974726586098e+01 8.376909415636157874e-02 5.560454663983720874e-02
