1.069642439726958605e+00 -8.486916627956144765e-01 3.393405785918647499e+00
1.218627458003121777e+00 -1.646595357080118394e-01 6.059207016871736684e+00
1.388363836590320144e+00 -8.873795972943057109e-01 1.888101638442362784e+00
1.581741926207981042e+00 -8.077082704497433596e-01 2.009016301394638493e+00
1.802054659727066133e+00 -4.412168117983892301e-01 2.815727250594230124e+00
2.053053625776520175e+00 -6.415836364759071042e-01 1.848249494011797722e+00
2.339012952555230562e+00 -1.074168692110881729e+00 nan
2.664802089693036891e+00 -1.344603366554158796e+00 nan
3.035968727524477995e+00 -1.006005476625524420e+00 nan
3.458833265763586962e+00 8.781540856975293963e-01 1.954604418235202923e+00
3.940596440236666886e+00 3.999521496577512103e+00 2.625842765178208804e+00
4.489461940391565875e+00 1.099867189131651912e+01 3.367705035833886917e+00
5.114776105571953835e+00 8.484933649015143686e+00 2.465488083680015929e+00
5.827187078870319503e+00 9.161243456307936128e+00 2.115492837647586999e+00
6.638826128706195817e+00 8.600584256168218644e+00 1.703455512892947166e+00
7.563514225758552811e+00 7.593412949998090689e+00 1.338616849831751221e+00
8.616997392941321721e+00 4.472555440709983898e+00 8.766821501528123672e-01
9.817214836071872952e+00 4.307252157277770443e+00 7.204766494366409146e-01
1.118460442108735009e+01 3.586363622351501856e+00 5.583662998314572468e-01
1.274245069961824761e+01 2.164182641503871629e+00 3.815837532213736671e-01
1.451728140926205768e+01 2.036328300861264928e+00 3.154138656022499876e-01
1.653931920034971981e+01 1.400629088405121569e+00 2.339216155806675967e-01
1.884299628142029093e+01 1.168881809209331601e+00 1.885065508446050198e-01
2.146754074702852577e+01 8.296581640036997385e-01 1.465838727599738378e-01
2.445764457215044274e+01 6.487947527758151089e-01 1.196933472422245376e-01
2.786422464810916466e+01 4.684861542476714824e-01 9.781649463918318244e-02
3.174528981929791982e+01 3.172814273221464809e-01 8.109922096332120023e-02
3.616692868500850011e+01 2.989263322906789977e-01 7.311838867625683469e-02
4.120443498711833286e+01 1.554682789776677954e-01 6.160691696010029555e-02
4.694358974726586098e+01 1.192541951727228433e-01 5.631352308981677629e-02
