1.069642439726958605e+00 -9.408882483951264142e-01 6.124508055830263586e+00
1.218627458003121777e+00 -1.521906563268394130e+00 nan
1.388363836590320144e+00 -8.163801324142441196e-01 6.961561468407163389e+00
1.581741926207981042e+00 -1.408823529411764586e+00 nan
1.802054659727066133e+00 -7.186752799521303192e-01 5.768869081173907176e+00
2.053053625776520175e+00 -1.065932227025519374e+00 nan
2.339012952555230562e+00 -1.240568216815522096e+00 nan
2.664802089693036891e+00 -1.078513277289256500e+00 nan
3.035968727524477995e+00 -1.045229297193522200e+00 nan
3.458833265763586962e+00 -9.810002080052298012e-01 5.671999226904622660e-01
3.940596440236666886e+00 -8.693709852979500941e-01 1.221624098074953313e+00
4.489461940391565875e+00 4.001933718210972657e+00 6.216600639102718873e+00
5.114776105571953835e+00 9.360750680241626043e+00 7.378407279918708817e+00
5.827187078870319503e+00 1.415496541656206375e+01 7.384376932349631772e+00
6.638826128706195817e+00 8.413848443497352392e+00 4.777327539732128869e+00
7.563514225758552811e+00 1.240316685959165000e+01 4.743760037196792290e+00
8.616997392941321721e+00 8.426756489597778454e+00 3.274802169014808140e+00
9.817214836071872952e+00 5.145377441601118207e+00 2.171774407258074024e+00
1.118460442108735009e+01 5.972423990203363786e+00 1.929583255494729643e+00
1.274245069961824761e+01 2.968351744382990542e+00 1.189682320435424767e+00
1.451728140926205768e+01 3.180102737895622589e+00 1.020633202748362889e+00
1.653931920034971981e+01 1.858835025270476837e+00 6.945735750085163529e-01
1.884299628142029093e+01 1.784594095031997618e+00 5.742338608449961690e-01
2.146754074702852577e+01 1.260582349175736638e+00 4.308310645173197839e-01
2.445764457215044274e+01 7.396627968383089335e-01 3.139243411514558435e-01
2.786422464810916466e+01 4.537847724361065982e-01 2.404021391272153640e-01
3.174528981929791982e+01 5.873993555330114802e-01 2.183680565251507888e-01
3.616692868500850011e+01 2.429056728891461070e-01 1.623373046462734948e-01
4.120443498711833286e+01 2.255524200233833820e-01 1.415466267326242200e-01
4.694358974726586098e+01 1.815179713964847341e-01 1.234607598056774863e-01
