1.069642439726958605e+00 -4.594818250546577332e-01 1.856852689156816183e+01
1.218627458003121777e+00 -6.856780436001062018e-01 1.076050461152835425e+01
1.388363836590320144e+00 -1.225839349681937307e+00 nan
1.581741926207981042e+00 -1.012614678899082410e+00 nan
1.802054659727066133e+00 -1.358036236341854774e+00 nan
2.053053625776520175e+00 -5.230496431216968833e-01 6.172527430525264869e+00
2.339012952555230562e+00 -1.246441265876637505e+00 nan
2.664802089693036891e+00 -9.713149728815784201e-01 1.029177123834011054e+00
3.035968727524477995e+00 -7.631243852534888017e-01 2.439782364896797340e+00
3.458833265763586962e+00 -1.103027743753913548e+00 nan
3.940596440236666886e+00 2.822272605130485612e+00 6.631035139427880587e+00
4.489461940391565875e+00 4.100044047309265416e+00 6.293910580685855294e+00
5.114776105571953835e+00 1.128812312793172801e+01 8.064103169107696090e+00
5.827187078870319503e+00 1.560558917148376068e+01 7.757901658978217263e+00
6.638826128706195817e+00 1.638428401908521082e+01 6.564431007602073542e+00
7.563514225758552811e+00 1.084729145652886650e+01 4.460565149327588408e+00
8.616997392941321721e+00 5.549326522993815125e+00 2.718511261423393499e+00
9.817214836071872952e+00 5.170664382072939880e+00 2.182011676658937471e+00
1.118460442108735009e+01 4.848944174423152731e+00 1.762027208309906889e+00
1.274245069961824761e+01 3.483764217452905765e+00 1.272571030779341195e+00
1.451728140926205768e+01 2.445610131367604634e+00 9.217904169246134982e-01
1.653931920034971981e+01 2.042583900770540417e+00 7.203800899458722151e-01
1.884299628142029093e+01 1.536398102700111679e+00 5.463821368723501548e-01
2.146754074702852577e+01 1.395567392871187806e+00 4.464891003417329474e-01
2.445764457215044274e+01 7.664200030898387084e-01 3.174825298876751134e-01
2.786422464810916466e+01 7.682477118853237030e-01 2.711881749376652273e-01
3.174528981929791982e+01 5.672035569156230750e-01 2.170829085411365156e-01
3.616692868500850011e+01 2.634406005311606958e-01 1.644502456497715925e-01
4.120443498711833286e+01 1.781256175824710297e-01 1.380161714278562435e-01
4.694358974726586098e+01 2.102704391872900480e-02 1.112007609554142712e-01
