1.069642439726958605e+00 -1.298401318702639529e+00 nan
1.218627458003121777e+00 -7.201915382100847474e-01 3.836584146401622597e-01
1.388363836590320144e+00 -7.856819172297802023e-01 2.849600913873094887e-01
1.581741926207981042e+00 -6.073159818212556793e-01 3.141255617510135822e-01
1.802054659727066133e+00 7.338660028182706352e-01 5.431439681237550943e-01
2.053053625776520175e+00 2.084418200354457795e+00 5.947216946343262256e-01
2.339012952555230562e+00 4.946227324065189279e+00 6.794958219640024888e-01
2.664802089693036891e+00 7.109547389442502308e+00 6.637826483590365534e-01
3.035968727524477995e+00 8.298174646911874675e+00 5.922420338053263622e-01
3.458833265763586962e+00 7.770181261253594762e+00 4.779083955879382950e-01
3.940596440236666886e+00 6.621491332086186787e+00 3.694360027338050023e-01
4.489461940391565875e+00 5.990755415796658490e+00 2.948714921064728989e-01
5.114776105571953835e+00 5.052500674179682072e+00 2.289922332878163991e-01
5.827187078870319503e+00 3.939408757495510116e+00 1.725766820457369788e-01
6.638826128706195817e+00 3.055109998866243792e+00 1.307028258791059216e-01
7.563514225758552811e+00 2.555284187571090548e+00 1.035127694246146951e-01
8.616997392941321721e+00 2.042449689319538297e+00 8.116060243068060065e-02
9.817214836071872952e+00 1.573367315181591675e+00 6.346990111195863205e-02
1.118460442108735009e+01 1.294539524257481755e+00 5.178690347749197870e-02
1.274245069961824761e+01 9.891555396218434382e-01 4.175019316749209453e-02
1.451728140926205768e+01 7.835739528515941466e-01 3.481873512065467025e-02
1.653931920034971981e+01 6.086511012454041136e-01 2.945975976715638558e-02
1.884299628142029093e+01 4.575102450493517825e-01 2.526255508699169067e-02
2.146754074702852577e+01 3.372290699808446757e-01 2.211850200033800909e-02
2.445764457215044274e+01 2.610429396561628757e-01 2.002902632733441490e-02
2.786422464810916466e+01 1.949061681503638788e-01 1.838617102233277428e-02
3.174528981929791982e+01 1.423603346049457929e-01 1.715277624980721810e-02
3.616692868500850011e+01 9.411606283060569567e-02 1.613334959604236299e-02
4.120443498711833286e+01 6.463128136336915297e-02 1.548452377512862799e-02
4.694358974726586098e+01 4.384583803375097233e-02 1.503230318082098005e-02
