1.069642439726958605e+00 -1.123355386807548317e+00 nan
1.218627458003121777e+00 -9.829739930948993010e-01 6.244785179217346438e-02
1.388363836590320144e+00 -7.689733284237145750e-01 1.952399483776975087e-01
1.581741926207981042e+00 2.475678985313671809e-01 3.696899617739737853e-01
1.802054659727066133e+00 2.102651737743021165e+00 4.802756009994244013e-01
2.053053625776520175e+00 5.334293510033751851e+00 5.655546029911121542e-01
2.339012952555230562e+00 6.884595651483675915e+00 5.202642959297757441e-01
2.664802089693036891e+00 7.638405286083381540e+00 4.561642514450808816e-01
3.035968727524477995e+00 7.469081959159410644e+00 3.764283244256593775e-01
3.458833265763586962e+00 7.399177215634262339e+00 3.132341901059762512e-01
3.940596440236666886e+00 5.825199889631221595e+00 2.341461049492545854e-01
4.489461940391565875e+00 5.060599249524758925e+00 1.843125222657824580e-01
5.114776105571953835e+00 3.928079961308233337e+00 1.385410845347096742e-01
5.827187078870319503e+00 3.242212422095475777e+00 1.080896299167092151e-01
6.638826128706195817e+00 2.622197774781706237e+00 8.421912370274421689e-02
7.563514225758552811e+00 2.087804403825014088e+00 6.596766508567977749e-02
8.616997392941321721e+00 1.651251508386371469e+00 5.217856985753440563e-02
9.817214836071872952e+00 1.336844456164873129e+00 4.228588308121004891e-02
1.118460442108735009e+01 1.021255917623015819e+00 3.409916199844945095e-02
1.274245069961824761e+01 8.301604393697701312e-01 2.867396381894696256e-02
1.451728140926205768e+01 6.335218958731165806e-01 2.410424918430076335e-02
1.653931920034971981e+01 4.750050590353540603e-01 2.064609235376406796e-02
1.884299628142029093e+01 3.771438759440162158e-01 1.836757394367101101e-02
2.146754074702852577e+01 2.882315756180424682e-01 1.654030606469358150e-02
2.445764457215044274e+01 2.130374536184158618e-01 1.511446527198448408e-02
2.786422464810916466e+01 1.549441255992143329e-01 1.405763952838834721e-02
3.174528981929791982e+01 1.152756517074540188e-01 1.333366314616093659e-02
3.616692868500850011e+01 7.878551019262158839e-02 1.273102701818996756e-02
4.120443498711833286e+01 5.968338095059988468e-02 1.238575393008487131e-02
4.694358974726586098e+01 3.826745444318180311e-02 1.205452609134284418e-02
