1.069642439726958605e+00 1.886816518352085748e-02 2.570708685820386563e+01
1.218627458003121777e+00 -4.164893692366531397e-01 1.478397473144975294e+01
1.388363836590320144e+00 -1.040427020993974772e+00 nan
1.581741926207981042e+00 -1.029460352422907565e+00 nan
1.802054659727066133e+00 -9.205090451493840309e-01 3.100284307432687125e+00
2.053053625776520175e+00 -1.641571933454436749e+00 nan
2.339012952555230562e+00 -6.474502387157785588e-01 4.381644923767933797e+00
2.664802089693036891e+00 -7.038413994685712716e-01 3.334675405420418404e+00
3.035968727524477995e+00 -7.005826047231409337e-01 2.766004453577147970e+00
3.458833265763586962e+00 4.478393566645886281e+00 9.745586992494699174e+00
3.940596440236666886e+00 6.841611487237743816e+00 9.585942921372021530e+00
4.489461940391565875e+00 1.199260162286605080e+01 1.015641289530284119e+01
5.114776105571953835e+00 1.500083657546312210e+01 9.295528235500226444e+00
5.827187078870319503e+00 1.337958171364000570e+01 7.267299432367017253e+00
6.638826128706195817e+00 7.876534802539568503e+00 4.686880447352663737e+00
7.563514225758552811e+00 7.280980514746444143e+00 3.739072305172668642e+00
8.616997392941321721e+00 5.275376530256363772e+00 2.681292813185636614e+00
9.817214836071872952e+00 8.473290684485787594e+00 2.755925824884900344e+00
1.118460442108735009e+01 3.571174593725945812e+00 1.560516365517085502e+00
1.274245069961824761e+01 4.487253869063296818e+00 1.429411778552317047e+00
1.451728140926205768e+01 4.255773253044472071e+00 1.169347252315501962e+00
1.653931920034971981e+01 2.306931688364759481e+00 7.600621323284576514e-01
1.884299628142029093e+01 1.913331467474063352e+00 5.950981882883610297e-01
2.146754074702852577e+01 1.434813589214475105e+00 4.541720262548401554e-01
2.445764457215044274e+01 1.300964870914305349e+00 3.739344840231789147e-01
2.786422464810916466e+01 6.887555881920905954e-01 2.656614217746188777e-01
3.174528981929791982e+01 4.961941725947951465e-01 2.123223660687857117e-01
3.616692868500850011e+01 4.429303772207202616e-01 1.808136614223782301e-01
4.120443498711833286e+01 2.216902432206762086e-01 1.424871817009559505e-01
4.694358974726586098e+01 1.426224524173640429e-01 1.214650094515373063e-01
