1.069642439726958605e+00 -2.345533230736878139e+00 nan
1.218627458003121777e+00 -1.484023846652774203e+00 nan
1.388363836590320144e+00 -1.927303015424004506e-01 1.437752844886357373e+01
1.581741926207981042e+00 -3.181330472103005569e-01 1.075993926165234349e+01
1.802054659727066133e+00 -6.037604656612265419e-01 6.743605337146754586e+00
2.053053625776520175e+00 -3.765492628571327494e-01 6.932948266121559122e+00
2.339012952555230562e+00 -1.086534615643889534e+00 nan
2.664802089693036891e+00 -9.642926920768928323e-01 1.128052946121669953e+00
3.035968727524477995e+00 -1.183951480080459806e+00 nan
3.458833265763586962e+00 -1.333839300847362797e+00 nan
3.940596440236666886e+00 2.663776392572022811e+00 6.377698644712507914e+00
4.489461940391565875e+00 1.437105307320346359e+00 4.270460690878553400e+00
5.114776105571953835e+00 1.064545745777396135e+01 7.710568530170979429e+00
5.827187078870319503e+00 1.160942929341712748e+01 6.623165609286195910e+00
6.638826128706195817e+00 1.130764123539223576e+01 5.398244984695179660e+00
7.563514225758552811e+00 9.462234804937143196e+00 4.110242946675536579e+00
8.616997392941321721e+00 8.447208111966823196e+00 3.230317550439298024e+00
9.817214836071872952e+00 5.189225918316213715e+00 2.147773163478281067e+00
1.118460442108735009e+01 5.781133743794951485e+00 1.873532815678439656e+00
1.274245069961824761e+01 3.242685154392989766e+00 1.214642314147383884e+00
1.451728140926205768e+01 2.453477517373263250e+00 9.072717661598855843e-01
1.653931920034971981e+01 2.300593067990048812e+00 7.406809267169917055e-01
1.884299628142029093e+01 2.045890961400106622e+00 5.955544147663821564e-01
2.146754074702852577e+01 1.086342648872335559e+00 4.058231419236084103e-01
2.445764457215044274e+01 9.048657192833375884e-01 3.264443847171308311e-01
2.786422464810916466e+01 7.316731213343810047e-01 2.635533644770098327e-01
3.174528981929791982e+01 5.172447489416545086e-01 2.094185653153378679e-01
3.616692868500850011e+01 3.205737743501948511e-01 1.667945106578019865e-01
4.120443498711833286e+01 2.798526224168194076e-01 1.441473826586017748e-01
4.694358974726586098e+01 1.176862787496488760e-01 1.171487101368219458e-01
