1.069642439726958605e+00 -1.284749821710341244e+00 nan
1.218627458003121777e+00 -9.370276862942628071e-01 1.202922853026815730e-01
1.388363836590320144e+00 -6.315847051537457624e-01 2.469597375812765394e-01
1.581741926207981042e+00 3.384459438272942045e-01 3.835527878348053976e-01
1.802054659727066133e+00 2.301359542114588930e+00 4.962956205181818237e-01
2.053053625776520175e+00 4.375313750491139686e+00 5.211692642619729643e-01
2.339012952555230562e+00 6.441060494456589680e+00 5.057907554392615523e-01
2.664802089693036891e+00 7.991462876518630409e+00 4.665676226564379192e-01
3.035968727524477995e+00 7.446870112388642937e+00 3.764848825988623138e-01
3.458833265763586962e+00 7.048578661031099202e+00 3.064935130583608669e-01
3.940596440236666886e+00 5.884325020593296429e+00 2.356275359306365946e-01
4.489461940391565875e+00 4.911133046572622618e+00 1.819793259641325489e-01
5.114776105571953835e+00 4.060565114903527117e+00 1.409094775191964688e-01
5.827187078870319503e+00 3.185274838497027527e+00 1.073714715567057609e-01
6.638826128706195817e+00 2.541388589158318556e+00 8.316680938355400232e-02
7.563514225758552811e+00 2.112992918943361609e+00 6.640458511368173278e-02
8.616997392941321721e+00 1.643233349633498985e+00 5.214247281447116633e-02
9.817214836071872952e+00 1.293038947420253937e+00 4.178433579041533619e-02
1.118460442108735009e+01 1.060485764338947146e+00 3.462423050679709624e-02
1.274245069961824761e+01 8.188150623781003112e-01 2.857133838800214598e-02
1.451728140926205768e+01 6.200245335823399984e-01 2.397174954890648677e-02
1.653931920034971981e+01 5.020302658685060759e-01 2.098369687807339831e-02
1.884299628142029093e+01 3.772247167285545100e-01 1.838714415664441729e-02
2.146754074702852577e+01 2.866850204659792123e-01 1.653849702203848138e-02
2.445764457215044274e+01 2.156664631099767249e-01 1.515869589917274995e-02
2.786422464810916466e+01 1.593636989942817106e-01 1.412091171983779862e-02
3.174528981929791982e+01 1.166714958503074495e-01 1.336125616393798315e-02
3.616692868500850011e+01 8.182523748937242658e-02 1.277666334341572528e-02
4.120443498711833286e+01 5.669699842307451831e-02 1.236192788119578993e-02
4.694358974726586098e+01 3.417770813205134317e-02 1.201767444080650317e-02
