1.069642439726958605e+00 -7.403908060312449635e-01 7.801304186532342921e-01
1.218627458003121777e+00 -8.738438478365726514e-01 4.132693097047109299e-01
1.388363836590320144e+00 -1.036697597549600225e+00 nan
1.581741926207981042e+00 -1.009479881327646655e+00 nan
1.802054659727066133e+00 -8.862036422166825744e-01 2.230136947492384336e-01
2.053053625776520175e+00 2.552647966089915954e-01 6.074499040761066615e-01
2.339012952555230562e+00 1.857022659619249616e+00 7.515944085018414489e-01
2.664802089693036891e+00 4.605965448863541312e+00 8.779059317585841127e-01
3.035968727524477995e+00 6.711320926801479736e+00 8.549909762560505833e-01
3.458833265763586962e+00 8.297527870913302905e+00 7.804300626394613527e-01
3.940596440236666886e+00 8.094864968622657031e+00 6.404070455846213594e-01
4.489461940391565875e+00 6.992821613317911300e+00 4.976682568568361886e-01
5.114776105571953835e+00 5.670830838725457568e+00 3.772303860475270110e-01
5.827187078870319503e+00 4.898983717118573722e+00 2.962196970093654014e-01
6.638826128706195817e+00 4.029282296839177491e+00 2.284072916275267651e-01
7.563514225758552811e+00 3.021909146104552857e+00 1.704304642787050350e-01
8.616997392941321721e+00 2.415778674207982313e+00 1.320705547326174178e-01
9.817214836071872952e+00 1.899112142856648422e+00 1.027015761385556142e-01
1.118460442108735009e+01 1.500291374314466797e+00 8.113500972869132355e-02
1.274245069961824761e+01 1.216446555858008871e+00 6.566637447133612249e-02
1.451728140926205768e+01 9.248914339034377541e-01 5.286267123209288654e-02
1.653931920034971981e+01 6.901217376727171171e-01 4.322409256781106074e-02
1.884299628142029093e+01 5.533895557103396534e-01 3.691931285385762623e-02
2.146754074702852577e+01 4.280701446098389429e-01 3.192319609585012735e-02
2.445764457215044274e+01 3.306790649775404045e-01 2.822444007858979781e-02
2.786422464810916466e+01 2.539421745045213896e-01 2.547067926464930548e-02
3.174528981929791982e+01 1.829112263055832077e-01 2.323345191164107038e-02
3.616692868500850011e+01 1.350846640045264557e-01 2.170741347698872115e-02
4.120443498711833286e+01 9.679803586355895106e-02 2.055882551102076322e-02
4.694358974726586098e+01 6.621176177091037118e-02 1.969367173378094166e-02
