1.069642439726958605e+00 -1.363372224298355473e+00 nan
1.218627458003121777e+00 -1.120733455349119723e+00 nan
1.388363836590320144e+00 -9.181779165081276339e-01 1.740795860791949090e-01
1.581741926207981042e+00 -3.774340304220566988e-01 3.910999973676967945e-01
1.802054659727066133e+00 -3.414899156474282549e-02 4.006301561678261569e-01
2.053053625776520175e+00 2.122441540498167356e+00 5.916635681840937133e-01
2.339012952555230562e+00 4.127569678974964518e+00 6.232655025914880520e-01
2.664802089693036891e+00 6.937310973218207444e+00 6.491909896602497954e-01
3.035968727524477995e+00 7.670288300488277144e+00 5.646584990283238792e-01
3.458833265763586962e+00 7.509311522517069903e+00 4.651464547410132933e-01
3.940596440236666886e+00 7.030033562560358718e+00 3.759665473302122862e-01
4.489461940391565875e+00 6.002425915135880530e+00 2.920010445610602412e-01
5.114776105571953835e+00 4.783998021905583542e+00 2.208168729086040505e-01
5.827187078870319503e+00 3.747734442099282415e+00 1.669080613177396921e-01
6.638826128706195817e+00 3.061710761109825540e+00 1.294944318652614668e-01
7.563514225758552811e+00 2.478798667833811642e+00 1.011156540066668191e-01
8.616997392941321721e+00 1.951750892814867910e+00 7.883338564092952361e-02
9.817214836071872952e+00 1.555931198922742675e+00 6.258733507761199411e-02
1.118460442108735009e+01 1.223576178679929294e+00 5.020953552115267615e-02
1.274245069961824761e+01 9.842020405624214430e-01 4.131013255484055485e-02
1.451728140926205768e+01 7.621492901869661996e-01 3.421197641508999521e-02
1.653931920034971981e+01 5.937357365000572873e-01 2.900947338928885205e-02
1.884299628142029093e+01 4.641094591401331293e-01 2.516570313833776940e-02
2.146754074702852577e+01 3.393541100199735094e-01 2.198927549967872458e-02
2.445764457215044274e+01 2.577004085703580305e-01 1.984449647511862119e-02
2.786422464810916466e+01 1.844393942243585105e-01 1.811826757071662714e-02
3.174528981929791982e+01 1.328600356100499980e-01 1.691084699189828941e-02
3.616692868500850011e+01 9.246996021434950030e-02 1.601099794589071201e-02
4.120443498711833286e+01 6.242455664157020578e-02 1.536053061225421852e-02
4.694358974726586098e+01 3.989617283324986552e-02 1.488821885752037583e-02
