1.069642439726958605e+00 -1.565469127284680795e+00 nan
1.218627458003121777e+00 -7.778453579176667354e-01 3.179878462406385609e+00
1.388363836590320144e+00 -9.207152836234173687e-01 1.612187143324921967e+00
1.581741926207981042e+00 -8.868069420979880491e-01 1.568613146155367177e+00
1.802054659727066133e+00 -1.231892455070445536e+00 nan
2.053053625776520175e+00 -1.163184296996848222e+00 nan
2.339012952555230562e+00 -9.528522411931159564e-01 5.585586080805552411e-01
2.664802089693036891e+00 -9.503937834135831597e-01 4.757409942984971440e-01
3.035968727524477995e+00 1.028429609402286449e+00 2.511065394429692788e+00
3.458833265763586962e+00 1.108753411372548126e+00 2.107890187878938004e+00
3.940596440236666886e+00 4.352186628728373030e+00 2.765339738222448940e+00
4.489461940391565875e+00 7.948607125569103538e+00 2.950609685983329289e+00
5.114776105571953835e+00 1.178849217348557055e+01 2.926055296514706860e+00
5.827187078870319503e+00 1.149487729257025492e+01 2.397675061100617455e+00
6.638826128706195817e+00 9.730428662251352279e+00 1.837888147524335380e+00
7.563514225758552811e+00 5.363675615577447431e+00 1.160306522315993183e+00
8.616997392941321721e+00 5.080640183796946374e+00 9.434713259031061172e-01
9.817214836071872952e+00 4.318607570820661934e+00 7.334365313941163533e-01
1.118460442108735009e+01 3.614210803344320766e+00 5.695547937130266414e-01
1.274245069961824761e+01 2.560493093654467422e+00 4.146279211552318933e-01
1.451728140926205768e+01 1.727673360362719679e+00 3.012252605341528278e-01
1.653931920034971981e+01 1.563132600520222404e+00 2.471293105199696138e-01
1.884299628142029093e+01 1.336493303450361214e+00 2.005042344318903602e-01
2.146754074702852577e+01 8.605767297781810043e-01 1.504122340238082667e-01
2.445764457215044274e+01 6.756491409031273321e-01 1.227669635294224709e-01
2.786422464810916466e+01 5.476942256702859169e-01 1.029344030729935772e-01
3.174528981929791982e+01 4.172736896727955447e-01 8.676946432548725274e-02
3.616692868500850011e+01 2.550556214196901816e-01 7.207829218161679319e-02
4.120443498711833286e+01 1.403816886794357899e-01 6.168264582767551268e-02
4.694358974726586098e+01 1.428388771773572152e-01 5.797817920990540330e-02
