1.069642439726958605e+00 -1.208482108728779369e+00 nan
1.218627458003121777e+00 -8.500027224499107081e-01 1.853775454848600734e-01
1.388363836590320144e+00 -6.535393527340151998e-01 2.391235199914059639e-01
1.581741926207981042e+00 3.409820622010997226e-01 3.833355380215883734e-01
1.802054659727066133e+00 2.537688045147997506e+00 5.130829615554668433e-01
2.053053625776520175e+00 5.203172913422436707e+00 5.596238427945153804e-01
2.339012952555230562e+00 6.302085492266164657e+00 5.001644268103903057e-01
2.664802089693036891e+00 7.453441559865217059e+00 4.510660149674861064e-01
3.035968727524477995e+00 7.859139790203210296e+00 3.856180523668965576e-01
3.458833265763586962e+00 6.925509141655142642e+00 3.034912895409231370e-01
3.940596440236666886e+00 6.208718402892177579e+00 2.414044638368947615e-01
4.489461940391565875e+00 4.829772077258773777e+00 1.802958600896352181e-01
5.114776105571953835e+00 3.922579043456750014e+00 1.384620267124776205e-01
5.827187078870319503e+00 3.207947469897597159e+00 1.075730594722013600e-01
6.638826128706195817e+00 2.568223840023262206e+00 8.344494189091032632e-02
7.563514225758552811e+00 2.080504532289386255e+00 6.587224736907087985e-02
8.616997392941321721e+00 1.601449391858318361e+00 5.152578699661908984e-02
9.817214836071872952e+00 1.358350105555997889e+00 4.256095944143498122e-02
1.118460442108735009e+01 1.028260445143505120e+00 3.418766924118125244e-02
1.274245069961824761e+01 8.193286933357168955e-01 2.854571343023548299e-02
1.451728140926205768e+01 6.177625822421739521e-01 2.391957307132909841e-02
1.653931920034971981e+01 4.931261675500233643e-01 2.085871768158298334e-02
1.884299628142029093e+01 3.887160794226633964e-01 1.850247583993649622e-02
2.146754074702852577e+01 2.933748261771833565e-01 1.660038378254780067e-02
2.445764457215044274e+01 2.259429452764689650e-01 1.526334307794954305e-02
2.786422464810916466e+01 1.620735425259887119e-01 1.414000810032911559e-02
3.174528981929791982e+01 1.234875372979302721e-01 1.342829019383579015e-02
3.616692868500850011e+01 8.739737649274825770e-02 1.283014216529736011e-02
4.120443498711833286e+01 6.288058370661464558e-02 1.242288607569920662e-02
4.694358974726586098e+01 4.187403155210689398e-02 1.209631365231729656e-02
