1.069642439726958605e+00 -2.007228015429647350e-01 7.960309255177838494e+00
1.218627458003121777e+00 -1.377398054097747071e+00 nan
1.388363836590320144e+00 -7.122992006123187725e-01 3.080087577782481212e+00
1.581741926207981042e+00 -1.223486598890942911e+00 nan
1.802054659727066133e+00 -9.506270536765775159e-01 8.542262048507078820e-01
2.053053625776520175e+00 -9.547117536204949850e-01 6.705328699493867672e-01
2.339012952555230562e+00 -1.203388564419196616e+00 nan
2.664802089693036891e+00 -1.184479346104447828e+00 nan
3.035968727524477995e+00 2.737481058913737719e-02 1.791770925016223703e+00
3.458833265763586962e+00 1.628161378677510207e+00 2.360628017950824109e+00
3.940596440236666886e+00 5.251559542370440425e+00 2.999114224631652004e+00
4.489461940391565875e+00 9.248693460723043103e+00 3.170731339981685437e+00
5.114776105571953835e+00 1.247333061105297958e+01 3.014846171240222805e+00
5.827187078870319503e+00 8.956935981285470305e+00 2.135561232737813064e+00
6.638826128706195817e+00 7.092361685436721075e+00 1.588206155427749122e+00
7.563514225758552811e+00 6.645874760937399373e+00 1.282542947319161186e+00
8.616997392941321721e+00 5.607723033052867123e+00 9.895393982410022327e-01
9.817214836071872952e+00 4.373471245814837260e+00 7.396313168320129972e-01
1.118460442108735009e+01 3.746354595651509634e+00 5.802411372829788805e-01
1.274245069961824761e+01 2.406654884585047505e+00 4.054852377187740387e-01
1.451728140926205768e+01 2.015790916266104293e+00 3.201103980830031226e-01
1.653931920034971981e+01 1.156733006980597445e+00 2.236976709453283307e-01
1.884299628142029093e+01 1.043938723699912030e+00 1.850493457685659371e-01
2.146754074702852577e+01 8.349329017265512132e-01 1.494569305507370272e-01
2.445764457215044274e+01 5.801367189448234374e-01 1.183328320210659812e-01
2.786422464810916466e+01 5.296708316449723064e-01 1.023216719897760835e-01
3.174528981929791982e+01 3.596062864965723360e-01 8.431835424546400837e-02
3.616692868500850011e+01 2.785009422059967488e-01 7.328084298922947493e-02
4.120443498711833286e+01 1.548957073225976089e-01 6.244693490246108758e-02
4.694358974726586098e+01 1.122543415041616921e-01 5.675325357104069046e-02
