1.069642439726958605e+00 -9.266170112745739651e-01 6.773703525919049007e+00
1.218627458003121777e+00 -1.126058367360562862e-01 1.790038532425936779e+01
1.388363836590320144e+00 -1.680220081384575792e-03 1.611310977567678648e+01
1.581741926207981042e+00 2.029628027681660285e-01 1.440317660929245314e+01
1.802054659727066133e+00 -7.958294333865141290e-01 4.878392514364194632e+00
2.053053625776520175e+00 -8.094778372520228249e-01 3.862354703797302058e+00
2.339012952555230562e+00 -1.021903136832189141e+00 nan
2.664802089693036891e+00 -7.844152142069928946e-01 2.793408136216251947e+00
3.035968727524477995e+00 -6.696896681321498068e-01 2.852419466421559857e+00
3.458833265763586962e+00 -1.159221680005700250e+00 nan
3.940596440236666886e+00 -1.046390860073965534e+00 nan
4.489461940391565875e+00 3.866395367705779407e+00 6.086494623541740978e+00
5.114776105571953835e+00 5.870387123956563258e+00 5.953979058504847544e+00
5.827187078870319503e+00 1.525222963078363136e+01 7.597504019743734460e+00
6.638826128706195817e+00 9.113349576736887059e+00 4.919324637012692847e+00
7.563514225758552811e+00 9.094801077127382172e+00 4.065970569398112744e+00
8.616997392941321721e+00 5.824944489541829640e+00 2.749706800336100709e+00
9.817214836071872952e+00 3.547279791734097909e+00 1.844521457043082124e+00
1.118460442108735009e+01 4.729365736691292454e+00 1.726041340466914153e+00
1.274245069961824761e+01 3.365738517092018434e+00 1.242546712617592419e+00
1.451728140926205768e+01 3.711508490824709128e+00 1.081970490500931970e+00
1.653931920034971981e+01 1.418902297510403088e+00 6.300411545420462334e-01
1.884299628142029093e+01 1.461590870943821008e+00 5.323141337216842350e-01
2.146754074702852577e+01 1.168131844691925103e+00 4.178063608383610905e-01
2.445764457215044274e+01 1.023440005335156222e+00 3.406740568801967517e-01
2.786422464810916466e+01 4.037362566034565781e-01 2.338782819389118028e-01
3.174528981929791982e+01 4.729695036003416231e-01 2.069134943060305931e-01
3.616692868500850011e+01 3.013808853108808083e-01 1.662696821298040029e-01
4.120443498711833286e+01 2.229267063801101401e-01 1.404994283772610097e-01
4.694358974726586098e+01 1.573351922742496356e-01 1.209078921262720929e-01
