1.069642439726958605e+00 -1.327989100702283487e+00 nan
1.218627458003121777e+00 -1.051064154334631073e+00 nan
1.388363836590320144e+00 -8.496787309661817389e-01 3.873680113068831421e-01
1.581741926207981042e+00 -9.343993728391091214e-01 2.083761744671247251e-01
1.802054659727066133e+00 -5.768061992303892271e-01 4.351878073328153129e-01
2.053053625776520175e+00 3.632380223526234797e-01 6.405335745394163949e-01
2.339012952555230562e+00 2.000080453096573674e+00 7.793320179485574428e-01
2.664802089693036891e+00 5.152203072752417512e+00 9.310389721301870480e-01
3.035968727524477995e+00 7.783774590556134854e+00 9.247717872877110334e-01
3.458833265763586962e+00 7.282722279841573609e+00 7.432831178118516346e-01
3.940596440236666886e+00 8.004387471109478014e+00 6.442840047499498457e-01
4.489461940391565875e+00 7.155989298211040683e+00 5.088285794551227204e-01
5.114776105571953835e+00 6.184701432123799414e+00 3.973745493840258880e-01
5.827187078870319503e+00 5.160448018071422283e+00 3.069032206166922294e-01
6.638826128706195817e+00 4.141682221619994664e+00 2.338568406992362347e-01
7.563514225758552811e+00 3.082250603515307663e+00 1.737778786374800932e-01
8.616997392941321721e+00 2.614840049496456320e+00 1.381364365056520771e-01
9.817214836071872952e+00 2.043811955761198007e+00 1.069812116971718824e-01
1.118460442108735009e+01 1.467056879791583945e+00 8.123869068223292522e-02
1.274245069961824761e+01 1.189872218283936522e+00 6.575958784168434157e-02
1.451728140926205768e+01 9.660721718536855462e-01 5.416316658187993877e-02
1.653931920034971981e+01 7.202833384494684577e-01 4.418643131928346596e-02
1.884299628142029093e+01 5.703034395466153317e-01 3.754806463777220216e-02
2.146754074702852577e+01 4.359471664492049481e-01 3.232464701133408447e-02
2.445764457215044274e+01 3.191453432055446626e-01 2.822939850507647994e-02
2.786422464810916466e+01 2.282657345766174739e-01 2.519053134785619735e-02
3.174528981929791982e+01 1.579473263359263413e-01 2.294440047832259702e-02
3.616692868500850011e+01 1.120025421270764987e-01 2.143686381407064814e-02
4.120443498711833286e+01 7.851433675806429591e-02 2.036298594555283059e-02
4.694358974726586098e+01 5.299722574207343939e-02 1.958028644551709080e-02
