1.069642439726958605e+00 -1.066658767429700561e+00 nan
1.218627458003121777e+00 -7.902182377670783353e-01 3.111564408901783096e+00
1.388363836590320144e+00 -1.435511250855474152e+00 nan
1.581741926207981042e+00 -1.042433498298793726e+00 nan
1.802054659727066133e+00 -1.279531342014097017e+00 nan
2.053053625776520175e+00 -1.027271880680006522e+00 nan
2.339012952555230562e+00 -1.082116200245180959e+00 nan
2.664802089693036891e+00 -8.343655936953109364e-01 8.753870250052916413e-01
3.035968727524477995e+00 -8.724675461700754919e-01 6.336590677039382058e-01
3.458833265763586962e+00 4.706022137374273662e+00 3.496944684605275189e+00
3.940596440236666886e+00 8.180403504811579296e+00 3.655762391366297326e+00
4.489461940391565875e+00 8.678874529804586402e+00 3.091942496398258022e+00
5.114776105571953835e+00 1.083421838656195391e+01 2.830314151462208994e+00
5.827187078870319503e+00 9.783069885792418319e+00 2.234849828965701946e+00
6.638826128706195817e+00 9.141261106690384608e+00 1.795680079569830001e+00
7.563514225758552811e+00 7.903814297059883032e+00 1.396875882402990099e+00
8.616997392941321721e+00 5.008677889625168689e+00 9.437245059787410240e-01
9.817214836071872952e+00 4.151313962877719810e+00 7.254883466872125153e-01
1.118460442108735009e+01 4.228560035156631258e+00 6.151158306539261655e-01
1.274245069961824761e+01 2.294659874916656683e+00 3.994069038964152552e-01
1.451728140926205768e+01 1.867074209356144987e+00 3.120044858349539374e-01
1.653931920034971981e+01 1.632005937709616550e+00 2.526643342006807402e-01
1.884299628142029093e+01 1.128592922150890132e+00 1.903965722682851303e-01
2.146754074702852577e+01 8.204903999397861192e-01 1.492194001936835990e-01
2.445764457215044274e+01 6.837358788381886487e-01 1.238742615369816807e-01
2.786422464810916466e+01 5.226547923003852514e-01 1.023155933038841364e-01
3.174528981929791982e+01 3.272573514242458348e-01 8.308555109785513426e-02
3.616692868500850011e+01 2.281194606796355107e-01 7.122841200809845730e-02
4.120443498711833286e+01 1.815432300190058523e-01 6.379652718377439025e-02
4.694358974726586098e+01 7.754696563224006134e-02 5.538247852338908789e-02
