1.069642439726958605e+00 -1.123966484540574573e+00 nan
1.218627458003121777e+00 -6.188359635585458651e-01 2.954066516180969826e-01
1.388363836590320144e+00 -4.472295215697772441e-01 3.019419772268514546e-01
1.581741926207981042e+00 2.592084635871254594e-01 3.712919773284777403e-01
1.802054659727066133e+00 2.222864002371935488e+00 4.893835503586403957e-01
2.053053625776520175e+00 4.585115963688091156e+00 5.303700451420408912e-01
2.339012952555230562e+00 6.305823867023457652e+00 5.000918215888631169e-01
2.664802089693036891e+00 7.304622959045985020e+00 4.467164185284363542e-01
3.035968727524477995e+00 7.634306640609800354e+00 3.802076956786787365e-01
3.458833265763586962e+00 7.054884127927311788e+00 3.060599494467028392e-01
3.940596440236666886e+00 5.794630131686626662e+00 2.334909210929532741e-01
4.489461940391565875e+00 4.915719787206116465e+00 1.817329384477845422e-01
5.114776105571953835e+00 3.984727191454172868e+00 1.394257153898890156e-01
5.827187078870319503e+00 3.230210930688739435e+00 1.078741534662317342e-01
6.638826128706195817e+00 2.548008550205960621e+00 8.312153636478182561e-02
7.563514225758552811e+00 2.033940202116660600e+00 6.520786975691163223e-02
8.616997392941321721e+00 1.600007580483410186e+00 5.148898057755375152e-02
9.817214836071872952e+00 1.298103763950280376e+00 4.178391930669385357e-02
1.118460442108735009e+01 1.019559139260929115e+00 3.406969416155484348e-02
1.274245069961824761e+01 8.124113079784394120e-01 2.845395182086300073e-02
1.451728140926205768e+01 6.254293803221566694e-01 2.400318299430156954e-02
1.653931920034971981e+01 4.820275690083160036e-01 2.072352324027305556e-02
1.884299628142029093e+01 3.787131269662706856e-01 1.838193110215098278e-02
2.146754074702852577e+01 2.797185171182232644e-01 1.643905908527895990e-02
2.445764457215044274e+01 2.113864477758837790e-01 1.509266070990900564e-02
2.786422464810916466e+01 1.461446510414066147e-01 1.395427305502855084e-02
3.174528981929791982e+01 1.034701220271758704e-01 1.319619400920542078e-02
3.616692868500850011e+01 7.282948046948756193e-02 1.266069175071684108e-02
4.120443498711833286e+01 5.065495244098494609e-02 1.228039858883423451e-02
4.694358974726586098e+01 2.916248005386679054e-02 1.194839028134256874e-02
