1.069642439726958605e+00 -1.182815913118116846e+00 nan
1.218627458003121777e+00 -7.902051317605536251e-01 3.314059818815471292e-01
1.388363836590320144e+00 -9.342796895680121061e-01 1.574134623996532312e-01
1.581741926207981042e+00 -1.873095882332729278e-01 4.508901663997148535e-01
1.802054659727066133e+00 1.140021134644007006e+00 6.021081511493976413e-01
2.053053625776520175e+00 3.263550349670067519e+00 6.982532454943519706e-01
2.339012952555230562e+00 4.844032417949165392e+00 6.719358468052430977e-01
2.664802089693036891e+00 6.184984221060464193e+00 6.222646764297615762e-01
3.035968727524477995e+00 7.634214231061583256e+00 5.683701701661441064e-01
3.458833265763586962e+00 7.166221828142642636e+00 4.590265442018577891e-01
3.940596440236666886e+00 6.992316766923618587e+00 3.782205404964859019e-01
4.489461940391565875e+00 5.636821836080381232e+00 2.858465380029223124e-01
5.114776105571953835e+00 4.576550308139120560e+00 2.181128804208879723e-01
5.827187078870319503e+00 3.983720839942723746e+00 1.730921360953877886e-01
6.638826128706195817e+00 3.118459031412673887e+00 1.316292586861787794e-01
7.563514225758552811e+00 2.470900771230924775e+00 1.017757271228418858e-01
8.616997392941321721e+00 1.998158982914400195e+00 8.023749873509909702e-02
9.817214836071872952e+00 1.588273533510108138e+00 6.358530020410224637e-02
1.118460442108735009e+01 1.228298311957372491e+00 5.064782454101397768e-02
1.274245069961824761e+01 9.330798101017452328e-01 4.081915573874526221e-02
1.451728140926205768e+01 7.864345105125294388e-01 3.479913683698793864e-02
1.653931920034971981e+01 5.865498307744976270e-01 2.908820713797808863e-02
1.884299628142029093e+01 4.496660817972728541e-01 2.510914629776895071e-02
2.146754074702852577e+01 3.368562815265265797e-01 2.207925304041148673e-02
2.445764457215044274e+01 2.460923672611408097e-01 1.978802695140742876e-02
2.786422464810916466e+01 1.793568265945171269e-01 1.814095964316906132e-02
3.174528981929791982e+01 1.273055683952670769e-01 1.691753758132276755e-02
3.616692868500850011e+01 9.117889630623987607e-02 1.607088003654652889e-02
4.120443498711833286e+01 6.380190790036444071e-02 1.545304822454659013e-02
4.694358974726586098e+01 4.359916746917136265e-02 1.500994284433949423e-02
