1.069642439726958605e+00 -1.250294239987424838e+00 nan
1.218627458003121777e+00 -8.911813281262053188e-01 2.380512166848687827e-01
1.388363836590320144e+00 -8.338969743956987646e-01 2.496067668769234305e-01
1.581741926207981042e+00 -6.362522083186514799e-01 3.008122629647889124e-01
1.802054659727066133e+00 8.183380116468690346e-01 5.534603453263353678e-01
2.053053625776520175e+00 2.509609123820873311e+00 6.314528995909770570e-01
2.339012952555230562e+00 4.713609119165266925e+00 6.625621896134239464e-01
2.664802089693036891e+00 7.193189112818433983e+00 6.640049189435289767e-01
3.035968727524477995e+00 7.568266410956140611e+00 5.646514767060774043e-01
3.458833265763586962e+00 7.719223678025795010e+00 4.741174862846789795e-01
3.940596440236666886e+00 6.677044221214980979e+00 3.691142711246708785e-01
4.489461940391565875e+00 5.671724796705865046e+00 2.859686903997629703e-01
5.114776105571953835e+00 4.806053357706883133e+00 2.226028884748006698e-01
5.827187078870319503e+00 3.895616290079871202e+00 1.708952708626649275e-01
6.638826128706195817e+00 3.054329796135216490e+00 1.300954173368928102e-01
7.563514225758552811e+00 2.383597296561299039e+00 9.996439837580195498e-02
8.616997392941321721e+00 1.892129240215748798e+00 7.824308929130760482e-02
9.817214836071872952e+00 1.528707231292115942e+00 6.247486125181318795e-02
1.118460442108735009e+01 1.255199143660468586e+00 5.096246302894884284e-02
1.274245069961824761e+01 9.924537911130715262e-01 4.163803428982287141e-02
1.451728140926205768e+01 7.610750449038814480e-01 3.435660356793926451e-02
1.653931920034971981e+01 5.728401333086639013e-01 2.883521530141865477e-02
1.884299628142029093e+01 4.339828127561178306e-01 2.484011501382784801e-02
2.146754074702852577e+01 3.461722098192780983e-01 2.217495107761418768e-02
2.445764457215044274e+01 2.481360162808639025e-01 1.978549083846775636e-02
2.786422464810916466e+01 1.889857361673901170e-01 1.824909408973529948e-02
3.174528981929791982e+01 1.244956750708867688e-01 1.685319027315828472e-02
3.616692868500850011e+01 9.138724466012515535e-02 1.605094415513849682e-02
4.120443498711833286e+01 5.903978555107114445e-02 1.536467629483474415e-02
4.694358974726586098e+01 4.052596872759317570e-02 1.494629271965038260e-02
