1.069642439726958605e+00 -1.597419626311225915e+00 nan
1.218627458003121777e+00 -9.602128384183010734e-01 2.322259199651742489e-01
1.388363836590320144e+00 -9.274485422286964376e-01 2.661363925294161215e-01
1.581741926207981042e+00 -7.909112595419847125e-01 3.679152719735661603e-01
1.802054659727066133e+00 -8.158211732619997658e-01 2.838984235662496136e-01
2.053053625776520175e+00 7.804663646452014714e-01 7.240980780717291010e-01
2.339012952555230562e+00 2.242254751707103644e+00 8.013988244715448683e-01
2.664802089693036891e+00 5.169559463617129147e+00 9.221369521381769241e-01
3.035968727524477995e+00 7.768539803455366766e+00 9.138817898202805656e-01
3.458833265763586962e+00 8.197771851249473940e+00 7.765066853401887403e-01
3.940596440236666886e+00 8.004040961465216597e+00 6.373733679437056932e-01
4.489461940391565875e+00 7.500046125897126714e+00 5.148499368020136302e-01
5.114776105571953835e+00 5.881088650755617486e+00 3.839509208238841564e-01
5.827187078870319503e+00 4.687613181136539353e+00 2.903727242239652062e-01
6.638826128706195817e+00 4.010005644992274298e+00 2.280300660640715293e-01
7.563514225758552811e+00 3.071447757156624103e+00 1.717590008648514632e-01
8.616997392941321721e+00 2.461712048692812793e+00 1.332179857520020272e-01
9.817214836071872952e+00 2.002282213149609635e+00 1.050386754060331218e-01
1.118460442108735009e+01 1.567493822700587236e+00 8.259360275860737344e-02
1.274245069961824761e+01 1.229187359747525576e+00 6.595623379860711399e-02
1.451728140926205768e+01 9.225137297698495775e-01 5.284167575787628024e-02
1.653931920034971981e+01 6.876564934342737079e-01 4.319717546511293166e-02
1.884299628142029093e+01 5.565838366447664054e-01 3.699482342445971350e-02
2.146754074702852577e+01 4.446999016979218400e-01 3.224060416821961789e-02
2.445764457215044274e+01 3.080249703267556871e-01 2.782534051743719081e-02
2.786422464810916466e+01 2.109795847459983165e-01 2.470727728796467612e-02
3.174528981929791982e+01 1.593026809956106238e-01 2.281872249828319557e-02
3.616692868500850011e+01 1.173911564343830261e-01 2.139855354174123245e-02
4.120443498711833286e+01 7.767782482116181164e-02 2.022425556992632142e-02
4.694358974726586098e+01 5.527229568878722077e-02 1.950486144500016353e-02
