1.069642439726958605e+00 -1.409313354644534666e+00 nan
1.218627458003121777e+00 -6.696309138038265552e-01 1.092672423508552448e+01
1.388363836590320144e+00 -4.029591243441912329e-01 1.246616140099305525e+01
1.581741926207981042e+00 -9.934552141929899882e-01 1.062820716523721565e+00
1.802054659727066133e+00 -7.966065123278323057e-01 4.871207299868395069e+00
2.053053625776520175e+00 -1.775733260456182627e+00 nan
2.339012952555230562e+00 -5.373113110301064310e-01 4.930581266082977976e+00
2.664802089693036891e+00 -5.620389348077656777e-01 3.983253390616787293e+00
3.035968727524477995e+00 -8.222678160834886452e-01 2.093226822780554386e+00
3.458833265763586962e+00 -8.515622887456928414e-01 1.574434878621648881e+00
3.940596440236666886e+00 -9.345026624205070576e-01 8.590239061356043093e-01
4.489461940391565875e+00 1.566599271213191313e+00 4.418649766300360326e+00
5.114776105571953835e+00 1.616421226221881113e+01 9.463502153552218132e+00
5.827187078870319503e+00 1.525471591984499753e+01 7.601348381503007623e+00
6.638826128706195817e+00 1.465536151034921097e+01 6.159835072591952176e+00
7.563514225758552811e+00 8.473582270798946325e+00 3.936675480203907895e+00
8.616997392941321721e+00 6.572804780983335426e+00 2.902747915121383748e+00
9.817214836071872952e+00 5.990672061817884142e+00 2.307281543685670844e+00
1.118460442108735009e+01 5.153482102155894751e+00 1.793320386079023887e+00
1.274245069961824761e+01 4.073306000094486734e+00 1.346957126376751690e+00
1.451728140926205768e+01 2.648561653691049234e+00 9.418916955234408750e-01
1.653931920034971981e+01 1.924450591136253497e+00 6.985635045116108666e-01
1.884299628142029093e+01 1.585775788101138062e+00 5.473246759169820841e-01
2.146754074702852577e+01 1.049113248770242812e+00 4.047791062473149459e-01
2.445764457215044274e+01 7.934048494735976842e-01 3.174954782182334845e-01
2.786422464810916466e+01 7.167265057942886486e-01 2.640792020447177424e-01
3.174528981929791982e+01 3.206440274457453832e-01 1.933132245165645746e-01
3.616692868500850011e+01 3.403516042028058575e-01 1.696037594004995430e-01
4.120443498711833286e+01 2.507548673285275864e-01 1.427727475247178024e-01
4.694358974726586098e+01 1.495151026938370542e-01 1.203446856880548838e-01
