1.069642439726958605e+00 -1.197086086313120301e+00 nan
1.218627458003121777e+00 -7.567993816059992440e-01 3.287707451556767690e+00
1.388363836590320144e+00 -1.460341885232528281e+00 nan
1.581741926207981042e+00 -7.712475337684017163e-01 2.203529238865171713e+00
1.802054659727066133e+00 -1.173964773480677959e+00 nan
2.053053625776520175e+00 -1.137576712360977460e+00 nan
2.339012952555230562e+00 -1.227708265958097567e+00 nan
2.664802089693036891e+00 -9.957881197599687262e-01 1.369822659008392562e-01
3.035968727524477995e+00 4.656451516029469495e-02 1.781820765084685565e+00
3.458833265763586962e+00 2.433913178594454330e+00 2.659603481585570250e+00
3.940596440236666886e+00 1.057134632166530608e+01 4.034374440156409669e+00
4.489461940391565875e+00 1.072108766106775768e+01 3.346114134301453991e+00
5.114776105571953835e+00 8.836923298810603455e+00 2.525978882776706680e+00
5.827187078870319503e+00 1.248283791114514685e+01 2.466836518941528222e+00
6.638826128706195817e+00 8.127615709993435189e+00 1.667669374549365813e+00
7.563514225758552811e+00 7.121149456482124052e+00 1.305677393805798170e+00
8.616997392941321721e+00 5.974150773485391142e+00 1.004575113043919110e+00
9.817214836071872952e+00 4.087959481860632849e+00 7.077676331340267968e-01
1.118460442108735009e+01 3.591928764675269115e+00 5.616922567060973481e-01
1.274245069961824761e+01 2.954038192417636211e+00 4.353874367650658606e-01
1.451728140926205768e+01 1.898894042912797619e+00 3.086049935538905942e-01
1.653931920034971981e+01 1.611683697026341955e+00 2.472656211454342112e-01
1.884299628142029093e+01 1.191775271624504029e+00 1.906751814627757613e-01
2.146754074702852577e+01 9.729749610373554791e-01 1.546250434563726794e-01
2.445764457215044274e+01 6.829857196359114813e-01 1.219209136631038415e-01
2.786422464810916466e+01 5.186791944473931881e-01 1.006109846933638946e-01
3.174528981929791982e+01 3.603863884123876815e-01 8.341026441680127190e-02
3.616692868500850011e+01 2.715667773094487814e-01 7.219683869558163325e-02
4.120443498711833286e+01 1.551190603016079361e-01 6.182729328841287536e-02
4.694358974726586098e+01 9.825124343009550287e-02 5.560728658720072437e-02
