1.069642439726958605e+00 -1.754267138702621853e+00 nan
1.218627458003121777e+00 -1.385850698284521787e+00 nan
1.388363836590320144e+00 -1.219583389509135696e+00 nan
1.581741926207981042e+00 -5.192456330190138303e-01 3.253756463268234089e+00
1.802054659727066133e+00 -1.310565394954804841e+00 nan
2.053053625776520175e+00 -1.392795982530329990e+00 nan
2.339012952555230562e+00 -1.283484706360338290e+00 nan
2.664802089693036891e+00 5.177785790492677176e-01 2.649386875046866319e+00
3.035968727524477995e+00 9.743305758656455318e-01 2.493389599708539794e+00
3.458833265763586962e+00 2.373608000277712460e+00 2.684906323116142968e+00
3.940596440236666886e+00 3.690193374627744660e+00 2.604324009705628384e+00
4.489461940391565875e+00 7.433305208481892912e+00 2.881437682581621917e+00
5.114776105571953835e+00 1.208772431608636388e+01 2.980190669158141681e+00
5.827187078870319503e+00 8.960068042419994327e+00 2.143352582226640823e+00
6.638826128706195817e+00 7.971492068556385036e+00 1.682408479901106979e+00
7.563514225758552811e+00 6.237002007766026423e+00 1.249876093235127827e+00
8.616997392941321721e+00 5.339700973226463532e+00 9.709453929532853023e-01
9.817214836071872952e+00 4.555800717350249052e+00 7.558627196842515605e-01
1.118460442108735009e+01 2.804891606222644551e+00 5.148362729441685604e-01
1.274245069961824761e+01 2.618025957932683667e+00 4.209526801871040225e-01
1.451728140926205768e+01 2.014043867351254402e+00 3.210469749933821948e-01
1.653931920034971981e+01 1.535292771377041232e+00 2.469562007566177275e-01
1.884299628142029093e+01 9.592456119407999360e-01 1.808976675016577829e-01
2.146754074702852577e+01 1.034323317013686516e+00 1.602150691214576927e-01
2.445764457215044274e+01 7.476762493136113186e-01 1.269748377522859351e-01
2.786422464810916466e+01 4.654387269148791972e-01 9.955979416892485334e-02
3.174528981929791982e+01 2.672481667318282739e-01 8.028301831040596248e-02
3.616692868500850011e+01 2.085638856708575961e-01 7.032429340252682737e-02
4.120443498711833286e+01 1.877809790913125276e-01 6.405186006450450109e-02
4.694358974726586098e+01 1.513216367803180695e-01 5.859015501943413973e-02
