1.069642439726958605e+00 -1.002883107178204281e+00 nan
1.218627458003121777e+00 -5.439553699365544670e-01 4.894920826426749638e-01
1.388363836590320144e+00 -9.259869529386219877e-01 1.673424419024667487e-01
1.581741926207981042e+00 -6.318151214007678984e-01 3.039651121896288499e-01
1.802054659727066133e+00 4.451537282174546917e-01 4.954555446571543564e-01
2.053053625776520175e+00 2.202513933596717877e+00 6.056629679974582237e-01
2.339012952555230562e+00 4.662003861345827893e+00 6.623825713983254593e-01
2.664802089693036891e+00 6.435353582872815892e+00 6.343968214950216344e-01
3.035968727524477995e+00 7.179673116567636626e+00 5.534881117353965818e-01
3.458833265763586962e+00 7.770469963599579089e+00 4.776118674417403898e-01
3.940596440236666886e+00 6.577857144228609343e+00 3.680551217121455498e-01
4.489461940391565875e+00 5.876921137961037545e+00 2.920132830062759366e-01
5.114776105571953835e+00 4.962477799167866799e+00 2.269091652307122509e-01
5.827187078870319503e+00 3.985359389876462100e+00 1.734032468417114059e-01
6.638826128706195817e+00 3.176101976748667344e+00 1.329360218906604774e-01
7.563514225758552811e+00 2.402807798224312563e+00 1.007009022656676356e-01
8.616997392941321721e+00 1.998883011102519092e+00 8.037085069754312805e-02
9.817214836071872952e+00 1.572270560152899899e+00 6.341690740128506920e-02
1.118460442108735009e+01 1.262285587917918228e+00 5.125353982113118462e-02
1.274245069961824761e+01 9.753332779882175618e-01 4.151854052308771859e-02
1.451728140926205768e+01 7.414435794643314814e-01 3.417635846944538924e-02
1.653931920034971981e+01 5.828008062304554926e-01 2.906948893333301254e-02
1.884299628142029093e+01 4.600861854586184574e-01 2.528841230899878459e-02
2.146754074702852577e+01 3.417710067289292386e-01 2.217393132478068934e-02
2.445764457215044274e+01 2.525872768017536352e-01 1.990114004118570881e-02
2.786422464810916466e+01 1.915671647084284945e-01 1.833194097455227017e-02
3.174528981929791982e+01 1.377402290045974809e-01 1.708128074894347745e-02
3.616692868500850011e+01 9.954046663439819476e-02 1.620396414445094899e-02
4.120443498711833286e+01 6.618658800778498552e-02 1.550098648726084410e-02
4.694358974726586098e+01 4.333006564717978293e-02 1.501986074578737403e-02
