1.069642439726958605e+00 -1.360397909950729733e+00 nan
1.218627458003121777e+00 -7.846914843255272665e-01 2.226973587906017349e-01
1.388363836590320144e+00 -7.279291832355350156e-01 2.124635314113217655e-01
1.581741926207981042e+00 3.261593398314985848e-01 3.822272936778997043e-01
1.802054659727066133e+00 2.642324804366670499e+00 5.220527349109216342e-01
2.053053625776520175e+00 4.882080206809693124e+00 5.461679802665504457e-01
2.339012952555230562e+00 7.127159946696169257e+00 5.298886013945071083e-01
2.664802089693036891e+00 7.358642611859403715e+00 4.495872633038767718e-01
3.035968727524477995e+00 7.871497025307585105e+00 3.869028000241779286e-01
3.458833265763586962e+00 7.163274416517181109e+00 3.092095351209065979e-01
3.940596440236666886e+00 6.070998243091386470e+00 2.394235692816422678e-01
4.489461940391565875e+00 4.935286939157237818e+00 1.825988217334953700e-01
5.114776105571953835e+00 3.859917984295317961e+00 1.377709553979339085e-01
5.827187078870319503e+00 3.230478646053552616e+00 1.081782898668251364e-01
6.638826128706195817e+00 2.544276561587543117e+00 8.329368799482865515e-02
7.563514225758552811e+00 2.035193514351145705e+00 6.539828130092130432e-02
8.616997392941321721e+00 1.588746938956784316e+00 5.147262846724073859e-02
9.817214836071872952e+00 1.285434422572728552e+00 4.172648077885258988e-02
1.118460442108735009e+01 1.024745595348321325e+00 3.421478958542872179e-02
1.274245069961824761e+01 8.036644109312411910e-01 2.841331828812126287e-02
1.451728140926205768e+01 6.306974951148787145e-01 2.411746242765035186e-02
1.653931920034971981e+01 5.016579824525726483e-01 2.099549599189936416e-02
1.884299628142029093e+01 3.856638545784794037e-01 1.849839262594821926e-02
2.146754074702852577e+01 2.818564738802933345e-01 1.649439363077665963e-02
2.445764457215044274e+01 2.186881399941376092e-01 1.520358378283927399e-02
2.786422464810916466e+01 1.626212574831640278e-01 1.416741831680607723e-02
3.174528981929791982e+01 1.122779533476494507e-01 1.331929312029543969e-02
3.616692868500850011e+01 8.284379669659491796e-02 1.279618092419805390e-02
4.120443498711833286e+01 5.605308872943881582e-02 1.236201819278500737e-02
4.694358974726586098e+01 3.700452384442765030e-02 1.205721375406285101e-02
