1.069642439726958605e+00 -3.954694643066463122e-01 7.040046238052060978e+00
1.218627458003121777e+00 -9.139469453376203312e-01 2.018460428916884819e+00
1.388363836590320144e+00 -1.249136113210306487e+00 nan
1.581741926207981042e+00 -1.068667763157894690e+00 nan
1.802054659727066133e+00 -1.016144848835811576e+00 nan
2.053053625776520175e+00 -1.249905045174643181e+00 nan
2.339012952555230562e+00 -1.064925587036964050e+00 nan
2.664802089693036891e+00 -9.689990483363697393e-01 3.835692928368757415e-01
3.035968727524477995e+00 2.883226460304855188e-02 1.823368732922833191e+00
3.458833265763586962e+00 3.141104061487572263e+00 3.015219970365774937e+00
3.940596440236666886e+00 7.783024676552039445e+00 3.620524508305231315e+00
4.489461940391565875e+00 1.421797578661520411e+01 3.946489974439676196e+00
5.114776105571953835e+00 1.109534550802370845e+01 2.898553784040184489e+00
5.827187078870319503e+00 8.708096068665062361e+00 2.142606877375770491e+00
6.638826128706195817e+00 7.039870424787027403e+00 1.608940454269918829e+00
7.563514225758552811e+00 7.221168258382419936e+00 1.354964369625111686e+00
8.616997392941321721e+00 4.542679953209491472e+00 9.149468780517503452e-01
9.817214836071872952e+00 3.872368142231262578e+00 7.124208043882163111e-01
1.118460442108735009e+01 3.193385675812150826e+00 5.501034351947494683e-01
1.274245069961824761e+01 3.023984771070434618e+00 4.528505734465483878e-01
1.451728140926205768e+01 1.973545251693147318e+00 3.224307370212426971e-01
1.653931920034971981e+01 1.685323942405620112e+00 2.586793990486628836e-01
1.884299628142029093e+01 1.178855882500225993e+00 1.953462573036790773e-01
2.146754074702852577e+01 8.379078848268151081e-01 1.517895706495669683e-01
2.445764457215044274e+01 7.998286875533966445e-01 1.309448259136486714e-01
2.786422464810916466e+01 4.775420765393552092e-01 1.011996025757939677e-01
3.174528981929791982e+01 4.215636949748917672e-01 8.826842756904779153e-02
3.616692868500850011e+01 2.724519994835425951e-01 7.389753080820939124e-02
4.120443498711833286e+01 2.389204731440068841e-01 6.690484162801597912e-02
4.694358974726586098e+01 1.423437777546880945e-01 5.869539396996620306e-02
