1.069642439726958605e+00 -9.641223594167103172e-01 1.191981211279079106e-01
1.218627458003121777e+00 -8.352148565780281864e-01 1.941365655219261521e-01
1.388363836590320144e+00 -4.467906255634928048e-01 3.019303554435959214e-01
1.581741926207981042e+00 1.323331819672164400e-01 3.519102525476440202e-01
1.802054659727066133e+00 2.690741217441417810e+00 5.236911552873855236e-01
2.053053625776520175e+00 4.836370792956427245e+00 5.421108868215185339e-01
2.339012952555230562e+00 6.553429643008967354e+00 5.085176092890282273e-01
2.664802089693036891e+00 7.483522631349774912e+00 4.515298404515326047e-01
3.035968727524477995e+00 7.159004126535030821e+00 3.687528177601389623e-01
3.458833265763586962e+00 6.888070326869195625e+00 3.024641824878531726e-01
3.940596440236666886e+00 5.843477697757984757e+00 2.343255255834294226e-01
4.489461940391565875e+00 4.753362106018203193e+00 1.788081623282974653e-01
5.114776105571953835e+00 4.008836441505746251e+00 1.397631551296751873e-01
5.827187078870319503e+00 3.209175042364587949e+00 1.075096613264988760e-01
6.638826128706195817e+00 2.611899188212298384e+00 8.401405096952198337e-02
7.563514225758552811e+00 2.060254868310090082e+00 6.554586873309503625e-02
8.616997392941321721e+00 1.610068814595699171e+00 5.160303898048536342e-02
9.817214836071872952e+00 1.332702404629195536e+00 4.220766837440818875e-02
1.118460442108735009e+01 1.018339264148835355e+00 3.404325190313529925e-02
1.274245069961824761e+01 8.233597594157258115e-01 2.857630307876254938e-02
1.451728140926205768e+01 6.577510835280937496e-01 2.437727751403957061e-02
1.653931920034971981e+01 4.847589743864708645e-01 2.074936882306108871e-02
1.884299628142029093e+01 3.791867498652514712e-01 1.838234633349512814e-02
2.146754074702852577e+01 2.831712565955013527e-01 1.647446810519369309e-02
2.445764457215044274e+01 2.104395099681006798e-01 1.507799114355415186e-02
2.786422464810916466e+01 1.596936982073107192e-01 1.410604691349925076e-02
3.174528981929791982e+01 1.105592536921244928e-01 1.327418500615728386e-02
3.616692868500850011e+01 7.620909471869796725e-02 1.269641433553665884e-02
4.120443498711833286e+01 4.937710200685341277e-02 1.226299886053002462e-02
4.694358974726586098e+01 3.211563563023234202e-02 1.197946875997320769e-02
