1.069642439726958605e+00 -9.468262806236078521e-01 5.826527009243285704e+00
1.218627458003121777e+00 -1.248553054662379314e+00 nan
1.388363836590320144e+00 -8.219372394627140199e-01 6.876387012121828235e+00
1.581741926207981042e+00 -1.147727272727272485e+00 nan
1.802054659727066133e+00 -6.332001245588538829e-01 6.607377106686120882e+00
2.053053625776520175e+00 -1.498893111142100221e+00 nan
2.339012952555230562e+00 -9.205251963350786770e-01 2.063977892422197424e+00
2.664802089693036891e+00 -1.310263972152388323e+00 nan
3.035968727524477995e+00 -9.556226969643797364e-01 1.056458534321187193e+00
3.458833265763586962e+00 -1.013035613466852780e+00 nan
3.940596440236666886e+00 1.031203213856674594e+01 1.143194293798089411e+01
4.489461940391565875e+00 6.792391526071211771e+00 7.790270579454057653e+00
5.114776105571953835e+00 9.557866303515361039e+00 7.471669958667741085e+00
5.827187078870319503e+00 1.676424830191704984e+01 8.034179717241469731e+00
6.638826128706195817e+00 6.261791561502155545e+00 4.198842893005739541e+00
7.563514225758552811e+00 7.539111387958633337e+00 3.768945543039629698e+00
8.616997392941321721e+00 9.910093103548113902e+00 3.545581763494376482e+00
9.817214836071872952e+00 6.839523014061910544e+00 2.474395452976291487e+00
1.118460442108735009e+01 4.632505480759984806e+00 1.728003191355724111e+00
1.274245069961824761e+01 4.167649182068947411e+00 1.373519454080042834e+00
1.451728140926205768e+01 2.897722021512324275e+00 9.855160084005456511e-01
1.653931920034971981e+01 1.969312064067474388e+00 7.111478153707965211e-01
1.884299628142029093e+01 2.137364965885431012e+00 6.160036584964887485e-01
2.146754074702852577e+01 1.061155949900817408e+00 4.099357502293447530e-01
2.445764457215044274e+01 4.209849040270048359e-01 2.803118264404456106e-01
2.786422464810916466e+01 5.274008968417274179e-01 2.482860501857377389e-01
3.174528981929791982e+01 4.052319501992096562e-01 2.027134500771359815e-01
3.616692868500850011e+01 4.102018912547347185e-01 1.768985112791663372e-01
4.120443498711833286e+01 1.827250568041323131e-01 1.384373062831417145e-01
4.694358974726586098e+01 1.029448403324659811e-01 1.176464129194789016e-01
