1.069642439726958605e+00 -1.394805661326244728e+00 nan
1.218627458003121777e+00 -6.595772222798463869e-01 1.102493524084551879e+01
1.388363836590320144e+00 -2.386670053340106623e+00 nan
1.581741926207981042e+00 -8.493548387096774288e-01 5.068357670113991631e+00
1.802054659727066133e+00 -1.142945883865610579e+00 nan
2.053053625776520175e+00 -7.993603267641620214e-01 3.941416394626847453e+00
2.339012952555230562e+00 -1.694201148454653083e+00 nan
2.664802089693036891e+00 -7.467122475842322693e-01 3.010911566739671308e+00
3.035968727524477995e+00 -8.678979900265466618e-01 1.793751747255126316e+00
3.458833265763586962e+00 -1.044903440521527394e+00 nan
3.940596440236666886e+00 1.765435619245627308e+01 1.447183676286713805e+01
4.489461940391565875e+00 6.340538377035260353e+00 7.439846125032408608e+00
5.114776105571953835e+00 5.710945056825300625e+00 5.851218341814370838e+00
5.827187078870319503e+00 9.283188133456915736e+00 5.983547173884010917e+00
6.638826128706195817e+00 1.211159005419685109e+01 5.588460032851480186e+00
7.563514225758552811e+00 8.421365444026793767e+00 3.902197192526774217e+00
8.616997392941321721e+00 9.946109456006958283e+00 3.496594375375383645e+00
9.817214836071872952e+00 5.627630100450748074e+00 2.230581460340763655e+00
1.118460442108735009e+01 4.551530677244699952e+00 1.688303974325968237e+00
1.274245069961824761e+01 2.847126409698919947e+00 1.155651258555930205e+00
1.451728140926205768e+01 2.640559526600559703e+00 9.353320400472653340e-01
1.653931920034971981e+01 2.329971201210153442e+00 7.458269759727766957e-01
1.884299628142029093e+01 1.312327076539038462e+00 5.114590153729066113e-01
2.146754074702852577e+01 1.082320808155226244e+00 4.061913097877652423e-01
2.445764457215044274e+01 9.155455809345980356e-01 3.281615371317802565e-01
2.786422464810916466e+01 4.377513650585667104e-01 2.360302926200083806e-01
3.174528981929791982e+01 6.026291415364637416e-01 2.172623981947387761e-01
3.616692868500850011e+01 3.556053784073121005e-01 1.700195072991459722e-01
4.120443498711833286e+01 2.155602111792451758e-01 1.392804025621502684e-01
4.694358974726586098e+01 7.934666474177287654e-02 1.143816140047197311e-01
