1.069642439726958605e+00 -2.251591826927520135e+00 nan
1.218627458003121777e+00 -3.836186308388145338e-01 5.300025371478643166e+00
1.388363836590320144e+00 -1.277802655678535793e+00 nan
1.581741926207981042e+00 -1.029564315352697434e+00 nan
1.802054659727066133e+00 -1.520398450508529731e+00 nan
2.053053625776520175e+00 -1.057359894133297562e+00 nan
2.339012952555230562e+00 -8.678444961004541103e-01 9.357350463500623272e-01
2.664802089693036891e+00 -1.100191166129438347e+00 nan
3.035968727524477995e+00 -2.671008775737004903e-02 1.739923318187455825e+00
3.458833265763586962e+00 3.821851733355273062e+00 3.193177598317979093e+00
3.940596440236666886e+00 6.088374179071584180e+00 3.187921744308901406e+00
4.489461940391565875e+00 1.373086760486879854e+01 3.808702733631023296e+00
5.114776105571953835e+00 1.005451682231653088e+01 2.715604692361842432e+00
5.827187078870319503e+00 8.419227202778461816e+00 2.070150106400761025e+00
6.638826128706195817e+00 8.456019491015581480e+00 1.719878970028751564e+00
7.563514225758552811e+00 6.741733747739052873e+00 1.288211546197528312e+00
8.616997392941321721e+00 5.567203262330115976e+00 9.840708668820461469e-01
9.817214836071872952e+00 4.226462379329906760e+00 7.268699889570851003e-01
1.118460442108735009e+01 2.965220948052758487e+00 5.237777323013907971e-01
1.274245069961824761e+01 2.691429396837970778e+00 4.234786603200563215e-01
1.451728140926205768e+01 1.841309151489834761e+00 3.085768501133415720e-01
1.653931920034971981e+01 1.424579158533375356e+00 2.391986864904995236e-01
1.884299628142029093e+01 1.019407944770772456e+00 1.833102919442484713e-01
2.146754074702852577e+01 8.486587132414902257e-01 1.498734066454205094e-01
2.445764457215044274e+01 6.532328744897550887e-01 1.217247194399751764e-01
2.786422464810916466e+01 4.041438181596137547e-01 9.617892611240412559e-02
3.174528981929791982e+01 3.277276099616317495e-01 8.270749708565548752e-02
3.616692868500850011e+01 2.074213281360302030e-01 6.997471890613789214e-02
4.120443498711833286e+01 1.469587979421413948e-01 6.199861167416557267e-02
4.694358974726586098e+01 9.854465122154110190e-02 5.607138422624399765e-02
