1.069642439726958605e+00 -1.237065849825570663e+00 nan
1.218627458003121777e+00 -7.628789631424393036e-01 2.335337618499317425e-01
1.388363836590320144e+00 -5.713727065479663469e-01 2.664941597632712877e-01
1.581741926207981042e+00 4.728895640790637955e-01 4.025544066336716464e-01
1.802054659727066133e+00 2.389030802362644756e+00 5.030889867235195378e-01
2.053053625776520175e+00 4.616238988139412136e+00 5.331065951392113256e-01
2.339012952555230562e+00 6.709677392720857725e+00 5.153130579640076148e-01
2.664802089693036891e+00 7.676700281933427128e+00 4.581235193680744389e-01
3.035968727524477995e+00 7.675475386117666332e+00 3.820387408160080267e-01
3.458833265763586962e+00 6.841747389467272455e+00 3.022983534287276286e-01
3.940596440236666886e+00 5.880077006792367555e+00 2.356389668208029864e-01
4.489461940391565875e+00 4.874520561707226030e+00 1.814072923830845896e-01
5.114776105571953835e+00 4.007667344918106167e+00 1.401005239508441025e-01
5.827187078870319503e+00 3.225932781577749875e+00 1.080362820415873976e-01
6.638826128706195817e+00 2.609480247067936354e+00 8.418470604363585685e-02
7.563514225758552811e+00 2.055759244102355332e+00 6.564037671203858115e-02
8.616997392941321721e+00 1.632362468048967230e+00 5.201706934033806934e-02
9.817214836071872952e+00 1.343423994014892653e+00 4.243762745236974443e-02
1.118460442108735009e+01 1.029151943919694556e+00 3.424951295604245632e-02
1.274245069961824761e+01 8.127000017728422954e-01 2.850650022874647027e-02
1.451728140926205768e+01 6.317510519014917225e-01 2.411737843127002151e-02
1.653931920034971981e+01 4.798211065253310537e-01 2.073013110420173638e-02
1.884299628142029093e+01 3.691211703885399764e-01 1.829810518403511554e-02
2.146754074702852577e+01 2.879315541140876622e-01 1.655700323976693963e-02
2.445764457215044274e+01 2.147707305839112735e-01 1.515204567555161579e-02
2.786422464810916466e+01 1.554569584800555848e-01 1.407937967894859650e-02
3.174528981929791982e+01 1.072984540775074880e-01 1.325687116835601830e-02
3.616692868500850011e+01 7.792120807364044666e-02 1.273476701866514162e-02
4.120443498711833286e+01 5.060917136147580209e-02 1.229490330456906207e-02
4.694358974726586098e+01 3.241633390938170045e-02 1.200007906137873226e-02
