1.069642439726958605e+00 -1.380512968431345300e+00 nan
1.218627458003121777e+00 -9.549638178480763795e-01 1.011498062960318883e-01
1.388363836590320144e+00 -7.284211848573687309e-01 2.108202938712542274e-01
1.581741926207981042e+00 4.502911969108400747e-01 3.970150055066386519e-01
1.802054659727066133e+00 2.026272456826153423e+00 4.723601750226689155e-01
2.053053625776520175e+00 4.337933526159376996e+00 5.163962959245130824e-01
2.339012952555230562e+00 6.413153153716757870e+00 5.019846612444553990e-01
2.664802089693036891e+00 7.939971027316923724e+00 4.625839428295330791e-01
3.035968727524477995e+00 7.366636864329054291e+00 3.725149521904452810e-01
3.458833265763586962e+00 7.058817363878444162e+00 3.050408823260357116e-01
3.940596440236666886e+00 5.952708622377478775e+00 2.356551202803248146e-01
4.489461940391565875e+00 4.946377337822042364e+00 1.816300286637978212e-01
5.114776105571953835e+00 4.076863415609030206e+00 1.404398159627127385e-01
5.827187078870319503e+00 3.197721530776725718e+00 1.070121853052780209e-01
6.638826128706195817e+00 2.541806425858833762e+00 8.275608768312599228e-02
7.563514225758552811e+00 2.033846472237438974e+00 6.499577449527116357e-02
8.616997392941321721e+00 1.625719615786686001e+00 5.166571895477387044e-02
9.817214836071872952e+00 1.333431790788712989e+00 4.210431899398296013e-02
1.118460442108735009e+01 1.035261730133569369e+00 3.416362541788858093e-02
1.274245069961824761e+01 8.112335243283048669e-01 2.836108769392605908e-02
1.451728140926205768e+01 6.294139301417194243e-01 2.398682626540543303e-02
1.653931920034971981e+01 4.993745696199798356e-01 2.087346970403972449e-02
1.884299628142029093e+01 3.759185679375642852e-01 1.830588013157038660e-02
2.146754074702852577e+01 2.799213868070193900e-01 1.640398683156360504e-02
2.445764457215044274e+01 2.137756593264101834e-01 1.508710209424763034e-02
2.786422464810916466e+01 1.546755079570716340e-01 1.402241373012950293e-02
3.174528981929791982e+01 1.103671681896225554e-01 1.324797437006849238e-02
3.616692868500850011e+01 8.193393029698947672e-02 1.273931454867071114e-02
4.120443498711833286e+01 5.423301646447620250e-02 1.229709812634631472e-02
4.694358974726586098e+01 3.726552122785187215e-02 1.201767028497612716e-02
