1.069642439726958605e+00 -1.385571192195166557e+00 nan
1.218627458003121777e+00 -9.181101678803758048e-01 2.071315687230445290e-01
1.388363836590320144e+00 -7.023900159899589823e-01 3.351359991471214439e-01
1.581741926207981042e+00 -5.314982214349448508e-01 3.424393009532961107e-01
1.802054659727066133e+00 2.879644631975475377e-02 4.173757815758322165e-01
2.053053625776520175e+00 2.552408402544659616e+00 6.372354887265831991e-01
2.339012952555230562e+00 5.245132105152162438e+00 6.952523988430214796e-01
2.664802089693036891e+00 7.222370135645667766e+00 6.672085487463014220e-01
3.035968727524477995e+00 7.830499771217990457e+00 5.753237280201946025e-01
3.458833265763586962e+00 7.670964353263020286e+00 4.741021318185160149e-01
3.940596440236666886e+00 6.967137195248444215e+00 3.777204811287803721e-01
4.489461940391565875e+00 5.771972430899218409e+00 2.891680490972384776e-01
5.114776105571953835e+00 4.806261424051095688e+00 2.232371156574774196e-01
5.827187078870319503e+00 3.932236024557586251e+00 1.721150567777581519e-01
6.638826128706195817e+00 3.155099058694112557e+00 1.323764430188812402e-01
7.563514225758552811e+00 2.533888777911451395e+00 1.029465113848510305e-01
8.616997392941321721e+00 2.026968947783838626e+00 8.075755712638049699e-02
9.817214836071872952e+00 1.596411815700241377e+00 6.373991264527024969e-02
1.118460442108735009e+01 1.314020383273441173e+00 5.200851319977588955e-02
1.274245069961824761e+01 9.960749212277748565e-01 4.179079219829383990e-02
1.451728140926205768e+01 7.873763161440909819e-01 3.482369334830789920e-02
1.653931920034971981e+01 6.194285689024132679e-01 2.957515409452407887e-02
1.884299628142029093e+01 4.882295619575778289e-01 2.566996814437635596e-02
2.146754074702852577e+01 3.654105391452846519e-01 2.249171635547605672e-02
2.445764457215044274e+01 2.608286815204545750e-01 2.000173258669731696e-02
2.786422464810916466e+01 2.032422789780212735e-01 1.848252843049830521e-02
3.174528981929791982e+01 1.486671073925971420e-01 1.722246745941343610e-02
3.616692868500850011e+01 1.025406453514903227e-01 1.623442611463518301e-02
4.120443498711833286e+01 6.906686511027815278e-02 1.553050867164771330e-02
4.694358974726586098e+01 4.978598826238500585e-02 1.510019469018994941e-02
