1.069642439726958605e+00 -5.476006319719477489e-01 6.003606443684884830e+00
1.218627458003121777e+00 -6.881508572835839388e-01 3.787886101159860797e+00
1.388363836590320144e+00 -1.360228353036729843e+00 nan
1.581741926207981042e+00 -1.560955836936380514e+00 nan
1.802054659727066133e+00 -6.989944058790136250e-01 2.114434413809417546e+00
2.053053625776520175e+00 -8.303406659294192416e-01 1.301046934923674625e+00
2.339012952555230562e+00 -1.035590634287211209e+00 nan
2.664802089693036891e+00 6.958077898920536075e-01 2.797534326871920829e+00
3.035968727524477995e+00 3.531789627277674981e+00 3.776355604217339845e+00
3.458833265763586962e+00 3.168703923689299540e+00 2.982382284008509465e+00
3.940596440236666886e+00 7.575008173560546787e+00 3.526380541959378778e+00
4.489461940391565875e+00 8.706315254885458543e+00 3.091664105922231176e+00
5.114776105571953835e+00 9.218176644644639595e+00 2.620146487753090447e+00
5.827187078870319503e+00 9.457388132930635294e+00 2.196079733557264380e+00
6.638826128706195817e+00 1.011283678843854972e+01 1.882235131957062491e+00
7.563514225758552811e+00 6.028276208891595545e+00 1.229324894249806288e+00
8.616997392941321721e+00 6.157479728536104702e+00 1.035846746053791012e+00
9.817214836071872952e+00 3.912702073578601780e+00 7.059068213749075671e-01
1.118460442108735009e+01 3.201327709256767573e+00 5.432851939883447390e-01
1.274245069961824761e+01 2.317276242049620905e+00 4.003692560719541715e-01
1.451728140926205768e+01 2.214273446062208439e+00 3.330058131060681936e-01
1.653931920034971981e+01 1.645102955452205640e+00 2.530672847357026134e-01
1.884299628142029093e+01 1.230674941636613617e+00 1.957234037308080432e-01
2.146754074702852577e+01 8.883757671121796928e-01 1.525543653739740713e-01
2.445764457215044274e+01 7.755052321613042920e-01 1.282252592626364207e-01
2.786422464810916466e+01 4.872356146704244217e-01 1.005101156718650190e-01
3.174528981929791982e+01 3.108749506540720020e-01 8.223226914478612426e-02
3.616692868500850011e+01 2.472857130160890371e-01 7.201002294588614017e-02
4.120443498711833286e+01 1.949875246694339204e-01 6.432273660673500093e-02
4.694358974726586098e+01 1.492184460468855001e-01 5.845770251244161025e-02
