1.069642439726958605e+00 -1.759385801497175272e+00 nan
1.218627458003121777e+00 -1.951423391050466360e-01 6.103298608638833223e+00
1.388363836590320144e+00 -1.295440898327432588e+00 nan
1.581741926207981042e+00 -8.550216818956173359e-01 1.790091513652064092e+00
1.802054659727066133e+00 -1.250557809348562976e+00 nan
2.053053625776520175e+00 -7.493393915536670224e-01 1.586085223276908485e+00
2.339012952555230562e+00 -8.243910379335872562e-01 1.087017234054259651e+00
2.664802089693036891e+00 -1.066537698612066709e+00 nan
3.035968727524477995e+00 -9.701900838576240638e-01 3.067736967334643294e-01
3.458833265763586962e+00 1.099789464072256973e+00 2.120972981527905699e+00
3.940596440236666886e+00 6.741752397678730802e+00 3.358691115305744379e+00
4.489461940391565875e+00 1.192585461287618998e+01 3.588946823944506814e+00
5.114776105571953835e+00 1.230639653296884717e+01 3.011367459220452236e+00
5.827187078870319503e+00 1.034648621253080059e+01 2.298204806323886018e+00
6.638826128706195817e+00 8.886203772723728633e+00 1.774033171518454299e+00
7.563514225758552811e+00 6.289039674330112462e+00 1.256900956617053478e+00
8.616997392941321721e+00 5.227749171293277541e+00 9.633799205322711723e-01
9.817214836071872952e+00 4.315314243762259139e+00 7.390224803098135453e-01
1.118460442108735009e+01 3.191730815998657711e+00 5.441040842660056498e-01
1.274245069961824761e+01 2.392043509839774540e+00 4.065517142404754813e-01
1.451728140926205768e+01 2.320204467516895797e+00 3.403203524164454263e-01
1.653931920034971981e+01 1.523115580954695458e+00 2.466598137430615068e-01
1.884299628142029093e+01 1.087806793203100808e+00 1.883764268930254726e-01
2.146754074702852577e+01 9.730017982789211928e-01 1.573182510736178541e-01
2.445764457215044274e+01 7.367350439618973734e-01 1.266313024653811792e-01
2.786422464810916466e+01 4.771493877345913681e-01 1.002656859664306926e-01
3.174528981929791982e+01 3.678546950091257095e-01 8.504531897150467701e-02
3.616692868500850011e+01 2.778025626750808552e-01 7.353487383285743639e-02
4.120443498711833286e+01 2.010275489544006700e-01 6.471838020082393284e-02
4.694358974726586098e+01 1.188339392166073427e-01 5.723941690760295936e-02
