1.069642439726958605e+00 -1.017148508554498232e+00 nan
1.218627458003121777e+00 -1.021421643280393976e+00 nan
1.388363836590320144e+00 -8.877482915860879231e-01 3.326978443550884790e-01
1.581741926207981042e+00 -8.110151505300766672e-01 3.515307214950545989e-01
1.802054659727066133e+00 -3.497905575207747031e-01 5.361821344370925058e-01
2.053053625776520175e+00 7.344027296920849768e-01 7.182277734123811985e-01
2.339012952555230562e+00 1.891186156100785443e+00 7.603354424089668884e-01
2.664802089693036891e+00 4.548802145540499886e+00 8.782382406720001811e-01
3.035968727524477995e+00 6.700297054915523631e+00 8.591039912979929749e-01
3.458833265763586962e+00 8.513297554922061749e+00 7.941842433289352243e-01
3.940596440236666886e+00 8.209742095913785676e+00 6.482058667071570746e-01
4.489461940391565875e+00 7.368240735255328744e+00 5.129464526026741300e-01
5.114776105571953835e+00 5.884294634144782599e+00 3.858745367981374907e-01
5.827187078870319503e+00 4.532862309196220352e+00 2.872659615138714040e-01
6.638826128706195817e+00 3.995291949598448689e+00 2.286963652349990050e-01
7.563514225758552811e+00 3.030599027518518618e+00 1.715212041532271914e-01
8.616997392941321721e+00 2.388247935493492680e+00 1.320851268455275340e-01
9.817214836071872952e+00 1.987394756120357542e+00 1.051668887759725779e-01
1.118460442108735009e+01 1.531559214740327857e+00 8.218443362777461125e-02
1.274245069961824761e+01 1.251471986555553695e+00 6.667709154321115050e-02
1.451728140926205768e+01 9.401519456203559777e-01 5.339590525719897091e-02
1.653931920034971981e+01 7.052445458006622037e-01 4.369616386891410353e-02
1.884299628142029093e+01 5.400904019708172576e-01 3.682057274326216989e-02
2.146754074702852577e+01 4.358160720108577024e-01 3.218757034650272797e-02
2.445764457215044274e+01 3.247654086694451436e-01 2.821963092399022016e-02
2.786422464810916466e+01 2.375940750481064789e-01 2.526380431985922673e-02
3.174528981929791982e+01 1.644053291234524039e-01 2.297771865585113149e-02
3.616692868500850011e+01 1.130298477385487388e-01 2.138102053770477712e-02
4.120443498711833286e+01 7.071552851381102123e-02 2.015510812676863522e-02
4.694358974726586098e+01 5.029647531847292186e-02 1.946799719734043296e-02
