1.069642439726958605e+00 -1.261505237019117320e+00 nan
1.218627458003121777e+00 -8.191431077460586963e-01 2.039618357949534722e-01
1.388363836590320144e+00 -6.068316174712364841e-01 2.552435018150169821e-01
1.581741926207981042e+00 5.914744793151602842e-01 4.184982820632062728e-01
1.802054659727066133e+00 2.280306651964017828e+00 4.949330929719994443e-01
2.053053625776520175e+00 4.527779381571470196e+00 5.288596306010582282e-01
2.339012952555230562e+00 6.608054567450814432e+00 5.118341575615592554e-01
2.664802089693036891e+00 7.723530370526723310e+00 4.594408957240750380e-01
3.035968727524477995e+00 7.794031868440535860e+00 3.848381067247912402e-01
3.458833265763586962e+00 7.174484541261967330e+00 3.092380689972899499e-01
3.940596440236666886e+00 5.895827472446663720e+00 2.359508525238784571e-01
4.489461940391565875e+00 4.960558958177090361e+00 1.829239573983126033e-01
5.114776105571953835e+00 4.137141658062612137e+00 1.422139502880161999e-01
5.827187078870319503e+00 3.187473456212600365e+00 1.074506903982766909e-01
6.638826128706195817e+00 2.641766419167403956e+00 8.465547444986139258e-02
7.563514225758552811e+00 2.100419524496655033e+00 6.625844966683737403e-02
8.616997392941321721e+00 1.662596104190607216e+00 5.241801446712045925e-02
9.817214836071872952e+00 1.324676486817320864e+00 4.220178259926932879e-02
1.118460442108735009e+01 1.052583540675667839e+00 3.453948408304134687e-02
1.274245069961824761e+01 8.243589102050876694e-01 2.864785573635564297e-02
1.451728140926205768e+01 6.246944847062072537e-01 2.403486477897210163e-02
1.653931920034971981e+01 4.868764173961892539e-01 2.081329052119786083e-02
1.884299628142029093e+01 3.702191466858559821e-01 1.831145684752441202e-02
2.146754074702852577e+01 2.849326207934612665e-01 1.652298946940335134e-02
2.445764457215044274e+01 2.100033023520799791e-01 1.509775204502526724e-02
2.786422464810916466e+01 1.557440792508542060e-01 1.408310213858496307e-02
3.174528981929791982e+01 1.138591361656373646e-01 1.333243616364002994e-02
3.616692868500850011e+01 8.259615936642772382e-02 1.278867429676290059e-02
4.120443498711833286e+01 5.908079769317242658e-02 1.239224724612203628e-02
4.694358974726586098e+01 4.175052825733049922e-02 1.210727252846222068e-02
