1.069642439726958605e+00 3.460369959540199325e-02 2.548928584033395239e+01
1.218627458003121777e+00 -1.230034412252936526e+00 nan
1.388363836590320144e+00 -1.409242828429816630e+00 nan
1.581741926207981042e+00 -6.501950585175553243e-02 1.272542032665762690e+01
1.802054659727066133e+00 -1.609596268957498744e+00 nan
2.053053625776520175e+00 -8.803972944777038734e-02 8.468727485153273449e+00
2.339012952555230562e+00 -1.026285241593420494e+00 nan
2.664802089693036891e+00 -6.765149444272462453e-01 3.429226942953618629e+00
3.035968727524477995e+00 -1.129665255077488606e+00 nan
3.458833265763586962e+00 -1.009337012020909530e+00 nan
3.940596440236666886e+00 2.639369020921054076e+00 6.419714851470136097e+00
4.489461940391565875e+00 6.558374714394913596e+00 7.608761526295931610e+00
5.114776105571953835e+00 4.251531925634454367e+00 5.212472298673375803e+00
5.827187078870319503e+00 1.062430728111349865e+01 6.417366082367092162e+00
6.638826128706195817e+00 9.979839651000911971e+00 5.141537257209693124e+00
7.563514225758552811e+00 1.119096962366319126e+01 4.492568408696099524e+00
8.616997392941321721e+00 7.606352665176291161e+00 3.107226100567559435e+00
9.817214836071872952e+00 7.012033372647677787e+00 2.482856704347533583e+00
1.118460442108735009e+01 6.093551377314033068e+00 1.937645262595904416e+00
1.274245069961824761e+01 3.732041718182101508e+00 1.299811590033669084e+00
1.451728140926205768e+01 2.983818576637276454e+00 9.893723344792676455e-01
1.653931920034971981e+01 2.626589945860326125e+00 7.876574407028151814e-01
1.884299628142029093e+01 1.646258822250299403e+00 5.553434557985572617e-01
2.146754074702852577e+01 1.264285675815311372e+00 4.291527958219423788e-01
2.445764457215044274e+01 7.643368795943314975e-01 3.149896510995480736e-01
2.786422464810916466e+01 6.103229978903226272e-01 2.544136992509321016e-01
3.174528981929791982e+01 4.907054005535418373e-01 2.088768105206889880e-01
3.616692868500850011e+01 2.926465415624601718e-01 1.658358969357908441e-01
4.120443498711833286e+01 1.386066001301691220e-01 1.339540912926674432e-01
4.694358974726586098e+01 1.181141787690638267e-01 1.180758276690077047e-01
