1.069642439726958605e+00 -1.111234426579613466e+00 nan
1.218627458003121777e+00 -8.678815011270031299e-01 1.749696881983294761e-01
1.388363836590320144e+00 -7.568893830939953382e-01 2.014406689160407049e-01
1.581741926207981042e+00 4.791094063706760053e-01 4.049200089846346495e-01
1.802054659727066133e+00 2.429886993672924600e+00 5.080272969549575190e-01
2.053053625776520175e+00 4.727379595617740904e+00 5.404419945570489991e-01
2.339012952555230562e+00 6.142508023902859549e+00 4.972980050136944774e-01
2.664802089693036891e+00 7.478991401758682045e+00 4.542937463259146824e-01
3.035968727524477995e+00 7.374408561410259466e+00 3.762741481628645301e-01
3.458833265763586962e+00 6.843319157953516196e+00 3.034176514035532568e-01
3.940596440236666886e+00 5.847718172364781530e+00 2.358567213805363438e-01
4.489461940391565875e+00 5.038366308842695318e+00 1.849156825664794723e-01
5.114776105571953835e+00 4.127033146794500951e+00 1.425313226352084295e-01
5.827187078870319503e+00 3.254787817622177393e+00 1.088453215251993511e-01
6.638826128706195817e+00 2.574276291813890172e+00 8.395163752923956446e-02
7.563514225758552811e+00 2.056295648056614578e+00 6.585949240774498226e-02
8.616997392941321721e+00 1.647085376614063623e+00 5.237445482117306789e-02
9.817214836071872952e+00 1.308545263629754318e+00 4.212181411309168233e-02
1.118460442108735009e+01 1.050114897961019755e+00 3.460736028298200956e-02
1.274245069961824761e+01 8.209441328517088632e-01 2.868461826842880549e-02
1.451728140926205768e+01 6.294923485012187125e-01 2.415407447990441242e-02
1.653931920034971981e+01 4.940375754937094133e-01 2.094838759451811416e-02
1.884299628142029093e+01 3.702577211362199083e-01 1.835483524566906485e-02
2.146754074702852577e+01 2.934977713556330414e-01 1.665881546141577060e-02
2.445764457215044274e+01 2.073373270469220930e-01 1.509943837718269802e-02
2.786422464810916466e+01 1.554296820269946977e-01 1.410862069715645810e-02
3.174528981929791982e+01 1.111406375456585049e-01 1.332801447844865830e-02
3.616692868500850011e+01 7.997102251756760261e-02 1.278366801607221624e-02
4.120443498711833286e+01 5.077441549542505150e-02 1.232088841084815097e-02
4.694358974726586098e+01 3.192927138082635174e-02 1.201770883654961451e-02
