1.069642439726958605e+00 -9.141979072053354471e-01 7.277266695366281013e+00
1.218627458003121777e+00 -1.210867807936194307e+00 nan
1.388363836590320144e+00 -5.923573141921176788e-01 1.022992965792443520e+01
1.581741926207981042e+00 -1.771648044692737400e+00 nan
1.802054659727066133e+00 -1.141104073909559258e+00 nan
2.053053625776520175e+00 -6.779595655686430078e-01 4.989159286403115345e+00
2.339012952555230562e+00 -8.883376232121444893e-01 2.405484224573984253e+00
2.664802089693036891e+00 -8.283162760949818182e-01 2.476734252101107092e+00
3.035968727524477995e+00 -8.474411368847423187e-01 1.925988932337083348e+00
3.458833265763586962e+00 4.638365432701237800e+00 9.645063646527480827e+00
3.940596440236666886e+00 6.426275929180357060e+00 9.099602816404225081e+00
4.489461940391565875e+00 1.623449356002165445e+01 1.142861348391740250e+01
5.114776105571953835e+00 1.075153273090870520e+01 7.755949274682933492e+00
5.827187078870319503e+00 8.041405827834699593e+00 5.600692298622122145e+00
6.638826128706195817e+00 8.983531975204277487e+00 4.855794458172319139e+00
7.563514225758552811e+00 9.489009606672984987e+00 4.120893084157210673e+00
8.616997392941321721e+00 8.482214315254656967e+00 3.240642271836569943e+00
9.817214836071872952e+00 6.643711616369012418e+00 2.401811932046502118e+00
1.118460442108735009e+01 4.338164130249364980e+00 1.652382274206155799e+00
1.274245069961824761e+01 3.816625990661847379e+00 1.301299801402058032e+00
1.451728140926205768e+01 2.146965091723887831e+00 8.642762946474870089e-01
1.653931920034971981e+01 2.659174822324288812e+00 7.851531955870835189e-01
1.884299628142029093e+01 1.419779252895694288e+00 5.240624295137049637e-01
2.146754074702852577e+01 1.031334246474719052e+00 4.001993754808751413e-01
2.445764457215044274e+01 1.030008136470295987e+00 3.393292156427678563e-01
2.786422464810916466e+01 8.821081938593002825e-01 2.777189552225649560e-01
3.174528981929791982e+01 1.545939034518337696e-01 1.768866738121010751e-01
3.616692868500850011e+01 1.668923140234988001e-01 1.539845069739109173e-01
4.120443498711833286e+01 5.904456820142822693e-02 1.265823318427654054e-01
4.694358974726586098e+01 7.892397747839807742e-02 1.142732089847750404e-01
