1.069642439726958605e+00 -1.645305938557269254e+00 nan
1.218627458003121777e+00 -8.537689305613509472e-01 4.483228849176317254e-01
1.388363836590320144e+00 -1.039827952579120307e+00 nan
1.581741926207981042e+00 -1.073950381679389388e+00 nan
1.802054659727066133e+00 -8.340601907683824479e-01 2.713575175263415185e-01
2.053053625776520175e+00 -1.046151242286250671e-01 5.168359764042779192e-01
2.339012952555230562e+00 2.739388407598553954e+00 8.669940929195164570e-01
2.664802089693036891e+00 5.229197732985268132e+00 9.330804907796014236e-01
3.035968727524477995e+00 7.002222115792709367e+00 8.779330119569288549e-01
3.458833265763586962e+00 7.873723428371643074e+00 7.673201572381909141e-01
3.940596440236666886e+00 7.787792313406855627e+00 6.334563524529936984e-01
4.489461940391565875e+00 6.787858803579799094e+00 4.943126888487756609e-01
5.114776105571953835e+00 5.847382343871433186e+00 3.854550990238294061e-01
5.827187078870319503e+00 4.824719854909333527e+00 2.962133728475965788e-01
6.638826128706195817e+00 3.765723998124175242e+00 2.230027399521253562e-01
7.563514225758552811e+00 3.201687777336628127e+00 1.760940296640666203e-01
8.616997392941321721e+00 2.473002384979946289e+00 1.343146961817202889e-01
9.817214836071872952e+00 1.923439847320415286e+00 1.039263483921369219e-01
1.118460442108735009e+01 1.464698003157808515e+00 8.090220549950997986e-02
1.274245069961824761e+01 1.243304274604797310e+00 6.661950482079408153e-02
1.451728140926205768e+01 9.142766034755740456e-01 5.297175785962086880e-02
1.653931920034971981e+01 7.141677764711273912e-01 4.393159944445284432e-02
1.884299628142029093e+01 5.298054502070490557e-01 3.668100096220693745e-02
2.146754074702852577e+01 4.112965519012585780e-01 3.178063174356995230e-02
2.445764457215044274e+01 3.023046541258758158e-01 2.784746374478928865e-02
2.786422464810916466e+01 2.322521368805274822e-01 2.519810743555229993e-02
3.174528981929791982e+01 1.757961114743475939e-01 2.320931287753338554e-02
3.616692868500850011e+01 1.112725196472952316e-01 2.137342020493949307e-02
4.120443498711833286e+01 8.214813449266422651e-02 2.038182798601051449e-02
4.694358974726586098e+01 5.361050826129787339e-02 1.954790179645159165e-02
