1.069642439726958605e+00 -1.452587698583844844e+00 nan
1.218627458003121777e+00 -7.017335714635271060e-01 3.942956597747872549e-01
1.388363836590320144e+00 -8.922615870369634550e-01 2.011091151995369752e-01
1.581741926207981042e+00 -3.850573829150372163e-01 3.913284118242875698e-01
1.802054659727066133e+00 6.371328005871266242e-01 5.253279113999909100e-01
2.053053625776520175e+00 2.459326655418736074e+00 6.271528790600195968e-01
2.339012952555230562e+00 4.718076563861191453e+00 6.631061387743151236e-01
2.664802089693036891e+00 6.172667666479945581e+00 6.203758583743219646e-01
3.035968727524477995e+00 7.944086737670597920e+00 5.777169329645124307e-01
3.458833265763586962e+00 8.206126818800747458e+00 4.882830091449231746e-01
3.940596440236666886e+00 6.662971881778434025e+00 3.688978614142912615e-01
4.489461940391565875e+00 6.093275228051178161e+00 2.959819348666123950e-01
5.114776105571953835e+00 4.862829777231787887e+00 2.239244631199880375e-01
5.827187078870319503e+00 3.933579234546595860e+00 1.717315612434583971e-01
6.638826128706195817e+00 3.120194652489889364e+00 1.314023983916408345e-01
7.563514225758552811e+00 2.560074351923598890e+00 1.031792815436634037e-01
8.616997392941321721e+00 2.031332919109453350e+00 8.065120341683405802e-02
9.817214836071872952e+00 1.635656054888275701e+00 6.423937822243375173e-02
1.118460442108735009e+01 1.280839098537067899e+00 5.138138535029114495e-02
1.274245069961824761e+01 1.005015180952524290e+00 4.184230295864772853e-02
1.451728140926205768e+01 7.895939435042178545e-01 3.478961347065590709e-02
1.653931920034971981e+01 5.881201037399668152e-01 2.906614116130578837e-02
1.884299628142029093e+01 4.524339337135263595e-01 2.511204952732350518e-02
2.146754074702852577e+01 3.461510709821109533e-01 2.218068385106755289e-02
2.445764457215044274e+01 2.639612756777776070e-01 2.001449845303604133e-02
2.786422464810916466e+01 1.898956771231607998e-01 1.826645895355179933e-02
3.174528981929791982e+01 1.373140331019622185e-01 1.703763096570329663e-02
3.616692868500850011e+01 8.842488003288662135e-02 1.601302891126196726e-02
4.120443498711833286e+01 6.520422053427132880e-02 1.545478605540793332e-02
4.694358974726586098e+01 4.579453712577552515e-02 1.502363859864727993e-02
