1.069642439726958605e+00 -2.264132677849023167e+00 nan
1.218627458003121777e+00 -1.083432527970109582e+00 nan
1.388363836590320144e+00 -6.434849547376644274e-01 3.434012162598257145e+00
1.581741926207981042e+00 -9.900107991360689308e-01 4.680672380667184052e-01
1.802054659727066133e+00 -8.895827009363432847e-01 1.279434675504917740e+00
2.053053625776520175e+00 -1.344970126556658041e+00 nan
2.339012952555230562e+00 -1.206787806264952856e+00 nan
2.664802089693036891e+00 -8.298376934331812560e-01 8.850820461717904264e-01
3.035968727524477995e+00 -6.354761781392159747e-03 1.764813076833460448e+00
3.458833265763586962e+00 2.551698400808085410e+00 2.749557716288371090e+00
3.940596440236666886e+00 8.013433976026869132e+00 3.613089813804670314e+00
4.489461940391565875e+00 8.005223100639359046e+00 2.973218913264865204e+00
5.114776105571953835e+00 9.837337072253665937e+00 2.698201892878865582e+00
5.827187078870319503e+00 9.584979056947389608e+00 2.208000256305320708e+00
6.638826128706195817e+00 8.588896912374387682e+00 1.739093138487249002e+00
7.563514225758552811e+00 6.953646448202124297e+00 1.311781953523787347e+00
8.616997392941321721e+00 5.936446792935612393e+00 1.017431005596738158e+00
9.817214836071872952e+00 3.943935269373913144e+00 7.077230851916146426e-01
1.118460442108735009e+01 3.406705390584968463e+00 5.574241142682073713e-01
1.274245069961824761e+01 2.880509763701452286e+00 4.373020367770255046e-01
1.451728140926205768e+01 1.701394260652632662e+00 3.007922090889363909e-01
1.653931920034971981e+01 1.388358090564199898e+00 2.378978226201446944e-01
1.884299628142029093e+01 1.231347395528714195e+00 1.956006012033533192e-01
2.146754074702852577e+01 8.463285684924792829e-01 1.502490599871573740e-01
2.445764457215044274e+01 6.759173818402626210e-01 1.232351524095832707e-01
2.786422464810916466e+01 5.024579844232346382e-01 1.011581320765606307e-01
3.174528981929791982e+01 3.532849607145662763e-01 8.412663091699283668e-02
3.616692868500850011e+01 2.658710634597121203e-01 7.279581934158756151e-02
4.120443498711833286e+01 1.764093346914055171e-01 6.346260406545389809e-02
4.694358974726586098e+01 1.203814876644322407e-01 5.716452836090568645e-02
