1.069642439726958605e+00 -1.384942376065428249e+00 nan
1.218627458003121777e+00 -1.055333075533566145e+00 nan
1.388363836590320144e+00 -9.000174053977336719e-01 1.941880753138705840e-01
1.581741926207981042e+00 -7.812770744101400489e-01 2.338933075032970377e-01
1.802054659727066133e+00 6.418940213232735559e-01 5.273222748975466834e-01
2.053053625776520175e+00 2.395082049698517679e+00 6.227165146464552770e-01
2.339012952555230562e+00 5.174694421086998730e+00 6.910774887041898351e-01
2.664802089693036891e+00 6.282235980693057442e+00 6.266652093168743054e-01
3.035968727524477995e+00 7.862091533666763610e+00 5.762515829830316960e-01
3.458833265763586962e+00 7.355547392429754083e+00 4.647203782538510408e-01
3.940596440236666886e+00 7.225584903507417778e+00 3.842486154598180326e-01
4.489461940391565875e+00 6.109434905732295640e+00 2.970110700098415601e-01
5.114776105571953835e+00 4.789801314193316450e+00 2.228233622421056659e-01
5.827187078870319503e+00 3.983250489220527157e+00 1.731061902490065862e-01
6.638826128706195817e+00 3.170050515251666923e+00 1.326293212079439621e-01
7.563514225758552811e+00 2.565647108258052533e+00 1.034921870121972148e-01
8.616997392941321721e+00 2.010712669063521307e+00 8.046202725686736612e-02
9.817214836071872952e+00 1.527851927657060127e+00 6.260583983807202491e-02
1.118460442108735009e+01 1.259523665934629832e+00 5.114411530127646599e-02
1.274245069961824761e+01 9.743288388128397148e-01 4.145178606192183313e-02
1.451728140926205768e+01 7.615687511062760873e-01 3.443437829639633269e-02
1.653931920034971981e+01 6.152416049241822282e-01 2.950877346508419194e-02
1.884299628142029093e+01 4.328697053570935704e-01 2.487027141582477674e-02
2.146754074702852577e+01 3.350230764013757412e-01 2.205522965262148027e-02
2.445764457215044274e+01 2.563883517234666343e-01 1.993564344506545613e-02
2.786422464810916466e+01 1.854558393383838322e-01 1.822862549990957384e-02
3.174528981929791982e+01 1.341764033677728118e-01 1.701575604086620272e-02
3.616692868500850011e+01 9.608921964679972838e-02 1.614129228171637398e-02
4.120443498711833286e+01 6.817810072796537391e-02 1.551582981394241355e-02
4.694358974726586098e+01 4.203733375910423398e-02 1.498913944197050388e-02
