1.069642439726958605e+00 -1.379454342984409720e+00 nan
1.218627458003121777e+00 -1.198585209003215635e+00 nan
1.388363836590320144e+00 -9.793886058360350422e-01 2.287519601454248708e+00
1.581741926207981042e+00 -1.100000000000000089e+00 nan
1.802054659727066133e+00 -4.194727008511522914e-01 8.127669815516197716e+00
2.053053625776520175e+00 -4.898549714126343435e-01 6.244558964784927113e+00
2.339012952555230562e+00 -9.577552356020946345e-01 1.471343373463502857e+00
2.664802089693036891e+00 -1.148733320440920469e+00 nan
3.035968727524477995e+00 -5.934703456746799333e-01 3.126604788105523891e+00
3.458833265763586962e+00 -1.146083558672332359e+00 nan
3.940596440236666886e+00 6.320917172352883640e+00 8.984484782334238417e+00
4.489461940391565875e+00 1.147349463785705481e+01 9.653261669383365273e+00
5.114776105571953835e+00 9.081717165616270293e+00 7.138085054077430769e+00
5.827187078870319503e+00 1.363273670821727457e+01 7.115246417719240490e+00
6.638826128706195817e+00 1.203695804081572263e+01 5.536860469819328223e+00
7.563514225758552811e+00 9.193544792877467842e+00 4.038329134789549357e+00
8.616997392941321721e+00 5.931364301755153612e+00 2.739117454660232820e+00
9.817214836071872952e+00 7.511120991390238366e+00 2.528212811599848120e+00
1.118460442108735009e+01 4.137755635155169642e+00 1.610664463362433629e+00
1.274245069961824761e+01 3.222875143611800830e+00 1.206608533152715212e+00
1.451728140926205768e+01 2.623618545027098570e+00 9.272344272589265746e-01
1.653931920034971981e+01 1.742699617583349792e+00 6.665888426244040987e-01
1.884299628142029093e+01 1.956357516340396785e+00 5.832344782690472851e-01
2.146754074702852577e+01 1.786610485724771991e+00 4.777326048637391964e-01
2.445764457215044274e+01 6.773366039127179938e-01 3.019096851059459574e-01
2.786422464810916466e+01 5.120612674839397638e-01 2.418439165375448341e-01
3.174528981929791982e+01 2.819884767500278056e-01 1.877123256719481492e-01
3.616692868500850011e+01 3.330663138729612616e-01 1.672364127042271498e-01
4.120443498711833286e+01 2.761263291764812777e-01 1.433619836329154129e-01
4.694358974726586098e+01 1.649328874239881504e-01 1.203857496124595139e-01
