1.069642439726958605e+00 -9.151705687435491843e-01 2.632215491068726543e+00
1.218627458003121777e+00 -1.211991216375186031e+00 nan
1.388363836590320144e+00 -6.655830951547123675e-01 3.370603823065720039e+00
1.581741926207981042e+00 -1.304878048780487632e+00 nan
1.802054659727066133e+00 -1.109734578246758030e+00 nan
2.053053625776520175e+00 -1.136670056562509856e+00 nan
2.339012952555230562e+00 -9.002601838845614157e-01 8.270188690866333570e-01
2.664802089693036891e+00 2.780998399890510786e-01 2.458841344067419943e+00
3.035968727524477995e+00 1.217720161705211801e+00 2.672948494343864834e+00
3.458833265763586962e+00 1.829235643914632892e+00 2.486204235922648831e+00
3.940596440236666886e+00 7.716099516605426700e+00 3.599822336126318412e+00
4.489461940391565875e+00 8.258079242264461328e+00 3.055584861847538303e+00
5.114776105571953835e+00 9.985238499270472801e+00 2.753088644493567827e+00
5.827187078870319503e+00 1.193575001172689554e+01 2.484532127103203258e+00
6.638826128706195817e+00 8.296232817741639565e+00 1.733253779294941843e+00
7.563514225758552811e+00 7.373180125744677404e+00 1.365831362014414463e+00
8.616997392941321721e+00 6.564859335973527443e+00 1.080327970943053328e+00
9.817214836071872952e+00 3.949209782530575197e+00 7.172261743336393325e-01
1.118460442108735009e+01 3.584905810813104221e+00 5.771159110197421338e-01
1.274245069961824761e+01 2.376311656574317865e+00 4.091043989955629456e-01
1.451728140926205768e+01 2.113286614009851405e+00 3.305873400960797071e-01
1.653931920034971981e+01 1.684349971088399123e+00 2.581868553118296106e-01
1.884299628142029093e+01 1.275476037391662043e+00 2.003319354751367243e-01
2.146754074702852577e+01 8.483295129765875409e-01 1.520919111463930051e-01
2.445764457215044274e+01 5.664386475456477665e-01 1.191266556072875932e-01
2.786422464810916466e+01 4.178781902985970742e-01 9.818157324090559523e-02
3.174528981929791982e+01 2.788009305729435283e-01 8.152582102550089138e-02
3.616692868500850011e+01 2.162639037271871789e-01 7.125567442963062770e-02
4.120443498711833286e+01 1.295973665403611363e-01 6.196132091315720292e-02
4.694358974726586098e+01 7.053646807034041899e-02 5.546678010588607100e-02
