1.069642439726958605e+00 -9.442769664193868540e-01 5.956750794432406515e+00
1.218627458003121777e+00 -1.526309717460045956e+00 nan
1.388363836590320144e+00 -1.021723848824235059e+00 nan
1.581741926207981042e+00 -7.427433435181143295e-01 6.721603694151838226e+00
1.802054659727066133e+00 -1.084134132469691814e+00 nan
2.053053625776520175e+00 -6.434576533190787817e-01 5.332132195604898151e+00
2.339012952555230562e+00 -2.242619080810184240e-01 6.440113025583062978e+00
2.664802089693036891e+00 -9.414569940256245495e-01 1.468999147288158280e+00
3.035968727524477995e+00 -9.530618641006114444e-01 1.085090216114927397e+00
3.458833265763586962e+00 -1.010399600005307263e+00 nan
3.940596440236666886e+00 2.791089663991315195e+00 6.598122757536021510e+00
4.489461940391565875e+00 4.004360700988025989e+00 6.228954309188557303e+00
5.114776105571953835e+00 6.065894822611044290e+00 6.093861264252711685e+00
5.827187078870319503e+00 8.405609913072357386e+00 5.803106356088084006e+00
6.638826128706195817e+00 1.168505813161499951e+01 5.574703161095678539e+00
7.563514225758552811e+00 8.174495564767582323e+00 3.905514138674325064e+00
8.616997392941321721e+00 7.785643989351637373e+00 3.162222033156785628e+00
9.817214836071872952e+00 8.341936019934218294e+00 2.711259837750793711e+00
1.118460442108735009e+01 4.658819313898624692e+00 1.730055012968172212e+00
1.274245069961824761e+01 3.919648820017821222e+00 1.336076465449592909e+00
1.451728140926205768e+01 2.684940894165852132e+00 9.548866322892494152e-01
1.653931920034971981e+01 1.822511530978486061e+00 6.909102747055816396e-01
1.884299628142029093e+01 1.677208377333798905e+00 5.626387510824527594e-01
2.146754074702852577e+01 1.059671157242906947e+00 4.092673675346462647e-01
2.445764457215044274e+01 7.178384064585610069e-01 3.121356218979219888e-01
2.786422464810916466e+01 4.856737589393069765e-01 2.439174957787683395e-01
3.174528981929791982e+01 5.113646722105351650e-01 2.119797358756927153e-01
3.616692868500850011e+01 3.880207679665708120e-01 1.748496799254607159e-01
4.120443498711833286e+01 1.683063951588048557e-01 1.371238004761199114e-01
4.694358974726586098e+01 1.132734208624384120e-01 1.183316201019086744e-01
