1.069642439726958605e+00 -1.248447253677969382e+00 nan
1.218627458003121777e+00 -6.362710022191022663e-01 4.348825978294766914e-01
1.388363836590320144e+00 -1.030077174487406211e+00 nan
1.581741926207981042e+00 -4.755479722551054778e-01 3.609269894300048964e-01
1.802054659727066133e+00 5.392969921356858265e-01 5.087251426026991874e-01
2.053053625776520175e+00 2.275066301616320619e+00 6.093651951680423284e-01
2.339012952555230562e+00 4.944709642019848417e+00 6.754785300993412234e-01
2.664802089693036891e+00 6.446741864111741549e+00 6.316574080580937833e-01
3.035968727524477995e+00 7.476155921186959930e+00 5.610206743718368916e-01
3.458833265763586962e+00 7.581854725795975192e+00 4.697475520505247082e-01
3.940596440236666886e+00 6.984592708947068296e+00 3.767818490205863680e-01
4.489461940391565875e+00 5.703630609121445261e+00 2.865025438152628556e-01
5.114776105571953835e+00 4.821913751678348348e+00 2.227768619725903343e-01
5.827187078870319503e+00 4.010164494430627613e+00 1.730795004175372798e-01
6.638826128706195817e+00 3.076869478476226938e+00 1.304291272444303429e-01
7.563514225758552811e+00 2.477274047195128670e+00 1.015812811499028218e-01
8.616997392941321721e+00 1.926919081134253808e+00 7.878378037822578173e-02
9.817214836071872952e+00 1.557613497112891654e+00 6.290355280288036088e-02
1.118460442108735009e+01 1.255338009036574221e+00 5.093088138441528162e-02
1.274245069961824761e+01 9.924442138174407457e-01 4.161142664785760087e-02
1.451728140926205768e+01 7.657306002161978764e-01 3.440460337287561121e-02
1.653931920034971981e+01 5.742991215289983131e-01 2.883969679426200833e-02
1.884299628142029093e+01 4.482119664729442565e-01 2.503051153225254941e-02
2.146754074702852577e+01 3.477182622071111062e-01 2.218533709867187911e-02
2.445764457215044274e+01 2.554729828350008614e-01 1.987935001057622095e-02
2.786422464810916466e+01 1.810608594834546281e-01 1.812871189778560502e-02
3.174528981929791982e+01 1.294739263820883224e-01 1.691544539215902518e-02
3.616692868500850011e+01 9.588650944671295306e-02 1.610698825271568782e-02
4.120443498711833286e+01 6.485608627278049987e-02 1.543964635061822674e-02
4.694358974726586098e+01 4.197177065824542197e-02 1.496018216506198907e-02
