1.069642439726958605e+00 -1.375828231519941269e+00 nan
1.218627458003121777e+00 -3.720217054050849459e-01 5.304811581029971634e+00
1.388363836590320144e+00 -6.940332841169114531e-01 3.142474875602260020e+00
1.581741926207981042e+00 -1.059356903383115167e+00 nan
1.802054659727066133e+00 -7.400005390843424902e-01 1.939377336195769574e+00
2.053053625776520175e+00 -8.913574906820800337e-01 1.027476152541487053e+00
2.339012952555230562e+00 -4.959987976146975619e-01 1.812145589797970802e+00
2.664802089693036891e+00 -9.745293999175179689e-01 3.382448728880795286e-01
3.035968727524477995e+00 -1.159271306574101601e+00 nan
3.458833265763586962e+00 1.050931980986793857e+00 2.062595143629285310e+00
3.940596440236666886e+00 5.365218953022708348e+00 2.994320432934038934e+00
4.489461940391565875e+00 9.411557543557323768e+00 3.162550913356115156e+00
5.114776105571953835e+00 8.985101064708903351e+00 2.555789644861259369e+00
5.827187078870319503e+00 1.053457533008877789e+01 2.281803880215929059e+00
6.638826128706195817e+00 7.562295223813462641e+00 1.618933827155147442e+00
7.563514225758552811e+00 6.604343713311331854e+00 1.265629607677045687e+00
8.616997392941321721e+00 5.077109239296167864e+00 9.361258857081767859e-01
9.817214836071872952e+00 4.418862895380700984e+00 7.355171578573727054e-01
1.118460442108735009e+01 3.435880526962179715e+00 5.530559111739578038e-01
1.274245069961824761e+01 2.613303156103704783e+00 4.150860979671038842e-01
1.451728140926205768e+01 1.846232251240893962e+00 3.064994049362737560e-01
1.653931920034971981e+01 1.414288890789306752e+00 2.367833617470687380e-01
1.884299628142029093e+01 1.051462537986892931e+00 1.837115524035991820e-01
2.146754074702852577e+01 9.441262421812106620e-01 1.536950465399564703e-01
2.445764457215044274e+01 6.456530935159765505e-01 1.205058025664520749e-01
2.786422464810916466e+01 4.725385122855183528e-01 9.876683655519320759e-02
3.174528981929791982e+01 3.049593718379399743e-01 8.113701306938396474e-02
3.616692868500850011e+01 2.318555127239230185e-01 7.063990978190957948e-02
4.120443498711833286e+01 1.460144291440281794e-01 6.160127484485850013e-02
4.694358974726586098e+01 1.045968428525030358e-01 5.603010729391001699e-02
