1.069642439726958605e+00 -1.261701586822452814e+00 nan
1.218627458003121777e+00 -1.176857475848406054e+00 nan
1.388363836590320144e+00 -9.310507276870243487e-01 1.616282648726256321e-01
1.581741926207981042e+00 -4.449480579828277715e-01 3.735000093236063856e-01
1.802054659727066133e+00 4.029045250226308550e-01 4.884857221004370587e-01
2.053053625776520175e+00 2.461354633079087861e+00 6.302398858646686142e-01
2.339012952555230562e+00 4.410475001805456152e+00 6.477402852522686771e-01
2.664802089693036891e+00 6.269578160720945981e+00 6.275237216408656726e-01
3.035968727524477995e+00 7.683667007705107466e+00 5.714311899959986230e-01
3.458833265763586962e+00 7.832806506108715539e+00 4.797412202051922758e-01
3.940596440236666886e+00 6.775015269607820301e+00 3.734669190577896702e-01
4.489461940391565875e+00 5.871453139622883732e+00 2.920757430570495861e-01
5.114776105571953835e+00 4.842693307808227487e+00 2.244547534310117332e-01
5.827187078870319503e+00 3.987724244636623006e+00 1.735615462942867449e-01
6.638826128706195817e+00 3.142058154961427263e+00 1.323704090174180614e-01
7.563514225758552811e+00 2.492383276279785065e+00 1.023836372628741803e-01
8.616997392941321721e+00 1.976794742376705161e+00 8.004084996838194133e-02
9.817214836071872952e+00 1.538497842090348122e+00 6.290089907557204485e-02
1.118460442108735009e+01 1.228562145011841356e+00 5.075206725083573900e-02
1.274245069961824761e+01 9.787379250685246390e-01 4.159271555103277035e-02
1.451728140926205768e+01 7.467289701176247352e-01 3.427251663959812733e-02
1.653931920034971981e+01 5.995077586894361765e-01 2.932723717906500840e-02
1.884299628142029093e+01 4.407485377615902866e-01 2.502199164959623828e-02
2.146754074702852577e+01 3.357663315395262860e-01 2.209810894749976093e-02
2.445764457215044274e+01 2.493072189541996053e-01 1.986301433038624789e-02
2.786422464810916466e+01 1.900659383763956267e-01 1.831811944012099944e-02
3.174528981929791982e+01 1.299767207983315576e-01 1.697840876157816550e-02
3.616692868500850011e+01 9.405298849333476596e-02 1.613275080500072359e-02
4.120443498711833286e+01 6.147749114865663778e-02 1.544037754618311255e-02
4.694358974726586098e+01 3.709050983005424129e-02 1.493744633346050059e-02
