1.069642439726958605e+00 -1.106420911381003958e+00 nan
1.218627458003121777e+00 -8.160952285905074266e-01 5.018459228206310074e-01
1.388363836590320144e+00 -1.270535655065308411e+00 nan
1.581741926207981042e+00 -1.209238044491807607e+00 nan
1.802054659727066133e+00 -8.271350799998968828e-01 2.764534615746254143e-01
2.053053625776520175e+00 -1.400124305580741080e-02 5.413878296138645574e-01
2.339012952555230562e+00 2.828211072486772615e+00 8.756848862585171478e-01
2.664802089693036891e+00 4.777679843840119567e+00 8.965224881313157423e-01
3.035968727524477995e+00 7.726613263617921668e+00 9.162497284182271606e-01
3.458833265763586962e+00 8.313358060937389382e+00 7.855177362467621327e-01
3.940596440236666886e+00 8.323587514465316417e+00 6.525440783087169683e-01
4.489461940391565875e+00 7.061681067170740178e+00 5.027422566087124123e-01
5.114776105571953835e+00 6.238908168154774003e+00 3.967736160595067840e-01
5.827187078870319503e+00 4.768981506703728002e+00 2.941096134858502409e-01
6.638826128706195817e+00 4.029768033017845141e+00 2.296331880176891160e-01
7.563514225758552811e+00 3.160298270274922938e+00 1.747743908324153328e-01
8.616997392941321721e+00 2.480781789734893827e+00 1.342765582745087116e-01
9.817214836071872952e+00 1.978162820405162226e+00 1.049745896327123618e-01
1.118460442108735009e+01 1.487512215449799058e+00 8.126028266413513890e-02
1.274245069961824761e+01 1.240131346638552845e+00 6.645511891589696296e-02
1.451728140926205768e+01 9.413001511128862298e-01 5.342398657330504202e-02
1.653931920034971981e+01 7.309140878210984571e-01 4.418927922373606237e-02
1.884299628142029093e+01 5.446539414568745130e-01 3.690916536335529102e-02
2.146754074702852577e+01 4.387564606596188188e-01 3.224441818334001369e-02
2.445764457215044274e+01 3.131644820567196508e-01 2.801142449466813289e-02
2.786422464810916466e+01 2.279293512013558232e-01 2.509153991399477174e-02
3.174528981929791982e+01 1.586821605737736007e-01 2.287669069230680030e-02
3.616692868500850011e+01 1.219228323941967673e-01 2.154205040653528469e-02
4.120443498711833286e+01 8.499549298476827275e-02 2.041224511320934715e-02
4.694358974726586098e+01 6.205169706514102046e-02 1.967970513981308345e-02
