1.069642439726958605e+00 -1.188977057586674047e+00 nan
1.218627458003121777e+00 -8.387609330906626859e-01 1.915544155947940808e-01
1.388363836590320144e+00 -5.333991779967017788e-01 2.765853399739793272e-01
1.581741926207981042e+00 4.719767000206140928e-01 4.003072182493341846e-01
1.802054659727066133e+00 2.139152556661577442e+00 4.815330257451516660e-01
2.053053625776520175e+00 5.248400231458628440e+00 5.598234435919121621e-01
2.339012952555230562e+00 6.202179190505546558e+00 4.949926167946622768e-01
2.664802089693036891e+00 7.841528107702561812e+00 4.602772732359062258e-01
3.035968727524477995e+00 7.328163216364432131e+00 3.718980154419383455e-01
3.458833265763586962e+00 7.105113924350196619e+00 3.062367095312480969e-01
3.940596440236666886e+00 5.782709065641221002e+00 2.326147557608610472e-01
4.489461940391565875e+00 4.890575186641526351e+00 1.807961558066326080e-01
5.114776105571953835e+00 3.978528251257616777e+00 1.389486811641190978e-01
5.827187078870319503e+00 3.178923829789950695e+00 1.068036954840483610e-01
6.638826128706195817e+00 2.531549448361564369e+00 8.266769577261541546e-02
7.563514225758552811e+00 1.985626803303425891e+00 6.437730086148672759e-02
8.616997392941321721e+00 1.613736466801290792e+00 5.154349995925277400e-02
9.817214836071872952e+00 1.266415039712527335e+00 4.128364575878859521e-02
1.118460442108735009e+01 1.044348124024993441e+00 3.429684269732150015e-02
1.274245069961824761e+01 8.141322222940425846e-01 2.841304140307315124e-02
1.451728140926205768e+01 6.281742888754258125e-01 2.398606173953561627e-02
1.653931920034971981e+01 4.854035494848409904e-01 2.072222568440276746e-02
1.884299628142029093e+01 3.744268455173194177e-01 1.829820020546027784e-02
2.146754074702852577e+01 2.836410728708664841e-01 1.645490874350226743e-02
2.445764457215044274e+01 2.042708808440152346e-01 1.498540015085798871e-02
2.786422464810916466e+01 1.557485252064358949e-01 1.404115026811192206e-02
3.174528981929791982e+01 1.093021969765564094e-01 1.324173716876836555e-02
3.616692868500850011e+01 7.858660100394598835e-02 1.270665881042342543e-02
4.120443498711833286e+01 4.975140577262648911e-02 1.225121602106252205e-02
4.694358974726586098e+01 3.486814406599703098e-02 1.199540594027018528e-02
