1.069642439726958605e+00 -1.108284944763497482e+00 nan
1.218627458003121777e+00 -7.629029008674912404e-01 2.325572016439285961e-01
1.388363836590320144e+00 -4.335134651608008038e-01 3.051185242221619576e-01
1.581741926207981042e+00 1.633077968444396344e-01 3.562131235804767981e-01
1.802054659727066133e+00 2.338417930253812838e+00 4.972391563991270802e-01
2.053053625776520175e+00 4.458549667855457699e+00 5.233062066005053081e-01
2.339012952555230562e+00 5.985961679462453944e+00 4.878580488366751067e-01
2.664802089693036891e+00 7.127339646902580483e+00 4.409345159277360260e-01
3.035968727524477995e+00 7.475910262894382541e+00 3.758180863848393782e-01
3.458833265763586962e+00 6.572725614932455329e+00 2.954449426803907874e-01
3.940596440236666886e+00 5.853717151183321477e+00 2.342193574571235504e-01
4.489461940391565875e+00 4.947047369592498356e+00 1.819760437375684270e-01
5.114776105571953835e+00 4.032065565310304578e+00 1.399669376633148055e-01
5.827187078870319503e+00 3.290220065693178597e+00 1.086160319492574938e-01
6.638826128706195817e+00 2.545635605651344946e+00 8.295579643809514181e-02
7.563514225758552811e+00 2.069573115735678037e+00 6.559752030731176575e-02
8.616997392941321721e+00 1.655609912683636331e+00 5.214388750617344331e-02
9.817214836071872952e+00 1.264242261276888879e+00 4.129429720402830878e-02
1.118460442108735009e+01 1.022365747956542004e+00 3.405711250646949184e-02
1.274245069961824761e+01 7.988640894007521531e-01 2.825382371248453053e-02
1.451728140926205768e+01 6.196170731861130321e-01 2.390444550173224589e-02
1.653931920034971981e+01 5.022386189689165281e-01 2.093425878993825096e-02
1.884299628142029093e+01 3.780567724704433363e-01 1.835348819071345658e-02
2.146754074702852577e+01 2.946634430249790437e-01 1.659309624559996213e-02
2.445764457215044274e+01 2.180503023561781717e-01 1.515337660545484043e-02
2.786422464810916466e+01 1.581167812612500612e-01 1.407729052997886386e-02
3.174528981929791982e+01 1.139582696128704775e-01 1.330325443066958553e-02
3.616692868500850011e+01 8.052290953116369998e-02 1.273655427170583207e-02
4.120443498711833286e+01 5.098787053649700418e-02 1.227270570495513947e-02
4.694358974726586098e+01 3.657046410777753387e-02 1.202197101576142450e-02
