1.069642439726958605e+00 -1.448027639209666706e+00 nan
1.218627458003121777e+00 -8.642972740108756380e-01 1.769724496886148080e-01
1.388363836590320144e+00 -2.803938361723765649e-01 3.459427880113797316e-01
1.581741926207981042e+00 2.935057665225833112e-01 3.778644382210004649e-01
1.802054659727066133e+00 2.070282329808094346e+00 4.795479338497263821e-01
2.053053625776520175e+00 3.854833062430965018e+00 4.960260350730553158e-01
2.339012952555230562e+00 6.654677175109558362e+00 5.143033132658418882e-01
2.664802089693036891e+00 7.551067249168976758e+00 4.554171432045696633e-01
3.035968727524477995e+00 7.453083277335061929e+00 3.774211579671185035e-01
3.458833265763586962e+00 6.692660124146735612e+00 2.996607198471912259e-01
3.940596440236666886e+00 5.941142578938085173e+00 2.371907304806127326e-01
4.489461940391565875e+00 4.831025662142770294e+00 1.809370608625949506e-01
5.114776105571953835e+00 3.927728960527747226e+00 1.390148216009128579e-01
5.827187078870319503e+00 3.180948849352823959e+00 1.075142002002574260e-01
6.638826128706195817e+00 2.508235443984447866e+00 8.284249519134441464e-02
7.563514225758552811e+00 2.057720030540763467e+00 6.576600387238244749e-02
8.616997392941321721e+00 1.631772879913378826e+00 5.208503344015921049e-02
9.817214836071872952e+00 1.320218985999391803e+00 4.220248766704060017e-02
1.118460442108735009e+01 1.016298045741348854e+00 3.413708102380257070e-02
1.274245069961824761e+01 7.917532712774726367e-01 2.829085072701549575e-02
1.451728140926205768e+01 6.260733533937128392e-01 2.407972979586816761e-02
1.653931920034971981e+01 4.760110529794494560e-01 2.070974746531606403e-02
1.884299628142029093e+01 3.656392628965035030e-01 1.827800670100371630e-02
2.146754074702852577e+01 2.855956752788726405e-01 1.654754652910660206e-02
2.445764457215044274e+01 2.093280656387321859e-01 1.510480822113876784e-02
2.786422464810916466e+01 1.581505860596783553e-01 1.412406232190686894e-02
3.174528981929791982e+01 1.093584915355778620e-01 1.329308717962595504e-02
3.616692868500850011e+01 7.611633213435031742e-02 1.272590116727238992e-02
4.120443498711833286e+01 5.380976312994278921e-02 1.234279841640657967e-02
4.694358974726586098e+01 3.483615121877892129e-02 1.203861699675124602e-02
