1.069642439726958605e+00 -1.927917526336644372e+00 nan
1.218627458003121777e+00 -4.090406959540766607e-01 1.479978337919800424e+01
1.388363836590320144e+00 -1.435636812089214231e+00 nan
1.581741926207981042e+00 -1.422546012269938487e+00 nan
1.802054659727066133e+00 -1.092353767523253083e+00 nan
2.053053625776520175e+00 -7.721570264690860164e-01 4.279284328703514717e+00
2.339012952555230562e+00 -7.616960758221642536e-01 3.583438021182659750e+00
2.664802089693036891e+00 -1.062106034954257705e+00 nan
3.035968727524477995e+00 -1.345228201697208803e+00 nan
3.458833265763586962e+00 -7.058130625461334073e-01 2.244705452237450327e+00
3.940596440236666886e+00 -1.038152889767216536e+00 nan
4.489461940391565875e+00 1.570861289053046228e+00 4.478485955220088854e+00
5.114776105571953835e+00 7.766720001491592029e+00 6.820209293977933740e+00
5.827187078870319503e+00 1.442825472656873487e+01 7.494126379636260715e+00
6.638826128706195817e+00 1.094938355069255564e+01 5.427432615210931566e+00
7.563514225758552811e+00 8.723298885061517183e+00 4.039734142131703898e+00
8.616997392941321721e+00 7.813537254868347937e+00 3.179682559447027490e+00
9.817214836071872952e+00 5.725416067397787856e+00 2.289116108605999234e+00
1.118460442108735009e+01 4.363619973454378353e+00 1.688319485816914600e+00
1.274245069961824761e+01 3.883221091267815783e+00 1.335835144556429155e+00
1.451728140926205768e+01 3.587413701907301355e+00 1.079588324110223763e+00
1.653931920034971981e+01 2.730067546754441743e+00 8.083423015830892844e-01
1.884299628142029093e+01 1.970034759372774502e+00 5.986415803497049382e-01
2.146754074702852577e+01 1.515236682343033658e+00 4.605247034511845694e-01
2.445764457215044274e+01 1.207261629519505330e+00 3.630129001824103363e-01
2.786422464810916466e+01 7.939483546431964633e-01 2.743387353396131156e-01
3.174528981929791982e+01 7.205510758783510994e-01 2.310799354017087082e-01
3.616692868500850011e+01 4.295792487662495329e-01 1.789076115390741961e-01
4.120443498711833286e+01 1.955404379031624451e-01 1.397697576522255181e-01
4.694358974726586098e+01 2.658043386332165081e-01 1.305096232697621483e-01
