1.069642439726958605e+00 -1.306231615545837776e+00 nan
1.218627458003121777e+00 -9.465210895099227528e-01 2.696994524406615690e-01
1.388363836590320144e+00 -1.041456363144066088e+00 nan
1.581741926207981042e+00 -9.118193880570972798e-01 2.393343386757173230e-01
1.802054659727066133e+00 -5.838363777913349040e-01 4.275240671737132736e-01
2.053053625776520175e+00 -4.095301795275534396e-01 4.174444845943338644e-01
2.339012952555230562e+00 1.547166353832854391e+00 7.111457903542304226e-01
2.664802089693036891e+00 4.029896780345131546e+00 8.329531260014434446e-01
3.035968727524477995e+00 6.317307989764231024e+00 8.342320126345590392e-01
3.458833265763586962e+00 7.949796540346206086e+00 7.667992230618618787e-01
3.940596440236666886e+00 7.860508967022905580e+00 6.330094218765842662e-01
4.489461940391565875e+00 7.061710193561520299e+00 5.011048394393814442e-01
5.114776105571953835e+00 6.086873748626137726e+00 3.908827759985306627e-01
5.827187078870319503e+00 4.753152961127308451e+00 2.927194967231704914e-01
6.638826128706195817e+00 3.698079351753219779e+00 2.201110891468337216e-01
7.563514225758552811e+00 3.072616648416345519e+00 1.720580405324599049e-01
8.616997392941321721e+00 2.568997934249641624e+00 1.359244857199998491e-01
9.817214836071872952e+00 1.788108099934175632e+00 1.004320080259207965e-01
1.118460442108735009e+01 1.603191480922327772e+00 8.346482826938544930e-02
1.274245069961824761e+01 1.195363920624434417e+00 6.536566156655475301e-02
1.451728140926205768e+01 9.453006840019162471e-01 5.335884016397084845e-02
1.653931920034971981e+01 6.911481133580021918e-01 4.332006776490094496e-02
1.884299628142029093e+01 5.769363405292853297e-01 3.741894956694174351e-02
2.146754074702852577e+01 4.183864292445578226e-01 3.179671880197450923e-02
2.445764457215044274e+01 3.225773532892968198e-01 2.812025944329789653e-02
2.786422464810916466e+01 2.352927443114334327e-01 2.517148421758377136e-02
3.174528981929791982e+01 1.635919520414892414e-01 2.291886791421735362e-02
3.616692868500850011e+01 1.125958526455517195e-01 2.133364969167497738e-02
4.120443498711833286e+01 8.498984895443340015e-02 2.037407885366884774e-02
4.694358974726586098e+01 5.612016244253936748e-02 1.953799111741894023e-02
