1.069642439726958605e+00 -1.032924267048568545e+00 nan
1.218627458003121777e+00 -8.932030505137220633e-01 2.360815083854929664e-01
1.388363836590320144e+00 -9.010126686695478782e-01 1.928917916435730628e-01
1.581741926207981042e+00 -7.179277546380018471e-01 2.651706493313241708e-01
1.802054659727066133e+00 6.454986448188857473e-01 5.270084994544296242e-01
2.053053625776520175e+00 2.556495668050269288e+00 6.363601745520873765e-01
2.339012952555230562e+00 4.829044204959563658e+00 6.700310520861061381e-01
2.664802089693036891e+00 6.855191251446287382e+00 6.504463495452709187e-01
3.035968727524477995e+00 7.934342994266756932e+00 5.777488980546177100e-01
3.458833265763586962e+00 7.588292136264506382e+00 4.707948712918214040e-01
3.940596440236666886e+00 6.948484194600927033e+00 3.765332881792626263e-01
4.489461940391565875e+00 5.931680073041393442e+00 2.923903162022367108e-01
5.114776105571953835e+00 4.743434957474263136e+00 2.214598623598397487e-01
5.827187078870319503e+00 3.875979325478082771e+00 1.706644070736400010e-01
6.638826128706195817e+00 3.116467891011056590e+00 1.314075153357587844e-01
7.563514225758552811e+00 2.566638533376009335e+00 1.033551806152471775e-01
8.616997392941321721e+00 2.005134216272283165e+00 8.024950565870300756e-02
9.817214836071872952e+00 1.630310455118645585e+00 6.418691674016753501e-02
1.118460442108735009e+01 1.218223612757282748e+00 5.042630475603298440e-02
1.274245069961824761e+01 1.000080058816034789e+00 4.178820912854012970e-02
1.451728140926205768e+01 7.862013077896277125e-01 3.475589589493372628e-02
1.653931920034971981e+01 5.764488124039242045e-01 2.890950930842749178e-02
1.884299628142029093e+01 4.541003423406426709e-01 2.514676089388119193e-02
2.146754074702852577e+01 3.447490427452548634e-01 2.216979381452557907e-02
2.445764457215044274e+01 2.622382969390140151e-01 1.999790628928456437e-02
2.786422464810916466e+01 1.924799800934562377e-01 1.830972105596549368e-02
3.174528981929791982e+01 1.454726241570840628e-01 1.715860946149714086e-02
3.616692868500850011e+01 9.917567561960183298e-02 1.616981338317863975e-02
4.120443498711833286e+01 6.993326457836501753e-02 1.552652513733418678e-02
4.694358974726586098e+01 4.432541941338774549e-02 1.500802543162033098e-02
