1.069642439726958605e+00 -1.223406576980056393e+00 nan
1.218627458003121777e+00 -3.827686117137409916e-01 5.300420198935441363e+00
1.388363836590320144e+00 -9.918528867205811395e-01 5.167990706358954744e-01
1.581741926207981042e+00 -1.122657809860236444e+00 nan
1.802054659727066133e+00 -7.536297861267784448e-01 1.902648468385446767e+00
2.053053625776520175e+00 -5.420719740967632205e-01 2.126049571632431689e+00
2.339012952555230562e+00 -1.240036394309750545e+00 nan
2.664802089693036891e+00 -9.206923552397723309e-01 6.015374285354526673e-01
3.035968727524477995e+00 -1.129022762213602871e+00 nan
3.458833265763586962e+00 2.597559781499326981e+00 2.755000573583783474e+00
3.940596440236666886e+00 8.918720244264134678e+00 3.775600638265821818e+00
4.489461940391565875e+00 7.613201516886914710e+00 2.893865428359623682e+00
5.114776105571953835e+00 1.220228758426527804e+01 2.974710255913967760e+00
5.827187078870319503e+00 7.169725101122705446e+00 1.921909302115997864e+00
6.638826128706195817e+00 8.520285997086164187e+00 1.725009701190229450e+00
7.563514225758552811e+00 7.741729184147404297e+00 1.373946974905555507e+00
8.616997392941321721e+00 5.341502796149414145e+00 9.650774014031352488e-01
9.817214836071872952e+00 4.027028899563858566e+00 7.111519680660598475e-01
1.118460442108735009e+01 3.393061099995584584e+00 5.541251050903182040e-01
1.274245069961824761e+01 2.330896815347179629e+00 3.992754810086174277e-01
1.451728140926205768e+01 1.811076717588857576e+00 3.065015402812629186e-01
1.653931920034971981e+01 1.451747094739979094e+00 2.406565012754121602e-01
1.884299628142029093e+01 1.167841918432023895e+00 1.913799454797933397e-01
2.146754074702852577e+01 7.629385401545072387e-01 1.453250098618718011e-01
2.445764457215044274e+01 4.925750758431910459e-01 1.136725298261131861e-01
2.786422464810916466e+01 4.834284824122954127e-01 9.989907815064616448e-02
3.174528981929791982e+01 3.058171094377790666e-01 8.166158045828421363e-02
3.616692868500850011e+01 2.043239968937236029e-01 6.980453479265046057e-02
4.120443498711833286e+01 1.348067598710449566e-01 6.143686845709991212e-02
4.694358974726586098e+01 9.964556359875209601e-02 5.609709544089527822e-02
