1.069642439726958605e+00 -1.054427191696118538e+00 nan
1.218627458003121777e+00 -8.755672122149933401e-01 1.691457988583373873e-01
1.388363836590320144e+00 -3.592917582145274125e-01 3.258047945418056646e-01
1.581741926207981042e+00 4.529351125830081148e-01 3.997611595640992443e-01
1.802054659727066133e+00 2.564606549281752912e+00 5.159682863587321533e-01
2.053053625776520175e+00 5.103046677099199790e+00 5.560088130722099509e-01
2.339012952555230562e+00 6.348845674929020078e+00 5.026992837925778890e-01
2.664802089693036891e+00 7.480651635508534625e+00 4.526198642034014452e-01
3.035968727524477995e+00 7.616799640917036207e+00 3.806094181786418007e-01
3.458833265763586962e+00 6.650031806832872761e+00 2.982208484672725923e-01
3.940596440236666886e+00 5.792438074615286148e+00 2.339377958017014869e-01
4.489461940391565875e+00 4.923152121664508662e+00 1.822379607690834402e-01
5.114776105571953835e+00 4.034961067110181432e+00 1.405290089159326739e-01
5.827187078870319503e+00 3.272137952937704597e+00 1.087314657631882203e-01
6.638826128706195817e+00 2.607285749187796764e+00 8.414325186082828589e-02
7.563514225758552811e+00 2.056011666550272121e+00 6.563647924325345662e-02
8.616997392941321721e+00 1.684022765174308711e+00 5.269192298875286645e-02
9.817214836071872952e+00 1.300284258229928991e+00 4.188590233281537512e-02
1.118460442108735009e+01 1.024574732678741551e+00 3.418966289470605491e-02
1.274245069961824761e+01 8.145619987142360685e-01 2.852614965196220362e-02
1.451728140926205768e+01 6.187366913990377526e-01 2.396128877219111733e-02
1.653931920034971981e+01 4.884891645966464857e-01 2.082955241821627876e-02
1.884299628142029093e+01 3.777366385750051681e-01 1.839637457854930574e-02
2.146754074702852577e+01 2.841555004182088062e-01 1.651218316714299361e-02
2.445764457215044274e+01 2.100867623790900751e-01 1.509708792291485600e-02
2.786422464810916466e+01 1.512460919672611315e-01 1.403005930753986087e-02
3.174528981929791982e+01 1.110197131729848685e-01 1.329856237003780930e-02
3.616692868500850011e+01 8.367489791582749525e-02 1.279976781929074298e-02
4.120443498711833286e+01 5.513543498207185145e-02 1.234588063734174887e-02
4.694358974726586098e+01 4.069696129591182654e-02 1.209405546543066041e-02
