1.069642439726958605e+00 -1.266586044807275435e+00 nan
1.218627458003121777e+00 -7.375297399776361562e-01 2.449500711741457448e-01
1.388363836590320144e+00 -6.733700996771994074e-01 2.319145859621561667e-01
1.581741926207981042e+00 5.358486230387740079e-01 4.098272653798777365e-01
1.802054659727066133e+00 1.956670489807078361e+00 4.682921291191156632e-01
2.053053625776520175e+00 4.666748760562861698e+00 5.339075512754271058e-01
2.339012952555230562e+00 6.818497457618018842e+00 5.174805291499505744e-01
2.664802089693036891e+00 7.593998717547785660e+00 4.544711456821673434e-01
3.035968727524477995e+00 7.654237994653738220e+00 3.804116580030547645e-01
3.458833265763586962e+00 6.493863198533016856e+00 2.940744459421480994e-01
3.940596440236666886e+00 5.841176364702144852e+00 2.342191246309164310e-01
4.489461940391565875e+00 4.917628517550115319e+00 1.816447833697150127e-01
5.114776105571953835e+00 3.951941610309945840e+00 1.387985834340569324e-01
5.827187078870319503e+00 3.243036778919917928e+00 1.080006652366176378e-01
6.638826128706195817e+00 2.539208702229291958e+00 8.294133574455551938e-02
7.563514225758552811e+00 2.086967544513870898e+00 6.589711501530307047e-02
8.616997392941321721e+00 1.651533618151575622e+00 5.213695993314242105e-02
9.817214836071872952e+00 1.323956928152911328e+00 4.208740577768711050e-02
1.118460442108735009e+01 1.039961915941564286e+00 3.430174123363687738e-02
1.274245069961824761e+01 8.148799082103401759e-01 2.846857108918212503e-02
1.451728140926205768e+01 6.574812500279334504e-01 2.436928064179413184e-02
1.653931920034971981e+01 5.008400611090044752e-01 2.093293599635151145e-02
1.884299628142029093e+01 3.898959528736769542e-01 1.850288554285369966e-02
2.146754074702852577e+01 3.037521509785379159e-01 1.670843181337984887e-02
2.445764457215044274e+01 2.204984410812005358e-01 1.519090209626773949e-02
2.786422464810916466e+01 1.661211130310615847e-01 1.417741522714769005e-02
3.174528981929791982e+01 1.193304904519516541e-01 1.337248859482863608e-02
3.616692868500850011e+01 8.576560269272737180e-02 1.280377954555640338e-02
4.120443498711833286e+01 6.212965885801402521e-02 1.240696798236590181e-02
4.694358974726586098e+01 3.590619587053445194e-02 1.202104841135787604e-02
