1.069642439726958605e+00 -9.266170112745739651e-01 6.773703525919049007e+00
1.218627458003121777e+00 -1.126058367360562862e-01 1.790038532425936779e+01
1.388363836590320144e+00 -1.003360440162769152e+00 nan
1.581741926207981042e+00 -9.925929930795847067e-01 1.130175134899083833e+00
1.802054659727066133e+00 -1.873327093418422518e+00 nan
2.053053625776520175e+00 -1.292005260519228926e+00 nan
2.339012952555230562e+00 -7.388366976756826077e-01 3.702691323157824232e+00
2.664802089693036891e+00 -8.401781896509612491e-01 2.405147004381221532e+00
3.035968727524477995e+00 -9.542958615637662234e-01 1.061004077825667968e+00
3.458833265763586962e+00 -1.223484230005869922e+00 nan
3.940596440236666886e+00 2.731741887336830210e+00 6.486763604989547183e+00
4.489461940391565875e+00 1.740600437725160710e+00 4.564271268661310721e+00
5.114776105571953835e+00 9.377272937059233371e+00 7.330320826793672140e+00
5.827187078870319503e+00 8.205477519465983249e+00 5.688396300375683445e+00
6.638826128706195817e+00 1.001426146819493113e+01 5.138774862155874423e+00
7.563514225758552811e+00 9.477908328388881642e+00 4.144919889901487409e+00
8.616997392941321721e+00 1.083447073130077776e+01 3.663100573327267018e+00
9.817214836071872952e+00 5.328426147712365335e+00 2.189386108192589386e+00
1.118460442108735009e+01 2.976709789009593266e+00 1.425369393839407861e+00
1.274245069961824761e+01 3.627445651976665797e+00 1.281701778274543235e+00
1.451728140926205768e+01 2.174767712914776219e+00 8.737885479961209345e-01
1.653931920034971981e+01 2.372760446746702279e+00 7.551038674226583369e-01
1.884299628142029093e+01 1.258496618513756937e+00 5.075421609570917036e-01
2.146754074702852577e+01 1.254060095218922033e+00 4.271835308162840183e-01
2.445764457215044274e+01 9.057949352346323924e-01 3.288575944485398472e-01
2.786422464810916466e+01 7.969326129719864760e-01 2.714550400515569617e-01
3.174528981929791982e+01 4.717649227783466959e-01 2.068066251301242942e-01
3.616692868500850011e+01 4.645307661446618219e-01 1.798655320383813483e-01
4.120443498711833286e+01 2.595677438907995072e-01 1.434262172118188627e-01
4.694358974726586098e+01 4.429121611877251397e-02 1.121521223679765727e-01
