1.069642439726958605e+00 -1.597047329808368499e+00 nan
1.218627458003121777e+00 -9.433690702363857206e-01 1.716716471249024878e-01
1.388363836590320144e+00 -1.103923353696043996e+00 nan
1.581741926207981042e+00 -7.972347455872734745e-01 2.245027941623501111e-01
1.802054659727066133e+00 2.198127758904739881e-01 4.530029808558461712e-01
2.053053625776520175e+00 2.128550588169098923e+00 5.957955464267600254e-01
2.339012952555230562e+00 4.019957253532541408e+00 6.202871678415090573e-01
2.664802089693036891e+00 7.408010440272626340e+00 6.727005392835117004e-01
3.035968727524477995e+00 8.223044517930462760e+00 5.866565729692135855e-01
3.458833265763586962e+00 7.546023360376562295e+00 4.689248992098019042e-01
3.940596440236666886e+00 6.561397012286824371e+00 3.659729712314736538e-01
4.489461940391565875e+00 5.911860380498437095e+00 2.915407093801520300e-01
5.114776105571953835e+00 4.941869357682733721e+00 2.254753749443792754e-01
5.827187078870319503e+00 4.002707352051952050e+00 1.730075808464921761e-01
6.638826128706195817e+00 3.051450689889391388e+00 1.300017470135536035e-01
7.563514225758552811e+00 2.440925176616717707e+00 1.009710092081200355e-01
8.616997392941321721e+00 2.012050512645178202e+00 8.027073792334343816e-02
9.817214836071872952e+00 1.520729534330324206e+00 6.232726775470090463e-02
1.118460442108735009e+01 1.265016069572261426e+00 5.110261978601193800e-02
1.274245069961824761e+01 9.877899800613656467e-01 4.155671893018689222e-02
1.451728140926205768e+01 7.567358279659142095e-01 3.428399545244886770e-02
1.653931920034971981e+01 5.769704990528263799e-01 2.888857582138778385e-02
1.884299628142029093e+01 4.426571740157032586e-01 2.495909309425025160e-02
2.146754074702852577e+01 3.456596659638111468e-01 2.216302574217481405e-02
2.445764457215044274e+01 2.359472431047608953e-01 1.960915626145738958e-02
2.786422464810916466e+01 1.832691331289706405e-01 1.816503503208451165e-02
3.174528981929791982e+01 1.377579987457930866e-01 1.703666018212602815e-02
3.616692868500850011e+01 9.410811344695524383e-02 1.608631265867245877e-02
4.120443498711833286e+01 6.341555010841770645e-02 1.542345528043760280e-02
4.694358974726586098e+01 4.463332636736017101e-02 1.500140512988124876e-02
