1.069642439726958605e+00 -1.193612916100625032e+00 nan
1.218627458003121777e+00 -9.001907382556537662e-01 3.693996890269611866e-01
1.388363836590320144e+00 -9.850792295231536322e-01 1.212108763977631926e-01
1.581741926207981042e+00 -1.158361284139913572e+00 nan
1.802054659727066133e+00 -7.083661499160816000e-01 3.587960976022024906e-01
2.053053625776520175e+00 -1.471856038074186301e-01 5.030464473764150179e-01
2.339012952555230562e+00 2.902933998527581050e+00 8.835151362101150152e-01
2.664802089693036891e+00 4.117702245148772811e+00 8.424340866511692560e-01
3.035968727524477995e+00 7.110568689981199952e+00 8.816941066817450823e-01
3.458833265763586962e+00 8.728877637301375003e+00 8.030064624870912882e-01
3.940596440236666886e+00 7.906998187818217616e+00 6.363594774877684435e-01
4.489461940391565875e+00 7.021943385268743398e+00 5.010032106485272640e-01
5.114776105571953835e+00 5.828609154197595288e+00 3.839001139816988206e-01
5.827187078870319503e+00 5.049912164876764642e+00 3.018529775882018429e-01
6.638826128706195817e+00 3.961620278556528874e+00 2.276613770420755634e-01
7.563514225758552811e+00 3.201360598329884954e+00 1.756599095775782660e-01
8.616997392941321721e+00 2.577483035813859402e+00 1.364343013584214948e-01
9.817214836071872952e+00 1.953998809756387622e+00 1.043634945038140471e-01
1.118460442108735009e+01 1.529008301015485571e+00 8.208223310052129018e-02
1.274245069961824761e+01 1.261487561316865902e+00 6.684155364060948012e-02
1.451728140926205768e+01 9.404418671146621556e-01 5.337241733217520934e-02
1.653931920034971981e+01 7.094021123766507397e-01 4.375244110304386813e-02
1.884299628142029093e+01 5.384681920036649139e-01 3.677198776157707821e-02
2.146754074702852577e+01 4.200899638177590933e-01 3.188402810979213547e-02
2.445764457215044274e+01 3.176231796107846783e-01 2.807735673103073717e-02
2.786422464810916466e+01 2.345318277726042844e-01 2.519781121012991398e-02
3.174528981929791982e+01 1.624268121897438633e-01 2.293280774338700423e-02
3.616692868500850011e+01 1.179690707110048198e-01 2.146113507744487961e-02
4.120443498711833286e+01 8.260516648941673701e-02 2.036022959040802160e-02
4.694358974726586098e+01 4.870285849699063085e-02 1.943228924154640977e-02
