1.069642439726958605e+00 -6.780961912548280068e-01 4.942120305308591810e+00
1.218627458003121777e+00 -2.598131792095732528e-01 5.695067403118050819e+00
1.388363836590320144e+00 -1.233523490129631028e+00 nan
1.581741926207981042e+00 -5.735759493670888887e-01 2.987262636948603500e+00
1.802054659727066133e+00 -7.205972780999785332e-01 1.988023470755962530e+00
2.053053625776520175e+00 -1.017366008307017289e+00 nan
2.339012952555230562e+00 -8.878895931757289084e-01 8.450957851107580021e-01
2.664802089693036891e+00 -1.234216382013615831e+00 nan
3.035968727524477995e+00 8.442023381903807078e-01 2.349112770567384434e+00
3.458833265763586962e+00 1.474041179475898744e+00 2.240565408382090951e+00
3.940596440236666886e+00 3.674110374602497675e+00 2.534592731732876913e+00
4.489461940391565875e+00 8.258379664413997290e+00 2.946067469276445028e+00
5.114776105571953835e+00 1.035359151431049796e+01 2.700545635503295738e+00
5.827187078870319503e+00 1.201013082781012109e+01 2.404198463786735296e+00
6.638826128706195817e+00 7.695051181482105207e+00 1.614354047452763785e+00
7.563514225758552811e+00 7.537866581643799080e+00 1.332025884034464758e+00
8.616997392941321721e+00 4.776540421938384462e+00 9.011557703155277377e-01
9.817214836071872952e+00 4.334321740192161876e+00 7.214576247763314631e-01
1.118460442108735009e+01 3.055638676194915249e+00 5.205989355858721135e-01
1.274245069961824761e+01 2.748989160448395808e+00 4.195170475604908522e-01
1.451728140926205768e+01 2.072983497294494271e+00 3.171951936443075937e-01
1.653931920034971981e+01 1.471783698216179381e+00 2.377093385699271533e-01
1.884299628142029093e+01 9.739601737642156198e-01 1.776502902637759063e-01
2.146754074702852577e+01 8.684946303614655694e-01 1.483824928039806645e-01
2.445764457215044274e+01 5.416430667045639691e-01 1.142948645877907010e-01
2.786422464810916466e+01 4.224788001828168049e-01 9.553918233828338769e-02
3.174528981929791982e+01 3.822290069406868440e-01 8.395162728529191598e-02
3.616692868500850011e+01 2.289051520191176525e-01 6.994002950620428760e-02
4.120443498711833286e+01 1.582289868756683315e-01 6.166402188391805622e-02
4.694358974726586098e+01 1.141295425869550684e-01 5.603801943418748599e-02
