1.069642439726958605e+00 -8.602066036101272406e-01 5.730240414362803847e-01
1.218627458003121777e+00 -9.268371856758439442e-01 3.150266556915389815e-01
1.388363836590320144e+00 -7.685071448865419264e-01 4.755787236033861554e-01
1.581741926207981042e+00 -1.052168955825422803e+00 nan
1.802054659727066133e+00 -8.356727138906696606e-01 2.682600600082651887e-01
2.053053625776520175e+00 3.907308960674431564e-01 6.400614935626564028e-01
2.339012952555230562e+00 2.160800626479319142e+00 7.915093720563152191e-01
2.664802089693036891e+00 4.945994930947347434e+00 9.053752921510374030e-01
3.035968727524477995e+00 7.681787262861472065e+00 9.095506532509722852e-01
3.458833265763586962e+00 8.870063796934106293e+00 8.059875995394407688e-01
3.940596440236666886e+00 7.857626880804930103e+00 6.320708717854169878e-01
4.489461940391565875e+00 7.035402655344562994e+00 4.995705929091725506e-01
5.114776105571953835e+00 5.590281114290966968e+00 3.750704262444510273e-01
5.827187078870319503e+00 4.754774537839416837e+00 2.923942857950530549e-01
6.638826128706195817e+00 4.000021283544399786e+00 2.278459517348071228e-01
7.563514225758552811e+00 2.937398925367666447e+00 1.684672315936962539e-01
8.616997392941321721e+00 2.529083073254532188e+00 1.348334644085814327e-01
9.817214836071872952e+00 1.899456796804504188e+00 1.027972292044046082e-01
1.118460442108735009e+01 1.500001938861835526e+00 8.119647642079372285e-02
1.274245069961824761e+01 1.214241224867139701e+00 6.567460103231589907e-02
1.451728140926205768e+01 9.359518852344281825e-01 5.311954676738985665e-02
1.653931920034971981e+01 7.048050321499041981e-01 4.353525717498034353e-02
1.884299628142029093e+01 5.759573690003181312e-01 3.736448816280233537e-02
2.146754074702852577e+01 3.769327468484873211e-01 3.100820857425371294e-02
2.445764457215044274e+01 3.081159148670600256e-01 2.783368705489401920e-02
2.786422464810916466e+01 2.245840938399008557e-01 2.495779773163253959e-02
3.174528981929791982e+01 1.569443575839586380e-01 2.278144340094795384e-02
3.616692868500850011e+01 1.096000557758700644e-01 2.126372173917129640e-02
4.120443498711833286e+01 7.002257821129664883e-02 2.009164198768822671e-02
4.694358974726586098e+01 4.523931698369665355e-02 1.932965023853003977e-02
