1.069642439726958605e+00 -1.697147157170339149e+00 nan
1.218627458003121777e+00 -7.522784022709552154e-01 3.309585948593172677e+00
1.388363836590320144e+00 -1.243666648577086420e+00 nan
1.581741926207981042e+00 -6.272138964577658182e-01 2.805752362242364129e+00
1.802054659727066133e+00 -1.011241973958036056e+00 nan
2.053053625776520175e+00 -1.132075833749088378e+00 nan
2.339012952555230562e+00 -1.165364601908783992e+00 nan
2.664802089693036891e+00 3.793893586628493964e-01 2.473278276850227275e+00
3.035968727524477995e+00 9.721158316373208486e-01 2.440334520013601960e+00
3.458833265763586962e+00 3.603563167130752642e+00 3.073101212595014786e+00
3.940596440236666886e+00 7.376684454555432424e+00 3.416703009210988018e+00
4.489461940391565875e+00 8.538726040118110205e+00 3.004607038783777107e+00
5.114776105571953835e+00 9.101396821194157383e+00 2.554163604543868704e+00
5.827187078870319503e+00 9.915945244936684944e+00 2.202547425145950921e+00
6.638826128706195817e+00 8.935525927058023399e+00 1.739749700201925320e+00
7.563514225758552811e+00 6.116028155084691775e+00 1.213835517426817834e+00
8.616997392941321721e+00 5.872033470868929683e+00 9.940986606866453190e-01
9.817214836071872952e+00 3.589944065468634982e+00 6.674853642308484769e-01
1.118460442108735009e+01 3.103787017756422184e+00 5.262690513720856833e-01
1.274245069961824761e+01 2.295297227390037165e+00 3.915185977846851739e-01
1.451728140926205768e+01 2.022151320137420605e+00 3.154261084240560509e-01
1.653931920034971981e+01 1.639115648238236522e+00 2.482511095691832259e-01
1.884299628142029093e+01 1.203406717845656448e+00 1.908696214866299201e-01
2.146754074702852577e+01 8.600201788261738756e-01 1.485251956732926149e-01
2.445764457215044274e+01 7.357043324868417500e-01 1.242232193792893874e-01
2.786422464810916466e+01 5.727670280869738839e-01 1.029314909902359493e-01
3.174528981929791982e+01 4.061421867651109352e-01 8.532365490621776627e-02
3.616692868500850011e+01 2.506599373490616678e-01 7.113554784435667522e-02
4.120443498711833286e+01 2.059552356170650800e-01 6.393909201571917889e-02
4.694358974726586098e+01 1.279284290014486292e-01 5.679788893933642585e-02
