1.069642439726958605e+00 -1.587587485081948468e+00 nan
1.218627458003121777e+00 -1.009590617641423549e+00 nan
1.388363836590320144e+00 -7.566604683293656208e-01 4.911519441633475092e-01
1.581741926207981042e+00 -1.116349723565075891e+00 nan
1.802054659727066133e+00 -8.107840301915856251e-01 2.899605932592104751e-01
2.053053625776520175e+00 2.186747059458518105e-01 6.034715742301305363e-01
2.339012952555230562e+00 2.013618372137607970e+00 7.783912000507307027e-01
2.664802089693036891e+00 4.623389024090611699e+00 8.865198621250180988e-01
3.035968727524477995e+00 6.605416985495091708e+00 8.558883257448260951e-01
3.458833265763586962e+00 7.539475826677931813e+00 7.526144163104847573e-01
3.940596440236666886e+00 8.132551003559084890e+00 6.469608151244075067e-01
4.489461940391565875e+00 6.809783725191648429e+00 4.953807965425945925e-01
5.114776105571953835e+00 5.512773251224865056e+00 3.752279510818516961e-01
5.827187078870319503e+00 4.811652691866464160e+00 2.960251490870496327e-01
6.638826128706195817e+00 4.075955362234342516e+00 2.313822940758390179e-01
7.563514225758552811e+00 3.093398780267638593e+00 1.735065540462160938e-01
8.616997392941321721e+00 2.492573473591299660e+00 1.348541689607791749e-01
9.817214836071872952e+00 1.912397525349909255e+00 1.037407083251408457e-01
1.118460442108735009e+01 1.533336771786333097e+00 8.240645255610137832e-02
1.274245069961824761e+01 1.186261054933025028e+00 6.549856496925138272e-02
1.451728140926205768e+01 9.648905681707620197e-01 5.399181231105051187e-02
1.653931920034971981e+01 7.040425193041233154e-01 4.376063691997048727e-02
1.884299628142029093e+01 5.468521933852548145e-01 3.701690355154076129e-02
2.146754074702852577e+01 4.177834613529860519e-01 3.191435280970218724e-02
2.445764457215044274e+01 3.030408155672268400e-01 2.787293349743017595e-02
2.786422464810916466e+01 2.216326849755583250e-01 2.501666520688069009e-02
3.174528981929791982e+01 1.592342083135844799e-01 2.292049308832625615e-02
3.616692868500850011e+01 1.217919267441773812e-01 2.157032251875164175e-02
4.120443498711833286e+01 8.213509623394465997e-02 2.038905885513735139e-02
4.694358974726586098e+01 5.331060199109627362e-02 1.954950824719496605e-02
