1.069642439726958605e+00 -1.472434796884333430e+00 nan
1.218627458003121777e+00 -1.284497952516662878e+00 nan
1.388363836590320144e+00 -2.290777504551561261e+00 nan
1.581741926207981042e+00 -1.045681616341030296e+00 nan
1.802054659727066133e+00 -1.120227041513349509e+00 nan
2.053053625776520175e+00 -1.600762816881593498e+00 nan
2.339012952555230562e+00 -1.407896296950703618e+00 nan
2.664802089693036891e+00 -1.719311706597080214e+00 nan
3.035968727524477995e+00 -1.103760452193632613e+00 nan
3.458833265763586962e+00 -8.604864298095298292e-01 1.566368651148753344e+00
3.940596440236666886e+00 -9.139671868425180978e-01 1.010325573918209763e+00
4.489461940391565875e+00 9.550530537172061685e+00 9.217691631074961478e+00
5.114776105571953835e+00 1.146237674950398855e+01 8.254425151925625315e+00
5.827187078870319503e+00 1.003592429902919747e+01 6.401584230482678883e+00
6.638826128706195817e+00 1.459608258449766716e+01 6.306179369338380525e+00
7.563514225758552811e+00 1.012463746684834121e+01 4.387221853625414170e+00
8.616997392941321721e+00 1.291622532796109191e+01 4.094120055905831279e+00
9.817214836071872952e+00 5.116184947566018160e+00 2.206906607285997968e+00
1.118460442108735009e+01 5.178813152783276585e+00 1.842883809352267477e+00
1.274245069961824761e+01 3.404388719858294277e+00 1.280581559017699655e+00
1.451728140926205768e+01 3.171681793997419785e+00 1.038132793756434413e+00
1.653931920034971981e+01 2.621837873547690378e+00 8.052516065853984051e-01
1.884299628142029093e+01 1.742701302702588384e+00 5.795844911814279632e-01
2.146754074702852577e+01 1.235404922727528554e+00 4.356738569968950925e-01
2.445764457215044274e+01 7.262312858353452416e-01 3.180082248178153215e-01
2.786422464810916466e+01 4.136448671307797476e-01 2.405264766037635837e-01
3.174528981929791982e+01 5.609911292028473273e-01 2.196079031386530267e-01
3.616692868500850011e+01 1.611607849274783177e-01 1.578507509790220420e-01
4.120443498711833286e+01 1.643315232247086755e-01 1.387210370195424980e-01
4.694358974726586098e+01 4.513765516957590762e-03 1.113127496984525344e-01
