1.069642439726958605e+00 -1.084748055751046270e+00 nan
1.218627458003121777e+00 -6.897196403808336651e-01 4.018157329644401754e-01
1.388363836590320144e+00 -6.745648256827765366e-01 3.492468974301227158e-01
1.581741926207981042e+00 -5.780858391651935158e-01 3.238411054153074176e-01
1.802054659727066133e+00 2.748340628081789028e-01 4.630762784009293531e-01
2.053053625776520175e+00 2.972504512067806637e+00 6.717896469963016148e-01
2.339012952555230562e+00 4.467754763102876225e+00 6.476713674102392293e-01
2.664802089693036891e+00 6.437701656371498160e+00 6.315087890201734888e-01
3.035968727524477995e+00 7.767242178671654784e+00 5.712327749703086655e-01
3.458833265763586962e+00 7.977140690174372217e+00 4.813542656267046915e-01
3.940596440236666886e+00 6.857537694989884969e+00 3.736496810598190499e-01
4.489461940391565875e+00 6.245812347429479772e+00 2.992706016278894321e-01
5.114776105571953835e+00 4.816056096672254760e+00 2.227315465212162116e-01
5.827187078870319503e+00 3.731007008785439449e+00 1.674741459507572972e-01
6.638826128706195817e+00 3.135945915967975672e+00 1.316005906661417424e-01
7.563514225758552811e+00 2.471390049415731927e+00 1.015108615904589395e-01
8.616997392941321721e+00 2.029578265357811606e+00 8.056209607030929976e-02
9.817214836071872952e+00 1.591625169085474134e+00 6.347828490740860252e-02
1.118460442108735009e+01 1.268799907515725245e+00 5.115776026422323708e-02
1.274245069961824761e+01 9.827085433102515921e-01 4.147647389716672267e-02
1.451728140926205768e+01 7.836170816753860180e-01 3.467927415881964792e-02
1.653931920034971981e+01 5.910390958762143931e-01 2.909104464365546219e-02
1.884299628142029093e+01 4.582526058943450220e-01 2.518112435346760158e-02
2.146754074702852577e+01 3.570166329947053185e-01 2.232308676862432284e-02
2.445764457215044274e+01 2.603400783690081877e-01 1.995292700082868659e-02
2.786422464810916466e+01 1.891469611900318260e-01 1.824683459803352198e-02
3.174528981929791982e+01 1.364358865087620387e-01 1.701712088378618676e-02
3.616692868500850011e+01 9.070796021075455684e-02 1.603766789111048252e-02
4.120443498711833286e+01 6.764478767196724363e-02 1.548204865118961611e-02
4.694358974726586098e+01 4.573570451273734072e-02 1.501611238886334763e-02
