1.069642439726958605e+00 -1.179799833360547279e+00 nan
1.218627458003121777e+00 -8.194664166096716773e-01 3.070004657113297175e-01
1.388363836590320144e+00 -8.666351187238645615e-01 2.239339961896364140e-01
1.581741926207981042e+00 -5.552684618307857090e-01 3.330378706297540958e-01
1.802054659727066133e+00 2.365808025254207969e-01 4.568226562633084797e-01
2.053053625776520175e+00 2.201432080510362432e+00 6.036727208590662030e-01
2.339012952555230562e+00 4.125916129864435788e+00 6.278579035657391172e-01
2.664802089693036891e+00 6.615252431570469049e+00 6.402575160339872840e-01
3.035968727524477995e+00 7.705907603755377977e+00 5.700624538389448270e-01
3.458833265763586962e+00 7.828802611305928139e+00 4.778562417331616019e-01
3.940596440236666886e+00 6.783873319094219312e+00 3.723330515848427003e-01
4.489461940391565875e+00 5.792000208933234084e+00 2.891506831154029289e-01
5.114776105571953835e+00 4.687043522126225881e+00 2.202601768844193730e-01
5.827187078870319503e+00 4.058619183790048268e+00 1.743813028228198836e-01
6.638826128706195817e+00 3.153054351159514823e+00 1.321233478244158432e-01
7.563514225758552811e+00 2.581852033003274816e+00 1.036423168734750683e-01
8.616997392941321721e+00 2.008112886249909579e+00 8.031165867124454016e-02
9.817214836071872952e+00 1.570103675658097497e+00 6.321564009019485508e-02
1.118460442108735009e+01 1.257293611099075115e+00 5.104602273975170079e-02
1.274245069961824761e+01 9.921425500809013531e-01 4.167308312320430058e-02
1.451728140926205768e+01 7.546565566527818625e-01 3.429288890269299034e-02
1.653931920034971981e+01 5.759103719815976685e-01 2.890503410373769858e-02
1.884299628142029093e+01 4.418883411668363959e-01 2.497421318795007422e-02
2.146754074702852577e+01 3.396623412297734568e-01 2.209973033322280844e-02
2.445764457215044274e+01 2.630663926943366260e-01 2.001162112225395376e-02
2.786422464810916466e+01 1.972987311835239232e-01 1.837944040217719815e-02
3.174528981929791982e+01 1.365489075686554532e-01 1.703455580397135460e-02
3.616692868500850011e+01 9.418111514898463987e-02 1.610101391971397941e-02
4.120443498711833286e+01 6.807048715580776843e-02 1.550169724678146684e-02
4.694358974726586098e+01 4.151924732117295846e-02 1.496987875885512700e-02
