1.069642439726958605e+00 -1.254553845893282116e+00 nan
1.218627458003121777e+00 -9.794432286381475894e-01 1.036597600022280269e-01
1.388363836590320144e+00 -1.066086432776756965e+00 nan
1.581741926207981042e+00 -5.104114387611664583e-01 3.496663106686312417e-01
1.802054659727066133e+00 3.151773204303174314e-01 4.714483622152499387e-01
2.053053625776520175e+00 2.489265722147747883e+00 6.307972175634418699e-01
2.339012952555230562e+00 4.452549852496801464e+00 6.482481196446413518e-01
2.664802089693036891e+00 6.225154949081360911e+00 6.236017591796507720e-01
3.035968727524477995e+00 7.355639906184488375e+00 5.583187483860253542e-01
3.458833265763586962e+00 7.862844259820800374e+00 4.791434040692863494e-01
3.940596440236666886e+00 6.988666298927833864e+00 3.778647554877042625e-01
4.489461940391565875e+00 5.777141679391474938e+00 2.889796321421764791e-01
5.114776105571953835e+00 4.809110876609253182e+00 2.230625723223928769e-01
5.827187078870319503e+00 3.901647618546607355e+00 1.713150568494377357e-01
6.638826128706195817e+00 3.072087711455229631e+00 1.306578538169685666e-01
7.563514225758552811e+00 2.518747911134861184e+00 1.025713750996329610e-01
8.616997392941321721e+00 2.016933422347280569e+00 8.050759302056371969e-02
9.817214836071872952e+00 1.516635421604364042e+00 6.237639790277842156e-02
1.118460442108735009e+01 1.245041182584682105e+00 5.088098187384999110e-02
1.274245069961824761e+01 9.645029950946990560e-01 4.127436293065402106e-02
1.451728140926205768e+01 7.739097094472582317e-01 3.459499006558920675e-02
1.653931920034971981e+01 5.731251756322639501e-01 2.887793530070320927e-02
1.884299628142029093e+01 4.657978453299354005e-01 2.532857124459330506e-02
2.146754074702852577e+01 3.434132200211428287e-01 2.216239891835933978e-02
2.445764457215044274e+01 2.560256720226166127e-01 1.991994417195652040e-02
2.786422464810916466e+01 1.931473448052751785e-01 1.832789799887217519e-02
3.174528981929791982e+01 1.334305708444707417e-01 1.699692534576812200e-02
3.616692868500850011e+01 9.330692995666423073e-02 1.609448312196280415e-02
4.120443498711833286e+01 6.712571105228382073e-02 1.549383575860941754e-02
4.694358974726586098e+01 4.620796534118865040e-02 1.504093878977796721e-02
