1.069642439726958605e+00 -1.048367396222331660e+00 nan
1.218627458003121777e+00 -9.116732978340942317e-01 1.420863853612886474e-01
1.388363836590320144e+00 -3.233654114809740854e-01 3.338320412885917299e-01
1.581741926207981042e+00 3.902876858871890953e-01 3.898807374651874769e-01
1.802054659727066133e+00 2.808849669212276190e+00 5.318981910546592973e-01
2.053053625776520175e+00 4.863800174484804728e+00 5.432382697159207074e-01
2.339012952555230562e+00 6.054982054653434531e+00 4.908375858517499135e-01
2.664802089693036891e+00 7.256871500050216639e+00 4.450501781791364464e-01
3.035968727524477995e+00 7.777895042963204553e+00 3.832967190538725255e-01
3.458833265763586962e+00 6.942533307770256457e+00 3.035112669664328799e-01
3.940596440236666886e+00 6.056527502623169745e+00 2.382889592323672034e-01
4.489461940391565875e+00 5.038581921566663624e+00 1.837478095228122221e-01
5.114776105571953835e+00 3.865436976471954278e+00 1.373782423451719581e-01
5.827187078870319503e+00 3.206740360808661539e+00 1.074428633923478621e-01
6.638826128706195817e+00 2.570426884324707562e+00 8.339206703476464977e-02
7.563514225758552811e+00 2.124051527321589194e+00 6.640454329597134109e-02
8.616997392941321721e+00 1.636583867302448647e+00 5.193929745776881823e-02
9.817214836071872952e+00 1.319930140147704378e+00 4.203568306488015410e-02
1.118460442108735009e+01 1.042026918923739665e+00 3.432654700514983781e-02
1.274245069961824761e+01 8.073473919702536250e-01 2.837766480733489721e-02
1.451728140926205768e+01 6.368576073900664714e-01 2.412562088760550338e-02
1.653931920034971981e+01 4.906408069330991939e-01 2.081373823690368940e-02
1.884299628142029093e+01 3.836646468100528562e-01 1.843058292828472430e-02
2.146754074702852577e+01 2.929027357354543337e-01 1.658339968194167194e-02
2.445764457215044274e+01 2.185431510282693779e-01 1.516828327537528796e-02
2.786422464810916466e+01 1.590202951830437250e-01 1.409593506591210431e-02
3.174528981929791982e+01 1.134151354839927350e-01 1.330466018020517137e-02
3.616692868500850011e+01 7.970961649646945979e-02 1.273438666574209198e-02
4.120443498711833286e+01 5.339839466158990966e-02 1.230701779529224868e-02
4.694358974726586098e+01 3.828243034662626165e-02 1.204807361033198403e-02
