1.069642439726958605e+00 -1.403612205448157457e+00 nan
1.218627458003121777e+00 -1.210624787452069917e+00 nan
1.388363836590320144e+00 -1.209307195993502670e+00 nan
1.581741926207981042e+00 -1.054210968102965662e+00 nan
1.802054659727066133e+00 -4.552122440343100429e-01 4.909454224405421785e-01
2.053053625776520175e+00 1.742235620605452340e-01 5.909927719161197635e-01
2.339012952555230562e+00 1.849231122541521888e+00 7.550340939119063455e-01
2.664802089693036891e+00 5.343245192345676742e+00 9.401868105479183058e-01
3.035968727524477995e+00 7.743509187822985140e+00 9.173547227665275194e-01
3.458833265763586962e+00 7.877746584529235818e+00 7.662806777533918146e-01
3.940596440236666886e+00 7.827114844901269741e+00 6.339593831897114562e-01
4.489461940391565875e+00 7.224481995178633653e+00 5.083183046829303775e-01
5.114776105571953835e+00 6.050694603493584012e+00 3.911184689811706972e-01
5.827187078870319503e+00 4.788776900722227836e+00 2.947348903806193965e-01
6.638826128706195817e+00 3.634301705828478557e+00 2.191311686365402522e-01
7.563514225758552811e+00 3.049757328040958004e+00 1.720547759870098836e-01
8.616997392941321721e+00 2.608723653558625788e+00 1.372868457404165521e-01
9.817214836071872952e+00 1.902234852470745530e+00 1.033065553382321450e-01
1.118460442108735009e+01 1.475982288977216506e+00 8.103012253411179255e-02
1.274245069961824761e+01 1.127830464348519524e+00 6.418676630241473835e-02
1.451728140926205768e+01 9.277640332130900891e-01 5.316794703964235203e-02
1.653931920034971981e+01 7.389873395087451780e-01 4.434998009166723348e-02
1.884299628142029093e+01 5.281357487004636475e-01 3.660683844863311942e-02
2.146754074702852577e+01 3.989700285944637326e-01 3.151898991150298840e-02
2.445764457215044274e+01 2.835521145239987550e-01 2.747733549987604884e-02
2.786422464810916466e+01 2.155481079558145829e-01 2.487144385453923107e-02
3.174528981929791982e+01 1.596114083657289573e-01 2.289626623207974970e-02
3.616692868500850011e+01 1.053619668581791124e-01 2.124774513294831746e-02
4.120443498711833286e+01 7.937292394164829901e-02 2.031395704129244570e-02
4.694358974726586098e+01 5.103642016407938797e-02 1.948484406188969939e-02
