1.069642439726958605e+00 -1.273525565525286840e+00 nan
1.218627458003121777e+00 -9.949909138303736356e-01 8.242640633496522984e-02
1.388363836590320144e+00 -6.579314876935000722e-01 5.781046669232201562e-01
1.581741926207981042e+00 -9.706814264881347132e-01 1.378111645936044849e-01
1.802054659727066133e+00 -4.061168661872880392e-01 5.100443254915578706e-01
2.053053625776520175e+00 5.479102838522915686e-01 6.753025647452398639e-01
2.339012952555230562e+00 2.352919089575893352e+00 8.153132929668884810e-01
2.664802089693036891e+00 5.649402180043947119e+00 9.581830798495492019e-01
3.035968727524477995e+00 6.678193361186139043e+00 8.539089458261132082e-01
3.458833265763586962e+00 7.391465427329110938e+00 7.404883581573020734e-01
3.940596440236666886e+00 8.063518102969426948e+00 6.398225004358977230e-01
4.489461940391565875e+00 6.904568524332262314e+00 4.951420769353025997e-01
5.114776105571953835e+00 5.568332311076670038e+00 3.743746244264162248e-01
5.827187078870319503e+00 4.863138407234422367e+00 2.954693204805883822e-01
6.638826128706195817e+00 3.758355201467836082e+00 2.214414787605340773e-01
7.563514225758552811e+00 3.157912792599815610e+00 1.739568151193150725e-01
8.616997392941321721e+00 2.396833683692850325e+00 1.317384531652093516e-01
9.817214836071872952e+00 1.961346175584516960e+00 1.041664268948954558e-01
1.118460442108735009e+01 1.513006033917899895e+00 8.146938579335596953e-02
1.274245069961824761e+01 1.192028045476181575e+00 6.522427287271222174e-02
1.451728140926205768e+01 9.496414483318502686e-01 5.338550576815913329e-02
1.653931920034971981e+01 7.441576903135020959e-01 4.428125945892655985e-02
1.884299628142029093e+01 5.841825952206021189e-01 3.751645069408788419e-02
2.146754074702852577e+01 4.280350174562417287e-01 3.194333184830710354e-02
2.445764457215044274e+01 3.301313985070759571e-01 2.823194488827389034e-02
2.786422464810916466e+01 2.426090348912399719e-01 2.528173181173934414e-02
3.174528981929791982e+01 1.811517676664011756e-01 2.321495828215354093e-02
3.616692868500850011e+01 1.260594897397826486e-01 2.155774145388746066e-02
4.120443498711833286e+01 8.835794168697819195e-02 2.041883005324705153e-02
4.694358974726586098e+01 5.819004833134377996e-02 1.956053316871777734e-02
