1.069642439726958605e+00 4.084010980473407049e-02 2.540080369602448940e+01
1.218627458003121777e+00 -1.492582068346668400e+00 nan
1.388363836590320144e+00 -5.957861628445553226e-01 1.020875446687945498e+01
1.581741926207981042e+00 -4.549418604651160880e-01 9.653271627307939085e+00
1.802054659727066133e+00 -6.986906836736170856e-01 5.900823371484649194e+00
2.053053625776520175e+00 -4.413480653666412845e-01 6.585376365762746431e+00
2.339012952555230562e+00 -8.521399001582856680e-01 2.774020850224074408e+00
2.664802089693036891e+00 -1.109867343068604129e+00 nan
3.035968727524477995e+00 -1.097015694307855060e+00 nan
3.458833265763586962e+00 -6.892249835703510019e-01 2.267378226810953912e+00
3.940596440236666886e+00 2.742722789906018477e+00 6.468357717938415519e+00
4.489461940391565875e+00 4.105869677679309326e+00 6.208152019830761148e+00
5.114776105571953835e+00 4.111015701753810703e+00 5.108762498525726059e+00
5.827187078870319503e+00 8.233181180141210476e+00 5.672692797914811180e+00
6.638826128706195817e+00 1.903184118086539556e+01 6.967961840268518614e+00
7.563514225758552811e+00 8.917160715144042626e+00 4.011820503955555672e+00
8.616997392941321721e+00 8.560845125828651092e+00 3.261500385842724725e+00
9.817214836071872952e+00 7.659057274926131420e+00 2.570575891761298415e+00
1.118460442108735009e+01 5.979984355390666195e+00 1.909013034451207513e+00
1.274245069961824761e+01 3.061790736648362987e+00 1.190839578669473209e+00
1.451728140926205768e+01 2.609732613882549401e+00 9.322117082168119850e-01
1.653931920034971981e+01 3.050572942254985875e+00 8.326918485520461433e-01
1.884299628142029093e+01 2.185382962532848694e+00 6.128726258489832768e-01
2.146754074702852577e+01 1.439857429686869805e+00 4.453030516247089565e-01
2.445764457215044274e+01 7.124696128610727985e-01 3.077387319778127628e-01
2.786422464810916466e+01 7.123161366967663000e-01 2.625528791883772750e-01
3.174528981929791982e+01 4.513983528694873737e-01 2.042286814305794562e-01
3.616692868500850011e+01 3.849724874533553276e-01 1.726466970726086847e-01
4.120443498711833286e+01 1.902283466023690917e-01 1.373987035273671886e-01
4.694358974726586098e+01 1.054312292655128491e-01 1.165119481558084397e-01
