1.069642439726958605e+00 -1.119083878194742976e+00 nan
1.218627458003121777e+00 -8.880774537697655457e-01 1.597927742083261049e-01
1.388363836590320144e+00 -7.571622418827219647e-01 1.997667949893775496e-01
1.581741926207981042e+00 3.857974577063976174e-01 3.888816431525701778e-01
1.802054659727066133e+00 2.368534667934666160e+00 4.995443861843333333e-01
2.053053625776520175e+00 4.403602476970492674e+00 5.206846884576069590e-01
2.339012952555230562e+00 6.431868664757192988e+00 5.036704128987201656e-01
2.664802089693036891e+00 7.490115560383559412e+00 4.511615170611177339e-01
3.035968727524477995e+00 7.468772961885306927e+00 3.756888176057439632e-01
3.458833265763586962e+00 6.778668848015220405e+00 2.998153405036879104e-01
3.940596440236666886e+00 6.004204362658006389e+00 2.370913168963438844e-01
4.489461940391565875e+00 4.976809874593166150e+00 1.825128884156104192e-01
5.114776105571953835e+00 3.996098513761491500e+00 1.393956352593996029e-01
5.827187078870319503e+00 3.277675609301594850e+00 1.084354320685704531e-01
6.638826128706195817e+00 2.598692330431137343e+00 8.373107951667932425e-02
7.563514225758552811e+00 2.073686466226380531e+00 6.566013960616774725e-02
8.616997392941321721e+00 1.642293166518912884e+00 5.197353041427626996e-02
9.817214836071872952e+00 1.332083785153781008e+00 4.215759363017821532e-02
1.118460442108735009e+01 1.025038247560824622e+00 3.409281955354055010e-02
1.274245069961824761e+01 8.238588211893884683e-01 2.855605719970809309e-02
1.451728140926205768e+01 6.429112330024298050e-01 2.418104825432053004e-02
1.653931920034971981e+01 5.012079400675502061e-01 2.092376318898206411e-02
1.884299628142029093e+01 3.782970707814643507e-01 1.835752731213789735e-02
2.146754074702852577e+01 3.011012960173093944e-01 1.666821027647904727e-02
2.445764457215044274e+01 2.311870304316432367e-01 1.530493413329790144e-02
2.786422464810916466e+01 1.691898647271152800e-01 1.420487686977706283e-02
3.174528981929791982e+01 1.208421061706748123e-01 1.338275152436531855e-02
3.616692868500850011e+01 8.700240305425666065e-02 1.281134126478278984e-02
4.120443498711833286e+01 6.196991797437489957e-02 1.239888103888387057e-02
4.694358974726586098e+01 3.706138047170637329e-02 1.202825268403661003e-02
