1.069642439726958605e+00 -1.763237301530282242e+00 nan
1.218627458003121777e+00 -8.949499533243439053e-01 2.208019495424694778e+00
1.388363836590320144e+00 -1.585975436656755555e+00 nan
1.581741926207981042e+00 -9.528729838709677491e-01 1.022027762963032549e+00
1.802054659727066133e+00 -6.741764717700080567e-01 2.209432547136427338e+00
2.053053625776520175e+00 -8.166618683676636348e-01 1.358353987859572731e+00
2.339012952555230562e+00 -1.160426078787367032e+00 nan
2.664802089693036891e+00 -1.379335593664418713e+00 nan
3.035968727524477995e+00 8.912014586645922165e-02 1.857447798523127691e+00
3.458833265763586962e+00 3.925307169472769253e+00 3.256867005697458683e+00
3.940596440236666886e+00 1.105423109743650656e+01 4.208355647638517105e+00
4.489461940391565875e+00 1.061706528144749484e+01 3.402938951812518376e+00
5.114776105571953835e+00 9.697924596296822131e+00 2.694201358517951395e+00
5.827187078870319503e+00 9.411284214337722887e+00 2.200346508461643147e+00
6.638826128706195817e+00 7.951024043368903449e+00 1.685716189998049730e+00
7.563514225758552811e+00 6.526074335451431452e+00 1.280198645317666806e+00
8.616997392941321721e+00 5.492231336388995189e+00 9.865643742988877696e-01
9.817214836071872952e+00 3.356569093682525207e+00 6.641229489820129617e-01
1.118460442108735009e+01 3.388856639630378087e+00 5.589274813089178950e-01
1.274245069961824761e+01 2.886162331083237387e+00 4.398063783893876866e-01
1.451728140926205768e+01 1.994743175674768665e+00 3.208068831347368199e-01
1.653931920034971981e+01 1.432355526433016113e+00 2.416393884850627505e-01
1.884299628142029093e+01 1.257015335443661730e+00 1.979073682958300828e-01
2.146754074702852577e+01 7.741524297911830388e-01 1.471435361278894405e-01
2.445764457215044274e+01 6.633614711834696642e-01 1.231514773040038452e-01
2.786422464810916466e+01 5.269845069691880823e-01 1.027480923371323629e-01
3.174528981929791982e+01 2.692907064645764237e-01 8.057883056339157357e-02
3.616692868500850011e+01 2.410179585298961591e-01 7.195351364814721318e-02
4.120443498711833286e+01 1.600783227900799410e-01 6.296774895923717974e-02
4.694358974726586098e+01 1.106796592688303882e-01 5.693395430805091306e-02
