1.069642439726958605e+00 -2.445497006549207430e+00 nan
1.218627458003121777e+00 -1.089234165578937485e+00 nan
1.388363836590320144e+00 -1.292955117651644947e+00 nan
1.581741926207981042e+00 -1.755762685643564414e+00 nan
1.802054659727066133e+00 -1.055424579202782542e+00 nan
2.053053625776520175e+00 -1.286779870725184516e+00 nan
2.339012952555230562e+00 -1.082760419366544102e+00 nan
2.664802089693036891e+00 -1.044354876347719951e+00 nan
3.035968727524477995e+00 2.652152860692584824e-01 1.997134887906550471e+00
3.458833265763586962e+00 2.377419731399223135e+00 2.688502239523727244e+00
3.940596440236666886e+00 5.761254939451148083e+00 3.133457419351083573e+00
4.489461940391565875e+00 9.650438277725784886e+00 3.247370024929562504e+00
5.114776105571953835e+00 8.645113000467830489e+00 2.548260867141598496e+00
5.827187078870319503e+00 1.006756102926579288e+01 2.266114592643222903e+00
6.638826128706195817e+00 8.166138146718648017e+00 1.702815014984601305e+00
7.563514225758552811e+00 5.826728548861332513e+00 1.212698764226805892e+00
8.616997392941321721e+00 5.284899430524598429e+00 9.671275316043463910e-01
9.817214836071872952e+00 3.707187207538856111e+00 6.909106992207129094e-01
1.118460442108735009e+01 3.575739348840061282e+00 5.707640090676637801e-01
1.274245069961824761e+01 2.510772665989405183e+00 4.141220178241595828e-01
1.451728140926205768e+01 1.872524291990248280e+00 3.124364700337925460e-01
1.653931920034971981e+01 1.626888221880510965e+00 2.524393852600275157e-01
1.884299628142029093e+01 9.895652297541259745e-01 1.827243654127035655e-01
2.146754074702852577e+01 7.369608859955842917e-01 1.448681013228981795e-01
2.445764457215044274e+01 6.322141804862659864e-01 1.213540228050358633e-01
2.786422464810916466e+01 3.942108274641302756e-01 9.621681618960045701e-02
3.174528981929791982e+01 3.243310537022430218e-01 8.297016319943796570e-02
3.616692868500850011e+01 2.211052098152443968e-01 7.092862795169108114e-02
4.120443498711833286e+01 1.859419256722472102e-01 6.400434861435475020e-02
4.694358974726586098e+01 1.452360853349903280e-01 5.835335954852104851e-02
