1.069642439726958605e+00 -1.079199562813201396e+00 nan
1.218627458003121777e+00 -8.010815505526571734e-01 3.048315834816062164e+00
1.388363836590320144e+00 -5.854819578098504618e-01 3.734532925477791476e+00
1.581741926207981042e+00 -1.007040609926870722e+00 nan
1.802054659727066133e+00 -1.099558481790301023e+00 nan
2.053053625776520175e+00 -1.321642369642416881e+00 nan
2.339012952555230562e+00 -7.601725418860385552e-01 1.276259453671723998e+00
2.664802089693036891e+00 -9.959449078936197797e-01 1.377966679566124675e-01
3.035968727524477995e+00 -1.277836544426946830e-02 1.774146515452260431e+00
3.458833265763586962e+00 3.375104969973744318e+00 3.078849763111859428e+00
3.940596440236666886e+00 6.247483121802357431e+00 3.263776503485358749e+00
4.489461940391565875e+00 8.683762915596640042e+00 3.111335295610806906e+00
5.114776105571953835e+00 8.739107808094189522e+00 2.575526056149848753e+00
5.827187078870319503e+00 7.952652241672067746e+00 2.040961573870501145e+00
6.638826128706195817e+00 7.770013784497964870e+00 1.673008417214890464e+00
7.563514225758552811e+00 6.693052911225223056e+00 1.299339140721242902e+00
8.616997392941321721e+00 4.815137858393987003e+00 9.326976964395818914e-01
9.817214836071872952e+00 4.640783925662832488e+00 7.669335278464110006e-01
1.118460442108735009e+01 3.255099978404267347e+00 5.510763644671884398e-01
1.274245069961824761e+01 2.241094897262216890e+00 3.979920042166806837e-01
1.451728140926205768e+01 2.214488872523689089e+00 3.353387823904205867e-01
1.653931920034971981e+01 1.256955995754311717e+00 2.318643851490675700e-01
1.884299628142029093e+01 8.942194363847288940e-01 1.782624276040176148e-01
2.146754074702852577e+01 8.065564428344180747e-01 1.492673214237970059e-01
2.445764457215044274e+01 6.003161567820727296e-01 1.203426150113198201e-01
2.786422464810916466e+01 4.845022234637701430e-01 1.009904118715311688e-01
3.174528981929791982e+01 3.439642374114273426e-01 8.424316645766764811e-02
3.616692868500850011e+01 2.941885230144920538e-01 7.451947048540763507e-02
4.120443498711833286e+01 1.550756270414901383e-01 6.288653914953232227e-02
4.694358974726586098e+01 1.271925111409077935e-01 5.777816062687095300e-02
