1.069642439726958605e+00 -1.388202336892440769e+00 nan
1.218627458003121777e+00 -2.806556766597312347e-01 5.707199923110099604e+00
1.388363836590320144e+00 -1.483332212285099150e+00 nan
1.581741926207981042e+00 -1.352366727941176627e+00 nan
1.802054659727066133e+00 -1.257881381351585670e+00 nan
2.053053625776520175e+00 -9.012083109460491404e-01 9.848903707129876839e-01
2.339012952555230562e+00 -9.477666884816755566e-01 5.863808536319968789e-01
2.664802089693036891e+00 -9.453146329359434219e-01 4.982026232197599436e-01
3.035968727524477995e+00 1.211066852892090928e-01 1.861454898963590843e+00
3.458833265763586962e+00 1.084798973569340852e+00 2.090408305714764214e+00
3.940596440236666886e+00 4.071974857851069274e+00 2.684504195678391270e+00
4.489461940391565875e+00 9.387472766839682237e+00 3.175109197019888363e+00
5.114776105571953835e+00 8.385966863560497586e+00 2.488576914558984221e+00
5.827187078870319503e+00 7.984078694119848052e+00 2.013602551912064165e+00
6.638826128706195817e+00 7.241986455935695233e+00 1.594904753043834500e+00
7.563514225758552811e+00 7.232894183048535375e+00 1.327119301250462735e+00
8.616997392941321721e+00 5.110040911672488306e+00 9.435556904765065589e-01
9.817214836071872952e+00 3.797914216934350051e+00 6.915715471551635574e-01
1.118460442108735009e+01 3.028931853461679147e+00 5.268080768178698969e-01
1.274245069961824761e+01 2.628314439921115131e+00 4.180835936805334385e-01
1.451728140926205768e+01 1.740948449071578530e+00 3.013413909414085490e-01
1.653931920034971981e+01 1.577057521708986165e+00 2.473516889368489180e-01
1.884299628142029093e+01 1.014953285467826483e+00 1.825396332617502115e-01
2.146754074702852577e+01 8.356171033485610966e-01 1.487829385790568060e-01
2.445764457215044274e+01 6.090550350749441844e-01 1.192199295074825860e-01
2.786422464810916466e+01 4.698663198183172796e-01 9.905019430427554339e-02
3.174528981929791982e+01 3.817565361760666409e-01 8.497789306072207893e-02
3.616692868500850011e+01 2.813880424769077404e-01 7.311918908951953178e-02
4.120443498711833286e+01 1.745958036807822022e-01 6.307774555432363317e-02
4.694358974726586098e+01 1.464389086894022363e-01 5.803771730385963445e-02
