1.069642439726958605e+00 -1.110669986034143797e+00 nan
1.218627458003121777e+00 -8.703732855507353428e-01 1.722696474112167808e-01
1.388363836590320144e+00 -5.991963013212318057e-01 2.571101137692666794e-01
1.581741926207981042e+00 6.002489078423403068e-01 4.186752343651762298e-01
1.802054659727066133e+00 1.905909365261557742e+00 4.645972435608954343e-01
2.053053625776520175e+00 5.184985759591141274e+00 5.585964737631559096e-01
2.339012952555230562e+00 6.537105543180566691e+00 5.082028619236332867e-01
2.664802089693036891e+00 7.604215563794814337e+00 4.551021608346585978e-01
3.035968727524477995e+00 7.601241611592244318e+00 3.794539793294989805e-01
3.458833265763586962e+00 6.776134304529568553e+00 3.002648376695166155e-01
3.940596440236666886e+00 6.083868028592537058e+00 2.389845428048838760e-01
4.489461940391565875e+00 4.924479871541980636e+00 1.818971574176386219e-01
5.114776105571953835e+00 4.152340989917734149e+00 1.421565599119563317e-01
5.827187078870319503e+00 3.192795106616908907e+00 1.073068317252265091e-01
6.638826128706195817e+00 2.653164973879971633e+00 8.464632143804207143e-02
7.563514225758552811e+00 2.015208606141928094e+00 6.495310152377688218e-02
8.616997392941321721e+00 1.647346713365987370e+00 5.211583821419149554e-02
9.817214836071872952e+00 1.306401405200211308e+00 4.189134871352672568e-02
1.118460442108735009e+01 1.048369045907192598e+00 3.442579173050212132e-02
1.274245069961824761e+01 8.294084069605549558e-01 2.865943591493278278e-02
1.451728140926205768e+01 6.426634879323149807e-01 2.420775667070793405e-02
1.653931920034971981e+01 5.022336174110451079e-01 2.096009127137549860e-02
1.884299628142029093e+01 3.772950697170276424e-01 1.836628583217845764e-02
2.146754074702852577e+01 2.921425730579387814e-01 1.658271112295105210e-02
2.445764457215044274e+01 2.207446060151083689e-01 1.520061752885988951e-02
2.786422464810916466e+01 1.600698549803256654e-01 1.411430295639735759e-02
3.174528981929791982e+01 1.164758577136784101e-01 1.334550724993394805e-02
3.616692868500850011e+01 7.715110275664227579e-02 1.271056528727141158e-02
4.120443498711833286e+01 5.222252620496226072e-02 1.229874387844333457e-02
4.694358974726586098e+01 3.642929226150304345e-02 1.203188460037907595e-02
