1.069642439726958605e+00 -9.174939862534718937e-01 7.148410451454422443e+00
1.218627458003121777e+00 -6.610060446838754711e-01 1.101124792665153507e+01
1.388363836590320144e+00 -1.791423621488958950e+00 nan
1.581741926207981042e+00 -4.543155402496772410e-01 9.654657592305953884e+00
1.802054659727066133e+00 -6.085931489413078932e-01 6.722555380006573600e+00
2.053053625776520175e+00 -8.009094962232792270e-01 3.929551532663547064e+00
2.339012952555230562e+00 -1.052575485752536455e+00 nan
2.664802089693036891e+00 -7.759655511177647735e-01 2.834139430739571086e+00
3.035968727524477995e+00 -1.039461273499810989e+00 nan
3.458833265763586962e+00 -1.097830612007260509e+00 nan
3.940596440236666886e+00 2.757631442624012497e+00 6.478461971652461848e+00
4.489461940391565875e+00 1.544841425334093188e+00 4.377134519701722404e+00
5.114776105571953835e+00 9.112497668853221100e+00 7.201145656717008237e+00
5.827187078870319503e+00 1.052377606067940441e+01 6.345441656845303591e+00
6.638826128706195817e+00 8.274104070825124779e+00 4.684435954227420318e+00
7.563514225758552811e+00 1.003534317383333985e+01 4.237686306358264154e+00
8.616997392941321721e+00 6.795348590342670470e+00 2.931671854023801593e+00
9.817214836071872952e+00 5.229989771563923640e+00 2.161493680700503628e+00
1.118460442108735009e+01 4.831953642448037378e+00 1.734304957982225837e+00
1.274245069961824761e+01 4.628243282636779199e+00 1.417356303763913417e+00
1.451728140926205768e+01 2.344247552585067673e+00 8.943445926117249423e-01
1.653931920034971981e+01 2.059479359394453368e+00 7.124841208654359992e-01
1.884299628142029093e+01 1.585493692411410693e+00 5.446274498918652895e-01
2.146754074702852577e+01 1.019294674601431527e+00 3.994960330401389759e-01
2.445764457215044274e+01 1.100352083104757517e+00 3.468000901827775206e-01
2.786422464810916466e+01 4.412938612323005216e-01 2.365606604931323187e-01
3.174528981929791982e+01 5.780156429117833117e-01 2.152816481583469110e-01
3.616692868500850011e+01 1.963167585041087904e-01 1.567238186164651159e-01
4.120443498711833286e+01 2.636246430989477307e-01 1.432052454253984197e-01
4.694358974726586098e+01 2.258320767786645700e-01 1.257221717627263202e-01
