1.069642439726958605e+00 -9.811409137779460998e-01 1.307541305998032866e-01
1.218627458003121777e+00 -1.097503745583982226e+00 nan
1.388363836590320144e+00 -1.014277180412593626e+00 nan
1.581741926207981042e+00 -4.075515517350729588e-01 3.849613630616194881e-01
1.802054659727066133e+00 3.088100418689421200e-01 4.706678410993730410e-01
2.053053625776520175e+00 2.480692381951537850e+00 6.305034169011500822e-01
2.339012952555230562e+00 4.640988270542615979e+00 6.600207252477171549e-01
2.664802089693036891e+00 6.790006064532104091e+00 6.486846602851233934e-01
3.035968727524477995e+00 7.659618866376094459e+00 5.692714046460389810e-01
3.458833265763586962e+00 7.527906667293702725e+00 4.697535099812539805e-01
3.940596440236666886e+00 7.327708370028037876e+00 3.868074336928631896e-01
4.489461940391565875e+00 6.149314128546354397e+00 2.979097571178516146e-01
5.114776105571953835e+00 4.818756190811294360e+00 2.234337748006023916e-01
5.827187078870319503e+00 3.870455303551656900e+00 1.708027297922892485e-01
6.638826128706195817e+00 3.094166764160558358e+00 1.311714239522801251e-01
7.563514225758552811e+00 2.524184429019073583e+00 1.027392523773481281e-01
8.616997392941321721e+00 1.982458233080107934e+00 7.997268668677265380e-02
9.817214836071872952e+00 1.534557437097981314e+00 6.271041514291637864e-02
1.118460442108735009e+01 1.257014793080140080e+00 5.110068477510250340e-02
1.274245069961824761e+01 9.867062218978404076e-01 4.163674183500305770e-02
1.451728140926205768e+01 7.603115164936034009e-01 3.441321041555859411e-02
1.653931920034971981e+01 5.663079811263045382e-01 2.879443767001092780e-02
1.884299628142029093e+01 4.552226890995654252e-01 2.518980331375317988e-02
2.146754074702852577e+01 3.233004741838012563e-01 2.188686037641359577e-02
2.445764457215044274e+01 2.431703761942827224e-01 1.974723372040839905e-02
2.786422464810916466e+01 1.825952726670829751e-01 1.818719686480452583e-02
3.174528981929791982e+01 1.276487412919047326e-01 1.692284189172404973e-02
3.616692868500850011e+01 8.719717505056223672e-02 1.601527006505295073e-02
4.120443498711833286e+01 6.376199287393813364e-02 1.545289271568889462e-02
4.694358974726586098e+01 4.199121799381555498e-02 1.498771713980104163e-02
