1.069642439726958605e+00 -2.384755721935269968e+00 nan
1.218627458003121777e+00 -6.754307606602878433e-01 1.086801609475858932e+01
1.388363836590320144e+00 -1.212308411385998763e+00 nan
1.581741926207981042e+00 -8.670212765957447942e-01 4.807402986378816578e+00
1.802054659727066133e+00 -1.253559297649598836e+00 nan
2.053053625776520175e+00 -1.058755736440975870e+00 nan
2.339012952555230562e+00 -1.395169458002651020e+00 nan
2.664802089693036891e+00 -9.313408481600979893e-01 1.582574749389852986e+00
3.035968727524477995e+00 -7.333584092767302387e-01 2.572809060628233890e+00
3.458833265763586962e+00 -9.612160113990115828e-01 8.075654565327168299e-01
3.940596440236666886e+00 -1.063093079462250845e+00 nan
4.489461940391565875e+00 6.681041047964927593e+00 7.683865424931436650e+00
5.114776105571953835e+00 1.445204642207161072e+01 9.002380877482357491e+00
5.827187078870319503e+00 8.283333364179370051e+00 5.734905784828191244e+00
6.638826128706195817e+00 8.382340862308296892e+00 4.752761388378842433e+00
7.563514225758552811e+00 1.179436214177624009e+01 4.614608583164108602e+00
8.616997392941321721e+00 6.637439417262442021e+00 2.925498343720664085e+00
9.817214836071872952e+00 7.261341090930480746e+00 2.527575004295986361e+00
1.118460442108735009e+01 3.597958662715113221e+00 1.543367020254597932e+00
1.274245069961824761e+01 3.715284903640436731e+00 1.299526114929886011e+00
1.451728140926205768e+01 4.290056962820058217e+00 1.157646849027344604e+00
1.653931920034971981e+01 1.632298507370505192e+00 6.619303780716586649e-01
1.884299628142029093e+01 1.685006727737532906e+00 5.607924390542238235e-01
2.146754074702852577e+01 1.293895461021079552e+00 4.330545442919589982e-01
2.445764457215044274e+01 8.169251143603859511e-01 3.209360813322411077e-01
2.786422464810916466e+01 6.822310045631603259e-01 2.616439570114461044e-01
3.174528981929791982e+01 5.909371292242642237e-01 2.180238948478813166e-01
3.616692868500850011e+01 3.218177275551199479e-01 1.685390543404896024e-01
4.120443498711833286e+01 3.533156769150376242e-01 1.513328340894853352e-01
4.694358974726586098e+01 1.279942923269659083e-01 1.189985723317724536e-01
