1.069642439726958605e+00 -1.304396077157639056e+00 nan
1.218627458003121777e+00 -7.402379675433350403e-01 5.939382988280819120e-01
1.388363836590320144e+00 -8.800857152824590468e-01 3.424704322941413137e-01
1.581741926207981042e+00 -7.925742180245667345e-01 3.667893749452565966e-01
1.802054659727066133e+00 -2.356067341194327813e-01 5.790233579200382286e-01
2.053053625776520175e+00 4.207537346189436089e-01 6.473040196081487618e-01
2.339012952555230562e+00 2.175571467563940153e+00 7.938069259645800235e-01
2.664802089693036891e+00 4.211804747485080824e+00 8.473885647332837223e-01
3.035968727524477995e+00 7.150942647533065077e+00 8.810074664556271085e-01
3.458833265763586962e+00 8.673501314525022821e+00 7.979763469567483503e-01
3.940596440236666886e+00 7.690360207977811058e+00 6.260428621259412907e-01
4.489461940391565875e+00 7.038103728988405194e+00 4.999283828671833851e-01
5.114776105571953835e+00 5.888793012020153483e+00 3.845262774593974364e-01
5.827187078870319503e+00 4.924497337315553835e+00 2.973685221215662255e-01
6.638826128706195817e+00 3.938742975511069666e+00 2.263492167419046408e-01
7.563514225758552811e+00 3.182833276978897175e+00 1.746649465624263431e-01
8.616997392941321721e+00 2.473182828672726430e+00 1.335965978249836483e-01
9.817214836071872952e+00 2.037468872490233007e+00 1.058985412039949309e-01
1.118460442108735009e+01 1.575647833283499333e+00 8.283003199098359914e-02
1.274245069961824761e+01 1.220191192927152279e+00 6.582474585395721445e-02
1.451728140926205768e+01 9.781052115247195200e-01 5.396485823772219359e-02
1.653931920034971981e+01 6.943727548632152580e-01 4.335528030316376791e-02
1.884299628142029093e+01 5.523467093885372492e-01 3.694075122899938279e-02
2.146754074702852577e+01 4.410645153218131220e-01 3.219447240808555322e-02
2.445764457215044274e+01 3.211751690984752106e-01 2.808036210185735695e-02
2.786422464810916466e+01 2.343401786657282049e-01 2.514198995018192620e-02
3.174528981929791982e+01 1.699487479619750108e-01 2.302208483933616823e-02
3.616692868500850011e+01 1.060432928030223820e-01 2.120680967728910682e-02
4.120443498711833286e+01 7.481456675216024976e-02 2.018339823975976929e-02
4.694358974726586098e+01 5.183125418670542217e-02 1.945310309811050173e-02
