1.069642439726958605e+00 -1.014929974396930668e+00 nan
1.218627458003121777e+00 -9.393431050465637089e-01 1.631263322195921184e+00
1.388363836590320144e+00 -1.165030902704252025e+00 nan
1.581741926207981042e+00 -1.315477985524728499e+00 nan
1.802054659727066133e+00 -1.347684135624408253e+00 nan
2.053053625776520175e+00 -1.039609658692639993e+00 nan
2.339012952555230562e+00 -1.015903279514207114e+00 nan
2.664802089693036891e+00 -9.731281546268404359e-01 3.437572671726986107e-01
3.035968727524477995e+00 -1.017419615603524896e+00 nan
3.458833265763586962e+00 2.254706518467567644e+00 2.572305828280795126e+00
3.940596440236666886e+00 6.208135230910501789e+00 3.154667398463110395e+00
4.489461940391565875e+00 1.188022136506416970e+01 3.489050961820917784e+00
5.114776105571953835e+00 9.593820508293614324e+00 2.607379277377483096e+00
5.827187078870319503e+00 8.801475166068591705e+00 2.074326885212181448e+00
6.638826128706195817e+00 8.136896590031984289e+00 1.658039387181031499e+00
7.563514225758552811e+00 6.648040277575931967e+00 1.256545648032429741e+00
8.616997392941321721e+00 6.011336905431189592e+00 1.001240772935100720e+00
9.817214836071872952e+00 4.532341170111251927e+00 7.364947106436163793e-01
1.118460442108735009e+01 3.383290076540934166e+00 5.439225160606681042e-01
1.274245069961824761e+01 2.701152109918368627e+00 4.166809664451556205e-01
1.451728140926205768e+01 1.783462962109175987e+00 2.996265444075789097e-01
1.653931920034971981e+01 1.580417307093533896e+00 2.440503282839578958e-01
1.884299628142029093e+01 1.153028415841138576e+00 1.875021646948093479e-01
2.146754074702852577e+01 9.190789110420185537e-01 1.510378961753081617e-01
2.445764457215044274e+01 7.419052014681595253e-01 1.241222551440592098e-01
2.786422464810916466e+01 5.605682748286713313e-01 1.020461190768295889e-01
3.174528981929791982e+01 3.527681193796785575e-01 8.265487261618147119e-02
3.616692868500850011e+01 2.854983819265395351e-01 7.247731106826543757e-02
4.120443498711833286e+01 1.812354332445960114e-01 6.269242688544915398e-02
4.694358974726586098e+01 9.146407925996724586e-02 5.508174113348446310e-02
