1.069642439726958605e+00 -1.042459852303364354e+00 nan
1.218627458003121777e+00 -1.051311558639363763e+00 nan
1.388363836590320144e+00 -9.822298334999146618e-01 1.320894318433036008e-01
1.581741926207981042e+00 -1.155263157894736992e+00 nan
1.802054659727066133e+00 -7.704610482390537030e-01 3.178508601007263290e-01
2.053053625776520175e+00 3.852333182197260619e-01 6.403882196201884369e-01
2.339012952555230562e+00 3.017820997817737272e+00 8.952239275159670218e-01
2.664802089693036891e+00 5.297084121358890840e+00 9.344110562471596992e-01
3.035968727524477995e+00 7.382804963043638757e+00 8.955065355825776452e-01
3.458833265763586962e+00 7.783416094103715821e+00 7.601811233372487431e-01
3.940596440236666886e+00 8.493231820966187229e+00 6.574055128563192074e-01
4.489461940391565875e+00 6.679311670701018500e+00 4.886542399042229090e-01
5.114776105571953835e+00 5.813755784557081085e+00 3.829175673653488765e-01
5.827187078870319503e+00 4.564013388237181168e+00 2.875933595187366021e-01
6.638826128706195817e+00 4.039530018977582237e+00 2.294105997493931515e-01
7.563514225758552811e+00 3.043039922898609806e+00 1.714994205125136006e-01
8.616997392941321721e+00 2.547741968718115757e+00 1.355683158699545199e-01
9.817214836071872952e+00 1.791161683254485215e+00 1.006012594575387414e-01
1.118460442108735009e+01 1.551995854363863447e+00 8.246755380923029288e-02
1.274245069961824761e+01 1.151824519635233024e+00 6.454381665831196435e-02
1.451728140926205768e+01 9.580790535140659703e-01 5.365646331268942443e-02
1.653931920034971981e+01 7.362804299459309032e-01 4.421586831898148551e-02
1.884299628142029093e+01 5.634468104534720023e-01 3.719878167893450605e-02
2.146754074702852577e+01 4.400105216554457410e-01 3.221771054996219741e-02
2.445764457215044274e+01 3.217583615633263783e-01 2.812622008716928954e-02
2.786422464810916466e+01 2.453432745753698629e-01 2.537028467296280343e-02
3.174528981929791982e+01 1.784084984927167827e-01 2.320019982528937971e-02
3.616692868500850011e+01 1.337468434867303824e-01 2.172617635250663481e-02
4.120443498711833286e+01 8.719315480031819554e-02 2.042624449060280456e-02
4.694358974726586098e+01 5.620819855630521111e-02 1.955149860882247209e-02
