1.069642439726958605e+00 -1.418958084597960134e+00 nan
1.218627458003121777e+00 -3.969288488546418581e-01 5.292922226414991549e+00
1.388363836590320144e+00 -8.685182743066623967e-01 2.097389787187713850e+00
1.581741926207981042e+00 -1.192048099301784347e+00 nan
1.802054659727066133e+00 -6.749557626024846879e-01 2.207815913809812347e+00
2.053053625776520175e+00 -5.795005506079515811e-01 2.058168443167170292e+00
2.339012952555230562e+00 -1.016369176966600119e+00 nan
2.664802089693036891e+00 -1.090389126324991853e+00 nan
3.035968727524477995e+00 1.300261046019040023e-01 1.892911168710766923e+00
3.458833265763586962e+00 3.919778283239604200e+00 3.256542762745359365e+00
3.940596440236666886e+00 6.667260104811051136e+00 3.348527525848991271e+00
4.489461940391565875e+00 9.411492391751323794e+00 3.219387721903971933e+00
5.114776105571953835e+00 1.241183505780074547e+01 3.029236776497668870e+00
5.827187078870319503e+00 9.210990727936707145e+00 2.179198184860938081e+00
6.638826128706195817e+00 6.959966137180400025e+00 1.585754057812065243e+00
7.563514225758552811e+00 8.129097936148466985e+00 1.420221364842362499e+00
8.616997392941321721e+00 5.405066663030009266e+00 9.798266666398600666e-01
9.817214836071872952e+00 4.759377327093604393e+00 7.737207721880369204e-01
1.118460442108735009e+01 3.406940491720899189e+00 5.604559572254600441e-01
1.274245069961824761e+01 2.512844421288173535e+00 4.154003071082928433e-01
1.451728140926205768e+01 2.167586788460089231e+00 3.316165292714622348e-01
1.653931920034971981e+01 1.419313991478173609e+00 2.409704620398307739e-01
1.884299628142029093e+01 1.154449007411660899e+00 1.923709974853357596e-01
2.146754074702852577e+01 1.014207670804702754e+00 1.596898463435863502e-01
2.445764457215044274e+01 5.495927549954073843e-01 1.175229239202543047e-01
2.786422464810916466e+01 4.955361905262123390e-01 1.012907938843414513e-01
3.174528981929791982e+01 3.178976206082058109e-01 8.285947371316863819e-02
3.616692868500850011e+01 2.091200536391832898e-01 7.053950378405164645e-02
4.120443498711833286e+01 1.340016957244301032e-01 6.183221531635307161e-02
4.694358974726586098e+01 9.530403335730253112e-02 5.627759704412737402e-02
