1.069642439726958605e+00 -1.084017950164231525e+00 nan
1.218627458003121777e+00 -8.932308308515153339e-01 1.570781630386041683e-01
1.388363836590320144e+00 -3.019215251468523320e-01 3.409496796124141249e-01
1.581741926207981042e+00 2.170015358785175597e-01 3.667435864063869899e-01
1.802054659727066133e+00 2.271374629354721009e+00 4.954145752280647574e-01
2.053053625776520175e+00 4.632271549712829284e+00 5.351541175277183537e-01
2.339012952555230562e+00 6.666471606348636669e+00 5.150439775043557100e-01
2.664802089693036891e+00 7.130311948696012259e+00 4.438504608236358284e-01
3.035968727524477995e+00 7.714939336826361682e+00 3.838563135074154475e-01
3.458833265763586962e+00 6.959771069160616719e+00 3.054677527533666281e-01
3.940596440236666886e+00 5.920011441390010454e+00 2.369356642411599989e-01
4.489461940391565875e+00 4.977159122257242885e+00 1.836150260704003112e-01
5.114776105571953835e+00 3.989749637855246167e+00 1.401162989644248735e-01
5.827187078870319503e+00 3.216787568584134949e+00 1.081296968077043313e-01
6.638826128706195817e+00 2.691172844254161589e+00 8.554411191454582009e-02
7.563514225758552811e+00 2.082820791418122930e+00 6.614945791706411393e-02
8.616997392941321721e+00 1.650918039501667156e+00 5.236639387482681929e-02
9.817214836071872952e+00 1.333714414448249119e+00 4.239613180348585780e-02
1.118460442108735009e+01 1.049273272339415586e+00 3.456114833992419283e-02
1.274245069961824761e+01 8.394652194179792470e-01 2.887916889409872234e-02
1.451728140926205768e+01 6.532186449861290267e-01 2.441207337980464201e-02
1.653931920034971981e+01 5.033159647277527515e-01 2.103808766337426223e-02
1.884299628142029093e+01 4.012890744510269059e-01 1.869900482723925103e-02
2.146754074702852577e+01 3.008686826376092416e-01 1.673031330371197931e-02
2.445764457215044274e+01 2.223150637604023316e-01 1.525993545042556195e-02
2.786422464810916466e+01 1.640846418807055951e-01 1.419738046028478501e-02
3.174528981929791982e+01 1.191964351651833010e-01 1.341068124687767871e-02
3.616692868500850011e+01 8.515094279247614750e-02 1.283392366781556382e-02
4.120443498711833286e+01 5.356168319914078602e-02 1.234418205308380860e-02
4.694358974726586098e+01 3.786527870917844041e-02 1.207740610108555372e-02
