1.069642439726958605e+00 -1.223163895370673604e+00 nan
1.218627458003121777e+00 -8.143796414941399942e-01 3.122408178304121873e-01
1.388363836590320144e+00 -1.155057752510489699e+00 nan
1.581741926207981042e+00 -4.136837002000981478e-02 4.905404303751332296e-01
1.802054659727066133e+00 5.324151336345823715e-01 5.101701161032595744e-01
2.053053625776520175e+00 1.986957209680890291e+00 5.847580266781928771e-01
2.339012952555230562e+00 5.406106311742549408e+00 7.051649752512960667e-01
2.664802089693036891e+00 7.020619442343685179e+00 6.595324880727190253e-01
3.035968727524477995e+00 7.757610119679826610e+00 5.735266622016642613e-01
3.458833265763586962e+00 8.096912704157233520e+00 4.869766877616406031e-01
3.940596440236666886e+00 6.753014445119126741e+00 3.726101604173115422e-01
4.489461940391565875e+00 5.784240994533691449e+00 2.897970356320257457e-01
5.114776105571953835e+00 4.982424802793191887e+00 2.273194128073686426e-01
5.827187078870319503e+00 3.972344807535099331e+00 1.731240182324046695e-01
6.638826128706195817e+00 3.159758099357609762e+00 1.326130400146003085e-01
7.563514225758552811e+00 2.480660064426441380e+00 1.021004793152190532e-01
8.616997392941321721e+00 2.062692759430361455e+00 8.145234449865915161e-02
9.817214836071872952e+00 1.575525769287765998e+00 6.346484189738292592e-02
1.118460442108735009e+01 1.306649219530442441e+00 5.194489594593357240e-02
1.274245069961824761e+01 9.774451020617120900e-01 4.154748890307696785e-02
1.451728140926205768e+01 7.768089703171858762e-01 3.469884345017017896e-02
1.653931920034971981e+01 6.220554777852591588e-01 2.963913409933441323e-02
1.884299628142029093e+01 4.779997355837088957e-01 2.554419567676896943e-02
2.146754074702852577e+01 3.430180171478167672e-01 2.219030555252704193e-02
2.445764457215044274e+01 2.594336578866123233e-01 1.999698466969914920e-02
2.786422464810916466e+01 2.016194233313362005e-01 1.847288854393189933e-02
3.174528981929791982e+01 1.417474623967780456e-01 1.713683585157028955e-02
3.616692868500850011e+01 9.205459048707953507e-02 1.609764504126645970e-02
4.120443498711833286e+01 6.648636099261984178e-02 1.550439102322749042e-02
4.694358974726586098e+01 3.836395361310174223e-02 1.494918820981259999e-02
