1.069642439726958605e+00 -2.417401327320002569e+00 nan
1.218627458003121777e+00 -2.101248535715845911e+00 nan
1.388363836590320144e+00 -1.436704605518451139e+00 nan
1.581741926207981042e+00 -6.157387110916263673e-01 8.250949733208905457e+00
1.802054659727066133e+00 -1.002259278820071042e+00 nan
2.053053625776520175e+00 -1.323154827847635939e+00 nan
2.339012952555230562e+00 -1.377282972701878272e+00 nan
2.664802089693036891e+00 -1.091270482849119983e+00 nan
3.035968727524477995e+00 -1.038550607530997816e+00 nan
3.458833265763586962e+00 4.668408862536278292e+00 9.865667703826510149e+00
3.940596440236666886e+00 -1.206037295549905686e+00 nan
4.489461940391565875e+00 1.708505772282067348e+00 4.599039556612565249e+00
5.114776105571953835e+00 1.308194751913582543e+01 8.670426389816736190e+00
5.827187078870319503e+00 1.568786606827798380e+01 7.804514357935584457e+00
6.638826128706195817e+00 1.098094426418933978e+01 5.437130986689143519e+00
7.563514225758552811e+00 8.740871336309478323e+00 4.045240220966385358e+00
8.616997392941321721e+00 8.544010737765646013e+00 3.315784175605473116e+00
9.817214836071872952e+00 8.968161987977847360e+00 2.818390027296244771e+00
1.118460442108735009e+01 4.677967665159139976e+00 1.740530086279546529e+00
1.274245069961824761e+01 3.713316661398053053e+00 1.311340090960266824e+00
1.451728140926205768e+01 2.832159191611772542e+00 9.793941322323599374e-01
1.653931920034971981e+01 1.870531434441577989e+00 7.002025245499260420e-01
1.884299628142029093e+01 1.479051214291954519e+00 5.412674845496843190e-01
2.146754074702852577e+01 1.476785238102054532e+00 4.566274199704588033e-01
2.445764457215044274e+01 1.235234634937478537e+00 3.659003042143241791e-01
2.786422464810916466e+01 1.123952688388768273e+00 3.047346855623304096e-01
3.174528981929791982e+01 3.689343370536748434e-01 1.999623858726458925e-01
3.616692868500850011e+01 3.042552706098691218e-01 1.684142630176981015e-01
4.120443498711833286e+01 3.081916500424737304e-01 1.488851216928163690e-01
4.694358974726586098e+01 2.507201298281100943e-01 1.293895112002257930e-01
