1.069642439726958605e+00 -1.341082174911373492e+00 nan
1.218627458003121777e+00 -9.680374146534052038e-01 2.089728677701523096e-01
1.388363836590320144e+00 -9.844453226959068992e-01 1.237193998336719447e-01
1.581741926207981042e+00 -8.879630368832827081e-01 2.703851893425304742e-01
1.802054659727066133e+00 -3.786376979965186962e-01 5.236177064651539315e-01
2.053053625776520175e+00 2.961953575323490462e-01 6.201276053811558553e-01
2.339012952555230562e+00 2.152309277990782199e+00 7.932936043532323733e-01
2.664802089693036891e+00 5.736214838572995411e+00 9.680032734356082136e-01
3.035968727524477995e+00 7.018374781948848451e+00 8.762577542898363214e-01
3.458833265763586962e+00 7.709680287268906973e+00 7.576763135721792386e-01
3.940596440236666886e+00 7.860493022394410723e+00 6.343959830330472283e-01
4.489461940391565875e+00 6.918805118044178748e+00 4.973575100729993870e-01
5.114776105571953835e+00 6.169152007710817287e+00 3.942269889385555670e-01
5.827187078870319503e+00 4.957594953533758897e+00 2.991581806384028264e-01
6.638826128706195817e+00 3.833057869099458781e+00 2.241840989564371778e-01
7.563514225758552811e+00 3.038616083088808484e+00 1.715635380494746620e-01
8.616997392941321721e+00 2.370623575757897950e+00 1.315498564750314792e-01
9.817214836071872952e+00 1.903786038407061287e+00 1.032185784346617702e-01
1.118460442108735009e+01 1.582590725084346728e+00 8.319076730053855118e-02
1.274245069961824761e+01 1.228464377403429397e+00 6.615704827774075703e-02
1.451728140926205768e+01 9.413260062208987922e-01 5.337626101876820350e-02
1.653931920034971981e+01 6.906759527327035464e-01 4.338526429757288277e-02
1.884299628142029093e+01 5.244962353849937919e-01 3.650315861355919039e-02
2.146754074702852577e+01 4.222798837825267881e-01 3.191722668991255757e-02
2.445764457215044274e+01 3.040159932949795252e-01 2.782458358821533750e-02
2.786422464810916466e+01 2.305569335032178202e-01 2.512118958396672430e-02
3.174528981929791982e+01 1.530657799211292414e-01 2.276038585692272825e-02
3.616692868500850011e+01 1.159773515776569841e-01 2.142156898176470620e-02
4.120443498711833286e+01 7.614310823832703967e-02 2.024103630521643590e-02
4.694358974726586098e+01 5.039738324939024849e-02 1.945927097994578497e-02
