1.069642439726958605e+00 -1.039330400075135330e+00 nan
1.218627458003121777e+00 -8.248997205990853399e-01 3.032479929533860585e-01
1.388363836590320144e+00 -1.044157140314287080e+00 nan
1.581741926207981042e+00 -7.050881247617537539e-01 2.719943339536560756e-01
1.802054659727066133e+00 1.025501863507505274e-01 4.326091106488685889e-01
2.053053625776520175e+00 2.040825317028002850e+00 5.900057137199665735e-01
2.339012952555230562e+00 4.941332814037806997e+00 6.786669354920121799e-01
2.664802089693036891e+00 7.206031991247490609e+00 6.673053424990498250e-01
3.035968727524477995e+00 7.464113505542133709e+00 5.633707801329771447e-01
3.458833265763586962e+00 7.364226408931583201e+00 4.656305962451758873e-01
3.940596440236666886e+00 6.779136253750461805e+00 3.732735511864445077e-01
4.489461940391565875e+00 5.829810183648641342e+00 2.908610087496608654e-01
5.114776105571953835e+00 4.797651866845322743e+00 2.232966791414325580e-01
5.827187078870319503e+00 4.022276113376264561e+00 1.741257972006392540e-01
6.638826128706195817e+00 3.025768427369901925e+00 1.300439783375734737e-01
7.563514225758552811e+00 2.443989764640588813e+00 1.014335945006909767e-01
8.616997392941321721e+00 1.912994002009739347e+00 7.888809904132082496e-02
9.817214836071872952e+00 1.607835958746300253e+00 6.398952232296580001e-02
1.118460442108735009e+01 1.244134661589045177e+00 5.096233790983360074e-02
1.274245069961824761e+01 9.657658370754473864e-01 4.136812020599924672e-02
1.451728140926205768e+01 7.872629628085661135e-01 3.485260293229280881e-02
1.653931920034971981e+01 6.110357816354687888e-01 2.947769750819441426e-02
1.884299628142029093e+01 4.484424186901032616e-01 2.511849350552099874e-02
2.146754074702852577e+01 3.622499129064638002e-01 2.246366472970514477e-02
2.445764457215044274e+01 2.437694607305911365e-01 1.977435133701519951e-02
2.786422464810916466e+01 1.869076650082017732e-01 1.826453378015500950e-02
3.174528981929791982e+01 1.254222674195142329e-01 1.690617042510122667e-02
3.616692868500850011e+01 9.309101976714706517e-02 1.611181017164881046e-02
4.120443498711833286e+01 6.937644611298909858e-02 1.554466979240189985e-02
4.694358974726586098e+01 5.089188150846624126e-02 1.512512230496515508e-02
