1.069642439726958605e+00 -1.926827340867872440e+00 nan
1.218627458003121777e+00 -9.226244102977558814e-01 2.007063070200387211e-01
1.388363836590320144e+00 -9.553924695736824013e-01 1.293304325802022980e-01
1.581741926207981042e+00 -4.609735970842132602e-01 3.661621675653278229e-01
1.802054659727066133e+00 5.833212915482008931e-01 5.163176495050377790e-01
2.053053625776520175e+00 1.813284094283131420e+00 5.649355480723196044e-01
2.339012952555230562e+00 4.437714768698258538e+00 6.460544741614411279e-01
2.664802089693036891e+00 6.165157341392757395e+00 6.197006807272381623e-01
3.035968727524477995e+00 7.588510390335814648e+00 5.652758359520289044e-01
3.458833265763586962e+00 7.387528335066421370e+00 4.643626973313997874e-01
3.940596440236666886e+00 6.489423395884196921e+00 3.641499482884573702e-01
4.489461940391565875e+00 5.685136340975578406e+00 2.862512463861360268e-01
5.114776105571953835e+00 4.759992411431047898e+00 2.215729781658409281e-01
5.827187078870319503e+00 3.978247081489751036e+00 1.725457850248191538e-01
6.638826128706195817e+00 3.121347400186889054e+00 1.313580595252115402e-01
7.563514225758552811e+00 2.504912616793081526e+00 1.021399439802275350e-01
8.616997392941321721e+00 1.941285082883951629e+00 7.907665282646647587e-02
9.817214836071872952e+00 1.571700991892678978e+00 6.316953715854264906e-02
1.118460442108735009e+01 1.231479656342011175e+00 5.058535133607309359e-02
1.274245069961824761e+01 1.018192454635506561e+00 4.202385690090496700e-02
1.451728140926205768e+01 7.755934778020208142e-01 3.456815182309266182e-02
1.653931920034971981e+01 6.083876199892082060e-01 2.934917198478362299e-02
1.884299628142029093e+01 4.488736628507798976e-01 2.505157880575880139e-02
2.146754074702852577e+01 3.580392906199130199e-01 2.234182284294372600e-02
2.445764457215044274e+01 2.674797203911520871e-01 2.005747004243999335e-02
2.786422464810916466e+01 1.983434724946460115e-01 1.837959938787584596e-02
3.174528981929791982e+01 1.451374560417024728e-01 1.714236450127320718e-02
3.616692868500850011e+01 1.041096009767692454e-01 1.622860784488361352e-02
4.120443498711833286e+01 7.182288020644644888e-02 1.554317257280403430e-02
4.694358974726586098e+01 5.084907998291332554e-02 1.509024071313138510e-02
