1.069642439726958605e+00 -1.411101895334650802e+00 nan
1.218627458003121777e+00 -1.287501081591266860e+00 nan
1.388363836590320144e+00 -1.077347831612021967e+00 nan
1.581741926207981042e+00 -1.042433498298793726e+00 nan
1.802054659727066133e+00 -1.407955642972637644e+00 nan
2.053053625776520175e+00 -9.194382700055379054e-01 8.979167439150010921e-01
2.339012952555230562e+00 -9.086065168914161383e-01 7.830882402519894203e-01
2.664802089693036891e+00 -1.113508184040249649e+00 nan
3.035968727524477995e+00 7.314322207216061855e-03 1.781313598082949090e+00
3.458833265763586962e+00 1.234545046131851009e+00 2.185057276006928895e+00
3.940596440236666886e+00 8.990738599775918161e+00 3.815663601086432433e+00
4.489461940391565875e+00 1.260182810249971297e+01 3.678852036393295055e+00
5.114776105571953835e+00 1.192155986972892556e+01 2.961888514659352989e+00
5.827187078870319503e+00 1.054079211679661654e+01 2.315544889448647226e+00
6.638826128706195817e+00 8.513983645911636700e+00 1.736071770746085985e+00
7.563514225758552811e+00 6.383106876935024765e+00 1.263789504792764973e+00
8.616997392941321721e+00 6.221633905292696554e+00 1.042429233326034765e+00
9.817214836071872952e+00 4.452309090050178497e+00 7.484203901407691095e-01
1.118460442108735009e+01 3.240551345769310920e+00 5.468950661146745329e-01
1.274245069961824761e+01 2.735156463735171073e+00 4.288449654546596101e-01
1.451728140926205768e+01 1.953176521292992573e+00 3.173990573979681984e-01
1.653931920034971981e+01 1.464894369162902832e+00 2.429434601732329280e-01
1.884299628142029093e+01 1.154273849095743376e+00 1.918095023623226369e-01
2.146754074702852577e+01 8.680603988083583911e-01 1.517009457163849551e-01
2.445764457215044274e+01 5.995393685230780978e-01 1.196977993715209188e-01
2.786422464810916466e+01 4.823277748645322660e-01 1.004006319897636501e-01
3.174528981929791982e+01 3.698487886133223768e-01 8.504710180979083156e-02
3.616692868500850011e+01 2.468074756924656388e-01 7.206893231926449206e-02
4.120443498711833286e+01 1.424766479285421994e-01 6.206927057180607055e-02
4.694358974726586098e+01 7.444316958768548709e-02 5.524667411906921538e-02
