1.069642439726958605e+00 -1.151481257710861072e+00 nan
1.218627458003121777e+00 -9.008623977077485634e-01 2.283781705585763988e-01
1.388363836590320144e+00 -9.234916491873281785e-01 1.702665199850812716e-01
1.581741926207981042e+00 -1.119922223323095434e+00 nan
1.802054659727066133e+00 3.669043502798845502e-01 4.821911877130587443e-01
2.053053625776520175e+00 2.328974380232001984e+00 6.180304499479847280e-01
2.339012952555230562e+00 5.152500172396039524e+00 6.914196165162762586e-01
2.664802089693036891e+00 7.423927404140748365e+00 6.769693684623144803e-01
3.035968727524477995e+00 7.652517834476551428e+00 5.703861756508258329e-01
3.458833265763586962e+00 7.631275311614150070e+00 4.738958704857093029e-01
3.940596440236666886e+00 7.174080675959516817e+00 3.837925811173489854e-01
4.489461940391565875e+00 6.316020155628152111e+00 3.024574158307882787e-01
5.114776105571953835e+00 4.864516089687223044e+00 2.249403084303972511e-01
5.827187078870319503e+00 3.975248861267752787e+00 1.733167592552959935e-01
6.638826128706195817e+00 3.061023249982294914e+00 1.308260453400325873e-01
7.563514225758552811e+00 2.512342856504491628e+00 1.027479143248393872e-01
8.616997392941321721e+00 1.989166830353128912e+00 8.025610709364860984e-02
9.817214836071872952e+00 1.594763980666709102e+00 6.382387033507994079e-02
1.118460442108735009e+01 1.259946255750979960e+00 5.124753678516625471e-02
1.274245069961824761e+01 9.610270797767304085e-01 4.132456167369052968e-02
1.451728140926205768e+01 7.681411130388724473e-01 3.459181788899597099e-02
1.653931920034971981e+01 5.833837098177130365e-01 2.909324762746389945e-02
1.884299628142029093e+01 4.472916247432654480e-01 2.511696269084984570e-02
2.146754074702852577e+01 3.494936251828226759e-01 2.229454726841230416e-02
2.445764457215044274e+01 2.585882114116826447e-01 1.999522307516076250e-02
2.786422464810916466e+01 1.944655686104110881e-01 1.838082700401675804e-02
3.174528981929791982e+01 1.376298948116128074e-01 1.708684110361890704e-02
3.616692868500850011e+01 9.728877590846018997e-02 1.617878451724445721e-02
4.120443498711833286e+01 6.566022971956053667e-02 1.549969558562738423e-02
4.694358974726586098e+01 4.236369985439281116e-02 1.501208216888719194e-02
