1.069642439726958605e+00 -1.207954096946468159e+00 nan
1.218627458003121777e+00 -1.102151899235832566e+00 nan
1.388363836590320144e+00 -8.491335708450564734e-01 3.879554550735339613e-01
1.581741926207981042e+00 -8.926839397674293242e-01 2.664420760381940312e-01
1.802054659727066133e+00 -2.950350823098100150e-01 5.615737542457742704e-01
2.053053625776520175e+00 4.347294210261736236e-01 6.569460742753956417e-01
2.339012952555230562e+00 2.453713694753373975e+00 8.362343439139516832e-01
2.664802089693036891e+00 4.160378923115729322e+00 8.514788879947838840e-01
3.035968727524477995e+00 7.031323635730926114e+00 8.829188896254709373e-01
3.458833265763586962e+00 7.851552235985210793e+00 7.692135277915070901e-01
3.940596440236666886e+00 8.227147374320136208e+00 6.525252057419426155e-01
4.489461940391565875e+00 6.803388143334625937e+00 4.966777524615473283e-01
5.114776105571953835e+00 6.212054840980858472e+00 3.980987657569636240e-01
5.827187078870319503e+00 5.022816008576589830e+00 3.029323261530942890e-01
6.638826128706195817e+00 4.034148400615919172e+00 2.309590597507192311e-01
7.563514225758552811e+00 3.066861068722739336e+00 1.733453898675196836e-01
8.616997392941321721e+00 2.538785489835810871e+00 1.363226764264384994e-01
9.817214836071872952e+00 1.849826692485510016e+00 1.026271809154101489e-01
1.118460442108735009e+01 1.528573398667530281e+00 8.252822365480372291e-02
1.274245069961824761e+01 1.222426992983212779e+00 6.640592063309293247e-02
1.451728140926205768e+01 9.268812019093966015e-01 5.338121648795467883e-02
1.653931920034971981e+01 7.283156875433436372e-01 4.432997026364668414e-02
1.884299628142029093e+01 5.712148018236227198e-01 3.755713240029667777e-02
2.146754074702852577e+01 4.268944671321850404e-01 3.215158612211752726e-02
2.445764457215044274e+01 3.275403781255716851e-01 2.837687468117909909e-02
2.786422464810916466e+01 2.352169428468764423e-01 2.531170593994787679e-02
3.174528981929791982e+01 1.732020412121859643e-01 2.321528704546030678e-02
3.616692868500850011e+01 1.274553328032903554e-01 2.171107990851484440e-02
4.120443498711833286e+01 8.624670900951691976e-02 2.049852405177036985e-02
4.694358974726586098e+01 6.492204061891815314e-02 1.979116343154323915e-02
