1.069642439726958605e+00 -1.240650201784640583e+00 nan
1.218627458003121777e+00 -1.074609513184904941e+00 nan
1.388363836590320144e+00 -8.051603857025644295e-01 2.736300339744365817e-01
1.581741926207981042e+00 -4.669053976323325195e-01 3.686209997778667202e-01
1.802054659727066133e+00 4.272969724508404177e-01 4.962004468509568778e-01
2.053053625776520175e+00 2.714886664412331285e+00 6.576569545522867877e-01
2.339012952555230562e+00 4.095730033204736387e+00 6.327765506629472458e-01
2.664802089693036891e+00 7.121452250141114604e+00 6.689310916692546849e-01
3.035968727524477995e+00 8.373412249738199975e+00 5.988699758907934934e-01
3.458833265763586962e+00 7.559489912524694155e+00 4.749948761022406152e-01
3.940596440236666886e+00 7.086285275003946893e+00 3.840998897612931673e-01
4.489461940391565875e+00 5.797171569556148540e+00 2.922608615329257975e-01
5.114776105571953835e+00 4.754372735055845567e+00 2.239941122607922719e-01
5.827187078870319503e+00 3.899357289082697520e+00 1.728837250120590363e-01
6.638826128706195817e+00 3.190889096806073244e+00 1.341503659028675799e-01
7.563514225758552811e+00 2.473762352807155285e+00 1.026859213022211920e-01
8.616997392941321721e+00 2.045288084157171227e+00 8.170525984165892541e-02
9.817214836071872952e+00 1.602076404855340863e+00 6.431828509659860693e-02
1.118460442108735009e+01 1.202788331264883936e+00 5.063442096515911872e-02
1.274245069961824761e+01 9.737903238692855457e-01 4.174505019668560413e-02
1.451728140926205768e+01 7.834797777846378430e-01 3.500023744208415055e-02
1.653931920034971981e+01 6.082044363157770306e-01 2.960055336626443365e-02
1.884299628142029093e+01 4.593369385807595240e-01 2.540908225176135779e-02
2.146754074702852577e+01 3.586318189083703700e-01 2.252488743743890492e-02
2.445764457215044274e+01 2.558118846460901707e-01 2.004087194544237199e-02
2.786422464810916466e+01 1.899119327482325925e-01 1.839118108938685506e-02
3.174528981929791982e+01 1.287704914532006306e-01 1.702858632812916800e-02
3.616692868500850011e+01 9.012008974742946599e-02 1.613911569885784561e-02
4.120443498711833286e+01 6.208826620015184261e-02 1.550695322766127912e-02
4.694358974726586098e+01 3.692344825155391419e-02 1.499015252789771650e-02
