1.069642439726958605e+00 -1.251820776694058335e+00 nan
1.218627458003121777e+00 -8.137275012011679909e-01 5.044078274942128681e-01
1.388363836590320144e+00 -1.304546791564847652e+00 nan
1.581741926207981042e+00 -8.304597701149427635e-01 3.325641215519606342e-01
1.802054659727066133e+00 -9.663911816149222123e-01 1.217325647398694172e-01
2.053053625776520175e+00 -3.119349350545075339e-02 5.359428999301756313e-01
2.339012952555230562e+00 2.687635640122906899e+00 8.582430098097434401e-01
2.664802089693036891e+00 5.279740871302240457e+00 9.339921234669207317e-01
3.035968727524477995e+00 6.011373060878014485e+00 8.178831684560728954e-01
3.458833265763586962e+00 8.442756146221174873e+00 7.901946775673068801e-01
3.940596440236666886e+00 7.946987437745651306e+00 6.375800830425439880e-01
4.489461940391565875e+00 7.030692115797868347e+00 5.010684710411349441e-01
5.114776105571953835e+00 6.087887189371307350e+00 3.916923084058600568e-01
5.827187078870319503e+00 4.934692237400327031e+00 2.984652610150810848e-01
6.638826128706195817e+00 4.049154224890873621e+00 2.298663292587431184e-01
7.563514225758552811e+00 3.231729399463033392e+00 1.763332979002654732e-01
8.616997392941321721e+00 2.498408970953028163e+00 1.345326672509226940e-01
9.817214836071872952e+00 1.929479950781244568e+00 1.037756290923262104e-01
1.118460442108735009e+01 1.578808139124688426e+00 8.309985603314684610e-02
1.274245069961824761e+01 1.203442934675799325e+00 6.564204263564647757e-02
1.451728140926205768e+01 9.549223709158880524e-01 5.363527605827494299e-02
1.653931920034971981e+01 7.235388146082086802e-01 4.400555325614367852e-02
1.884299628142029093e+01 5.696323660614273088e-01 3.733947030588005006e-02
2.146754074702852577e+01 4.206470181435013611e-01 3.188380928921997343e-02
2.445764457215044274e+01 3.299796379912407485e-01 2.829282411214861098e-02
2.786422464810916466e+01 2.556180366873743726e-01 2.557042381214859675e-02
3.174528981929791982e+01 1.774939931038086449e-01 2.319685788651325298e-02
3.616692868500850011e+01 1.355031348689592630e-01 2.176940709959814674e-02
4.120443498711833286e+01 8.599975731180631300e-02 2.041561615906132762e-02
4.694358974726586098e+01 5.518858618059985233e-02 1.954327679756905078e-02
