1.069642439726958605e+00 -1.873766793591493673e+00 nan
1.218627458003121777e+00 -3.829810185665387667e-01 1.484283542454352833e+01
1.388363836590320144e+00 -1.191374740396539345e+00 nan
1.581741926207981042e+00 -7.172580645161290569e-01 6.943615169302014500e+00
1.802054659727066133e+00 -1.053656472037876934e+00 nan
2.053053625776520175e+00 -1.219211069675799841e+00 nan
2.339012952555230562e+00 -9.703859145414626131e-01 1.239852364694494780e+00
2.664802089693036891e+00 -1.273498480982651060e+00 nan
3.035968727524477995e+00 -1.113177524070436686e+00 nan
3.458833265763586962e+00 4.556759331874404850e+00 9.583119968854891368e+00
3.940596440236666886e+00 -8.624953971096369632e-01 1.237188165265564743e+00
4.489461940391565875e+00 1.161544391544425459e+01 9.770884361940582963e+00
5.114776105571953835e+00 1.432864265923733349e+01 8.881601856301688969e+00
5.827187078870319503e+00 1.048183543570907084e+01 6.328284443125426151e+00
6.638826128706195817e+00 9.908485313206483625e+00 5.085194791540355475e+00
7.563514225758552811e+00 8.861324272658002599e+00 3.995073535036741230e+00
8.616997392941321721e+00 7.179043327288845866e+00 3.003116555958071920e+00
9.817214836071872952e+00 7.868753021131935199e+00 2.600102844692197657e+00
1.118460442108735009e+01 4.976604238343368181e+00 1.755486182414166096e+00
1.274245069961824761e+01 3.717120995813881557e+00 1.287916803245389152e+00
1.451728140926205768e+01 2.455988472394681210e+00 9.095055515411927249e-01
1.653931920034971981e+01 1.702325544180550265e+00 6.653256306536546871e-01
1.884299628142029093e+01 1.495721382772715824e+00 5.335726695519654728e-01
2.146754074702852577e+01 1.188083041608545720e+00 4.178107133891312275e-01
2.445764457215044274e+01 7.407538404878835081e-01 3.103110707487990449e-01
2.786422464810916466e+01 5.097883021091560440e-01 2.430286946120256697e-01
3.174528981929791982e+01 3.254558250396706320e-01 1.927254021554182517e-01
3.616692868500850011e+01 1.824213150420874729e-01 1.554245238925831274e-01
4.120443498711833286e+01 4.034156750017658943e-02 1.251474830722467124e-01
4.694358974726586098e+01 3.746111707195320939e-02 1.111357805281298072e-01
