1.069642439726958605e+00 -4.437138710242485296e-01 1.863386167467530186e+01
1.218627458003121777e+00 -3.895552584992232337e-01 1.483374487728677771e+01
1.388363836590320144e+00 -2.009773563499537286e-01 1.440282237215720862e+01
1.581741926207981042e+00 -4.599719101123593834e-01 9.641851230015491936e+00
1.802054659727066133e+00 -5.251356968414766513e-01 7.433476121910929990e+00
2.053053625776520175e+00 -2.052759319293220308e-01 7.881714282357307866e+00
2.339012952555230562e+00 -1.020155597388081592e+00 nan
2.664802089693036891e+00 -1.312163339627438141e+00 nan
3.035968727524477995e+00 -1.255924309606849754e+00 nan
3.458833265763586962e+00 -9.647344327450311230e-01 7.664023805615964857e-01
3.940596440236666886e+00 2.735667218150141355e+00 6.484574330307992795e+00
4.489461940391565875e+00 1.915963031169031439e+01 1.244183059325313856e+01
5.114776105571953835e+00 1.601986728013053352e+01 9.410833343288045327e+00
5.827187078870319503e+00 1.408817984275027335e+01 7.307885348100287892e+00
6.638826128706195817e+00 1.385126702256737197e+01 5.986739196119713391e+00
7.563514225758552811e+00 1.008413886719425712e+01 4.263606373350169676e+00
8.616997392941321721e+00 6.109853182528000914e+00 2.805998591947166165e+00
9.817214836071872952e+00 4.782934747636192085e+00 2.087215592300792011e+00
1.118460442108735009e+01 6.358216220865158697e+00 1.970263218783789405e+00
1.274245069961824761e+01 4.194788200987425775e+00 1.362487604010902853e+00
1.451728140926205768e+01 3.095658757281469775e+00 1.001443257229605921e+00
1.653931920034971981e+01 2.091153332116295172e+00 7.191690888307827878e-01
1.884299628142029093e+01 1.314876715436206878e+00 5.140754690229564217e-01
2.146754074702852577e+01 1.189480878633703664e+00 4.198095490029143395e-01
2.445764457215044274e+01 1.237393828706801813e+00 3.614022209345419401e-01
2.786422464810916466e+01 9.190221531281757006e-01 2.824692804848401573e-01
3.174528981929791982e+01 5.905588726757988738e-01 2.170980485087403433e-01
3.616692868500850011e+01 4.606361968670966700e-01 1.794154620200377748e-01
4.120443498711833286e+01 2.839830340231446204e-01 1.452701188698704293e-01
4.694358974726586098e+01 9.589828735142025273e-02 1.160831432019274606e-01
