1.069642439726958605e+00 -1.404258704129490720e+00 nan
1.218627458003121777e+00 -5.637481650483844309e-01 3.163829141047323490e-01
1.388363836590320144e+00 -6.912380519351966068e-01 2.258885481758959590e-01
1.581741926207981042e+00 1.364036377907922315e-01 3.530808814736310364e-01
1.802054659727066133e+00 2.392778720335064779e+00 5.027394075868418799e-01
2.053053625776520175e+00 4.963782544414852893e+00 5.489170626208468295e-01
2.339012952555230562e+00 7.060500326543415639e+00 5.266074870186926438e-01
2.664802089693036891e+00 7.194145799391832519e+00 4.440746939638557933e-01
3.035968727524477995e+00 7.143179023146316808e+00 3.689165801447157889e-01
3.458833265763586962e+00 6.849705967654360350e+00 3.021026927577485921e-01
3.940596440236666886e+00 5.880403595542947670e+00 2.353661902658971961e-01
4.489461940391565875e+00 4.871717689840592946e+00 1.811462608865692658e-01
5.114776105571953835e+00 3.978108609133231166e+00 1.394569052323708369e-01
5.827187078870319503e+00 3.308819524990118666e+00 1.091817739017048594e-01
6.638826128706195817e+00 2.655165482007901367e+00 8.475136006735571603e-02
7.563514225758552811e+00 2.063805647151006450e+00 6.568058254633207804e-02
8.616997392941321721e+00 1.625556993388658000e+00 5.187303747813506311e-02
9.817214836071872952e+00 1.315636054727916449e+00 4.204291944050331242e-02
1.118460442108735009e+01 1.063920754718320927e+00 3.464412108442048444e-02
1.274245069961824761e+01 8.211027304427309659e-01 2.858120372989123373e-02
1.451728140926205768e+01 6.302916305622587867e-01 2.407896090493050201e-02
1.653931920034971981e+01 4.939649235322483012e-01 2.087788213231837539e-02
1.884299628142029093e+01 3.876970862331869938e-01 1.849858401382397169e-02
2.146754074702852577e+01 2.915658367904758741e-01 1.658632041839997601e-02
2.445764457215044274e+01 2.143246742755544609e-01 1.513592207448360288e-02
2.786422464810916466e+01 1.633666878485433571e-01 1.416016639643572286e-02
3.174528981929791982e+01 1.159074576945935409e-01 1.334641922246950635e-02
3.616692868500850011e+01 8.117862456092428403e-02 1.276357056670109763e-02
4.120443498711833286e+01 5.621816735820406308e-02 1.235103488302409860e-02
4.694358974726586098e+01 3.607782639864387519e-02 1.203421394391713910e-02
