1.069642439726958605e+00 -1.704105952385378764e+00 nan
1.218627458003121777e+00 -1.147199244185109990e+00 nan
1.388363836590320144e+00 -1.038568990621237198e+00 nan
1.581741926207981042e+00 -1.097529974199423108e+00 nan
1.802054659727066133e+00 -1.268484981023316305e+00 nan
2.053053625776520175e+00 -1.306889719280658557e+00 nan
2.339012952555230562e+00 -6.459500563766835679e-01 1.512575625097042575e+00
2.664802089693036891e+00 -7.120731419509536142e-01 1.132641869030492687e+00
3.035968727524477995e+00 -8.508286168003582617e-01 6.725223985098002233e-01
3.458833265763586962e+00 1.857602055956602216e+00 2.425562334405768183e+00
3.940596440236666886e+00 6.879670864529717100e+00 3.321221729656308685e+00
4.489461940391565875e+00 8.695810219576994626e+00 3.037447321153504465e+00
5.114776105571953835e+00 9.485648556300848355e+00 2.610314822471806018e+00
5.827187078870319503e+00 1.033956456003299174e+01 2.252484127279452686e+00
6.638826128706195817e+00 8.204660908132186847e+00 1.675078458278401738e+00
7.563514225758552811e+00 7.101438220549630032e+00 1.303980383580900071e+00
8.616997392941321721e+00 5.497396809256291483e+00 9.667174143215190307e-01
9.817214836071872952e+00 4.010832172811583440e+00 7.018814745235771868e-01
1.118460442108735009e+01 3.599956879031157797e+00 5.622428617031075548e-01
1.274245069961824761e+01 2.429961662822619495e+00 4.014517326288844501e-01
1.451728140926205768e+01 2.133854250945430131e+00 3.229507427723091739e-01
1.653931920034971981e+01 1.242808814853136212e+00 2.258275792445659513e-01
1.884299628142029093e+01 1.075504709345378895e+00 1.843606249545270970e-01
2.146754074702852577e+01 8.165416494252151214e-01 1.466140615108287304e-01
2.445764457215044274e+01 5.420912007678091449e-01 1.149981758121237235e-01
2.786422464810916466e+01 3.993018569294808362e-01 9.498763138662801031e-02
3.174528981929791982e+01 3.105220335867779902e-01 8.113718627257539284e-02
3.616692868500850011e+01 2.250160509970924316e-01 7.012637170540424181e-02
4.120443498711833286e+01 1.818096836785183523e-01 6.299514321237101311e-02
4.694358974726586098e+01 8.333262296647192535e-02 5.496118766428424035e-02
