1.069642439726958605e+00 -1.312184643559221708e+00 nan
1.218627458003121777e+00 -8.136577240456406290e-01 2.072153846107639696e-01
1.388363836590320144e+00 -7.488136264290263799e-01 2.041847401848855825e-01
1.581741926207981042e+00 2.929787306572042560e-01 3.774820556400072524e-01
1.802054659727066133e+00 2.118516806938366415e+00 4.829307668942125487e-01
2.053053625776520175e+00 4.886289401874059024e+00 5.464729925401805577e-01
2.339012952555230562e+00 6.822005913006655931e+00 5.196450328797852514e-01
2.664802089693036891e+00 7.674846995316502607e+00 4.584926846466919614e-01
3.035968727524477995e+00 7.470243880259916480e+00 3.775338428093307774e-01
3.458833265763586962e+00 6.665160374211867023e+00 2.988469442859356673e-01
3.940596440236666886e+00 6.063439300971650958e+00 2.393253144935637844e-01
4.489461940391565875e+00 5.138988401170706766e+00 1.861807487039001396e-01
5.114776105571953835e+00 3.990138522834172363e+00 1.399345634974964170e-01
5.827187078870319503e+00 3.249178432627638280e+00 1.084843383532743677e-01
6.638826128706195817e+00 2.573657399675605362e+00 8.373497135497595667e-02
7.563514225758552811e+00 2.046689656383106737e+00 6.556811952846086644e-02
8.616997392941321721e+00 1.640144324804301057e+00 5.216047765224476884e-02
9.817214836071872952e+00 1.321793284814750002e+00 4.219511408276697267e-02
1.118460442108735009e+01 1.022016123581658054e+00 3.418631794729504181e-02
1.274245069961824761e+01 8.337210615108219258e-01 2.877907716016617906e-02
1.451728140926205768e+01 6.407478052456143658e-01 2.423964800741058856e-02
1.653931920034971981e+01 4.918404678001915276e-01 2.088355286486537343e-02
1.884299628142029093e+01 3.873148287852838934e-01 1.851982199305424182e-02
2.146754074702852577e+01 2.901898375498666027e-01 1.659243015714038233e-02
2.445764457215044274e+01 2.125365940209289484e-01 1.513460972370321914e-02
2.786422464810916466e+01 1.629901608997934570e-01 1.417320746689925727e-02
3.174528981929791982e+01 1.168450374225971089e-01 1.337306763264201927e-02
3.616692868500850011e+01 7.831290856764638875e-02 1.274560482594388686e-02
4.120443498711833286e+01 5.415824883072128948e-02 1.234158236388137320e-02
4.694358974726586098e+01 3.519445363196860299e-02 1.203770480389912585e-02
