1.069642439726958605e+00 -1.185329594133664344e+00 nan
1.218627458003121777e+00 -6.838924395766556863e-01 2.691070502797951458e-01
1.388363836590320144e+00 -6.085552357264578660e-01 2.541615983473249907e-01
1.581741926207981042e+00 2.717007790568304326e-01 3.732619690612420937e-01
1.802054659727066133e+00 2.876415184359563781e+00 5.372097459212569204e-01
2.053053625776520175e+00 4.865755868766709291e+00 5.439177461877985342e-01
2.339012952555230562e+00 6.302070026547383463e+00 5.001316388770213894e-01
2.664802089693036891e+00 7.884976739708593030e+00 4.629480645673733630e-01
3.035968727524477995e+00 7.649453740483670217e+00 3.806917609257314816e-01
3.458833265763586962e+00 6.948171079795351979e+00 3.039446378993798104e-01
3.940596440236666886e+00 5.804177411625125238e+00 2.337500357466555656e-01
4.489461940391565875e+00 4.988136913519473303e+00 1.830561690337348668e-01
5.114776105571953835e+00 3.952123288755687636e+00 1.389374467427246795e-01
5.827187078870319503e+00 3.350068088079146911e+00 1.097370807221637184e-01
6.638826128706195817e+00 2.621041562981162976e+00 8.420404379642236481e-02
7.563514225758552811e+00 2.067119572878102662e+00 6.568445145924761697e-02
8.616997392941321721e+00 1.660413537106540272e+00 5.230007466579531666e-02
9.817214836071872952e+00 1.318302313550976823e+00 4.205174435115071468e-02
1.118460442108735009e+01 1.033489477724842898e+00 3.425028983070088628e-02
1.274245069961824761e+01 8.080900914950559510e-01 2.840931863287039089e-02
1.451728140926205768e+01 6.488680738997902875e-01 2.428579077556618226e-02
1.653931920034971981e+01 5.022653514199615365e-01 2.096440570128207601e-02
1.884299628142029093e+01 3.885065531979678966e-01 1.849928781272108802e-02
2.146754074702852577e+01 2.969373471298983880e-01 1.664073694478526363e-02
2.445764457215044274e+01 2.209359611422345715e-01 1.520530458012192727e-02
2.786422464810916466e+01 1.669632709763657630e-01 1.419551208429982794e-02
3.174528981929791982e+01 1.174870314222906664e-01 1.335913239864337451e-02
3.616692868500850011e+01 8.949889934559895899e-02 1.285373941664792394e-02
4.120443498711833286e+01 5.999684757313650252e-02 1.238947994692586943e-02
4.694358974726586098e+01 3.959710749113765083e-02 1.206986737431600502e-02
