1.069642439726958605e+00 -1.636136562262129779e+00 nan
1.218627458003121777e+00 -9.452220277585576813e-01 1.690006765108383879e-01
1.388363836590320144e+00 -9.492568641131327034e-01 1.380429660074246334e-01
1.581741926207981042e+00 -3.729154440674788962e-01 3.952527223295062009e-01
1.802054659727066133e+00 7.450902822039751072e-01 5.425134090343119997e-01
2.053053625776520175e+00 2.053896414556963812e+00 5.891656943034880856e-01
2.339012952555230562e+00 4.911497663712879991e+00 6.745273172158368080e-01
2.664802089693036891e+00 7.000850502585040047e+00 6.563372616937741544e-01
3.035968727524477995e+00 7.720942618452387940e+00 5.702381125430879827e-01
3.458833265763586962e+00 7.724689168823421603e+00 4.745623652947612015e-01
3.940596440236666886e+00 6.783977687617866792e+00 3.721190561050766732e-01
4.489461940391565875e+00 6.021320877234568769e+00 2.943624467833157454e-01
5.114776105571953835e+00 4.818273504569977383e+00 2.229983454071802207e-01
5.827187078870319503e+00 3.834676784336818578e+00 1.697547127964803559e-01
6.638826128706195817e+00 3.241445925983042375e+00 1.337254909597225538e-01
7.563514225758552811e+00 2.456317598660749280e+00 1.013338401542583506e-01
8.616997392941321721e+00 2.005749083568023394e+00 8.022929310007152759e-02
9.817214836071872952e+00 1.621889216516784415e+00 6.402634677161314625e-02
1.118460442108735009e+01 1.240595728643745232e+00 5.075925720412504533e-02
1.274245069961824761e+01 9.878092673589298212e-01 4.158770055038527730e-02
1.451728140926205768e+01 7.549756567661201068e-01 3.428214730234366292e-02
1.653931920034971981e+01 5.784158646186390307e-01 2.892905551691434679e-02
1.884299628142029093e+01 4.413217627176413416e-01 2.495588692835360237e-02
2.146754074702852577e+01 3.537817031499022047e-01 2.229200956912888443e-02
2.445764457215044274e+01 2.498887761913675121e-01 1.981780107456389620e-02
2.786422464810916466e+01 1.882313037406335710e-01 1.824508495428986410e-02
3.174528981929791982e+01 1.298119071557330972e-01 1.693392407276006831e-02
3.616692868500850011e+01 9.662207764378338837e-02 1.613000434321848822e-02
4.120443498711833286e+01 6.420266662400941904e-02 1.544233187614177209e-02
4.694358974726586098e+01 4.461514524875798138e-02 1.500861685116157591e-02
