1.069642439726958605e+00 -1.080078032719660186e+00 nan
1.218627458003121777e+00 -5.101156312139496496e-01 8.204100116183900004e-01
1.388363836590320144e+00 -1.546082677937831829e+00 nan
1.581741926207981042e+00 -1.302925283522348376e+00 nan
1.802054659727066133e+00 -1.997421380153618919e-01 5.959044819716214914e-01
2.053053625776520175e+00 -1.331622593895749329e-01 5.084003542168619161e-01
2.339012952555230562e+00 8.897655084799664937e-01 6.152827678090005969e-01
2.664802089693036891e+00 4.842264673795933838e+00 9.030201079728347180e-01
3.035968727524477995e+00 6.638135086803559126e+00 8.570056772128651357e-01
3.458833265763586962e+00 7.945917642225145627e+00 7.703883564113734872e-01
3.940596440236666886e+00 8.595282532329029834e+00 6.636381257466410499e-01
4.489461940391565875e+00 7.110548358628040688e+00 5.051635004386970662e-01
5.114776105571953835e+00 5.570038994756723483e+00 3.767085161222538670e-01
5.827187078870319503e+00 4.807036153663082345e+00 2.956411426694282030e-01
6.638826128706195817e+00 4.043638471962236025e+00 2.303381609437073763e-01
7.563514225758552811e+00 3.029867334792578415e+00 1.717741077117767023e-01
8.616997392941321721e+00 2.330364236436980985e+00 1.309197257953022553e-01
9.817214836071872952e+00 1.972478428882011414e+00 1.049949040586966031e-01
1.118460442108735009e+01 1.485566955555595037e+00 8.132955580921619188e-02
1.274245069961824761e+01 1.224145386885284070e+00 6.621842533468574876e-02
1.451728140926205768e+01 8.981346774194824967e-01 5.264482644533369227e-02
1.653931920034971981e+01 7.134204386244225038e-01 4.390937637213860462e-02
1.884299628142029093e+01 5.506139015344160281e-01 3.706287502714796650e-02
2.146754074702852577e+01 3.917328939217497030e-01 3.141594738410214555e-02
2.445764457215044274e+01 2.929135421114690274e-01 2.767238449523309884e-02
2.786422464810916466e+01 2.327563494775508612e-01 2.520347623815222607e-02
3.174528981929791982e+01 1.658200713109225788e-01 2.302664930042391117e-02
3.616692868500850011e+01 1.198483339377243162e-01 2.152436445575043808e-02
4.120443498711833286e+01 8.410862080722325551e-02 2.041427033959497886e-02
4.694358974726586098e+01 5.900967121084277345e-02 1.964206891313612091e-02
