1.069642439726958605e+00 -1.601833253543700319e+00 nan
1.218627458003121777e+00 -7.028761607116023047e-01 3.729626455199440027e+00
1.388363836590320144e+00 -1.308670074844272779e+00 nan
1.581741926207981042e+00 -8.657126168224298368e-01 1.732754572238345947e+00
1.802054659727066133e+00 -1.198856076318490338e+00 nan
2.053053625776520175e+00 -8.028637541916625597e-01 1.414687348510377030e+00
2.339012952555230562e+00 -9.950955986690805943e-01 1.827013702259062677e-01
2.664802089693036891e+00 -9.479171222688720366e-01 4.943827431724571730e-01
3.035968727524477995e+00 1.051759395599895175e+00 2.561260305846718488e+00
3.458833265763586962e+00 1.764397735150294189e+00 2.448305733401691775e+00
3.940596440236666886e+00 1.010300383840046834e+01 4.053946282725608974e+00
4.489461940391565875e+00 8.507555584450379627e+00 3.085722070457330268e+00
5.114776105571953835e+00 9.862592943241844878e+00 2.727138223451954335e+00
5.827187078870319503e+00 1.370372492581153523e+01 2.648419387795864388e+00
6.638826128706195817e+00 8.731052714261638314e+00 1.769111788966682530e+00
7.563514225758552811e+00 7.712445692610649495e+00 1.390190515392107695e+00
8.616997392941321721e+00 5.547877520205309665e+00 9.952729161162834348e-01
9.817214836071872952e+00 3.608068874187003505e+00 6.874607026772852070e-01
1.118460442108735009e+01 2.713356187094552396e+00 5.116707833642106795e-01
1.274245069961824761e+01 2.586998221602484271e+00 4.218773369597116352e-01
1.451728140926205768e+01 1.770364415867571539e+00 3.079105017193838889e-01
1.653931920034971981e+01 1.666870721343779227e+00 2.563104095642561586e-01
1.884299628142029093e+01 1.186651399560525455e+00 1.948080379363582304e-01
2.146754074702852577e+01 8.219815577010067820e-01 1.502192731102826584e-01
2.445764457215044274e+01 6.587552688298501380e-01 1.233682839734407816e-01
2.786422464810916466e+01 4.301251520383706506e-01 9.847450641260196980e-02
3.174528981929791982e+01 3.601002519996212570e-01 8.505930905522961216e-02
3.616692868500850011e+01 2.212769510598202594e-01 7.128865977390486108e-02
4.120443498711833286e+01 1.242863797820867866e-01 6.156582671330560613e-02
4.694358974726586098e+01 7.125185536625489036e-02 5.536325682079901861e-02
