1.069642439726958605e+00 -1.063542484497924878e+00 nan
1.218627458003121777e+00 -1.250868275635070415e+00 nan
1.388363836590320144e+00 -5.686449364047314603e-01 2.669127788418853564e-01
1.581741926207981042e+00 3.318428319668307314e-01 3.821497710143633153e-01
1.802054659727066133e+00 2.317384461562566056e+00 4.969162889245647419e-01
2.053053625776520175e+00 5.055791424722039018e+00 5.530096344838042466e-01
2.339012952555230562e+00 6.523382626685513941e+00 5.080649261317977672e-01
2.664802089693036891e+00 7.177096229545893991e+00 4.434406071134004423e-01
3.035968727524477995e+00 7.792082030686867000e+00 3.841767771903237261e-01
3.458833265763586962e+00 7.071273720026441723e+00 3.066161968901848778e-01
3.940596440236666886e+00 5.801962523020422147e+00 2.337944048994198831e-01
4.489461940391565875e+00 4.868763680790385351e+00 1.810355976129328914e-01
5.114776105571953835e+00 3.894587927095289004e+00 1.380443234893429794e-01
5.827187078870319503e+00 3.215156115368007050e+00 1.077152984110255063e-01
6.638826128706195817e+00 2.540982850339744470e+00 8.307383587628575095e-02
7.563514225758552811e+00 2.030823280730591485e+00 6.520636507549315564e-02
8.616997392941321721e+00 1.669029542132589805e+00 5.243046828209855376e-02
9.817214836071872952e+00 1.290316027311947611e+00 4.170990871783518406e-02
1.118460442108735009e+01 1.042413061451382017e+00 3.437042197458411996e-02
1.274245069961824761e+01 8.247064992243411385e-01 2.861717296972913008e-02
1.451728140926205768e+01 6.397420947171814642e-01 2.418469603521746294e-02
1.653931920034971981e+01 4.851952697793622260e-01 2.077071486481427837e-02
1.884299628142029093e+01 3.829110120936516370e-01 1.843912512331079279e-02
2.146754074702852577e+01 2.817128494150349383e-01 1.646938178329060767e-02
2.445764457215044274e+01 2.101149038892833332e-01 1.508454054201170680e-02
2.786422464810916466e+01 1.531507714151645327e-01 1.404034200470365146e-02
3.174528981929791982e+01 1.103211602639502242e-01 1.327993886945157478e-02
3.616692868500850011e+01 8.048792575431917840e-02 1.275330493558485441e-02
4.120443498711833286e+01 5.750683936348344183e-02 1.236352989161605340e-02
4.694358974726586098e+01 3.851844154953498744e-02 1.205996825164334062e-02
