1.069642439726958605e+00 -1.433532850779509538e+00 nan
1.218627458003121777e+00 -1.242765273311896568e-01 1.796885158068036503e+01
1.388363836590320144e+00 -8.219372394627140199e-01 6.876387012121828235e+00
1.581741926207981042e+00 -1.281960227272727071e+00 nan
1.802054659727066133e+00 -5.424667843055843708e-01 7.379495746863261374e+00
2.053053625776520175e+00 -1.072252823873936833e+00 nan
2.339012952555230562e+00 -5.119028141361254836e-01 5.115076614692669388e+00
2.664802089693036891e+00 -1.113046315993038160e+00 nan
3.035968727524477995e+00 -1.128177640814178151e+00 nan
3.458833265763586962e+00 -9.610863073128694811e-01 8.142190306726534432e-01
3.940596440236666886e+00 -9.364249413604377459e-01 8.548332890240770698e-01
4.489461940391565875e+00 9.357100502301220146e+00 8.988991635180868300e+00
5.114776105571953835e+00 6.041789376881562035e+00 6.091334847646885819e+00
5.827187078870319503e+00 1.084195042287998234e+01 6.531539043216101348e+00
6.638826128706195817e+00 9.395264270014049401e+00 5.040695434203628089e+00
7.563514225758552811e+00 7.079745293407982309e+00 3.663512155946154536e+00
8.616997392941321721e+00 4.810810814234613986e+00 2.557361351158286222e+00
9.817214836071872952e+00 6.881825607604702633e+00 2.481414860820624124e+00
1.118460442108735009e+01 5.009740252607154609e+00 1.788259246218892207e+00
1.274245069961824761e+01 5.441129355501150400e+00 1.547412836267364478e+00
1.451728140926205768e+01 2.379690773215177746e+00 9.126748313998123141e-01
1.653931920034971981e+01 1.750803378640071850e+00 6.821748134087842752e-01
1.884299628142029093e+01 1.708236332396886326e+00 5.669766820222346126e-01
2.146754074702852577e+01 9.936164267072258305e-01 4.022866949396443625e-01
2.445764457215044274e+01 6.210840517427169694e-01 3.022261978784853143e-01
2.786422464810916466e+01 8.198013748858359317e-01 2.761123844493471591e-01
3.174528981929791982e+01 5.362173083477936864e-01 2.144258968892590322e-01
3.616692868500850011e+01 3.761977090174262184e-01 1.740490662366225294e-01
4.120443498711833286e+01 2.018406681659654645e-01 1.399826056954309450e-01
4.694358974726586098e+01 1.025555626716294633e-01 1.176160807008316544e-01
