1.069642439726958605e+00 -9.011261331911291084e-01 7.758604114000997143e+00
1.218627458003121777e+00 -1.195770119106924767e+00 nan
1.388363836590320144e+00 -1.569910430624506859e+00 nan
1.581741926207981042e+00 -9.662291933418694079e-01 2.381275059292113472e+00
1.802054659727066133e+00 -1.037879341650902010e+00 nan
2.053053625776520175e+00 -4.879473466092891787e-01 6.248211749795085090e+00
2.339012952555230562e+00 -1.354278814246737461e+00 nan
2.664802089693036891e+00 -1.090956880326632294e+00 nan
3.035968727524477995e+00 6.934826146916939216e+00 1.380663521137608463e+01
3.458833265763586962e+00 -1.117970772963337911e+00 nan
3.940596440236666886e+00 2.377459501784223050e+00 6.089067099611686906e+00
4.489461940391565875e+00 3.958494288679738737e+00 6.062841801930806795e+00
5.114776105571953835e+00 7.274682705590045373e+00 6.452639556934556708e+00
5.827187078870319503e+00 1.918249866475344589e+01 8.380024316230803905e+00
6.638826128706195817e+00 1.726126289579345752e+01 6.581960406392407315e+00
7.563514225758552811e+00 1.235227353069016587e+01 4.639375637668289976e+00
8.616997392941321721e+00 8.698240365460302215e+00 3.257105469015385779e+00
9.817214836071872952e+00 7.225899265584284414e+00 2.479977423478275433e+00
1.118460442108735009e+01 6.467816645086099214e+00 1.962266852342344103e+00
1.274245069961824761e+01 4.798899154925130972e+00 1.428675814030515578e+00
1.451728140926205768e+01 2.560005074494786204e+00 9.172965551764503678e-01
1.653931920034971981e+01 1.916999261444046976e+00 6.884951209856388088e-01
1.884299628142029093e+01 1.403878965047098415e+00 5.187775530608282892e-01
2.146754074702852577e+01 1.423883234151406274e+00 4.399472582439403201e-01
2.445764457215044274e+01 5.887907499837652381e-01 2.922561972260035446e-01
2.786422464810916466e+01 6.555232699624315984e-01 2.551601304078815469e-01
3.174528981929791982e+01 2.901081229999042943e-01 1.882360857278063682e-01
3.616692868500850011e+01 4.145858963585455914e-01 1.737968023877832224e-01
4.120443498711833286e+01 1.096972441340713367e-01 1.299610788711864917e-01
4.694358974726586098e+01 1.418713129218529545e-01 1.185045047516777722e-01
