1.069642439726958605e+00 -1.455412702514946144e+00 nan
1.218627458003121777e+00 -9.999882646073889880e-01 2.475962543213298516e-03
1.388363836590320144e+00 -9.019184388948280340e-01 1.921051444984210044e-01
1.581741926207981042e+00 -6.837958395311030113e-01 2.809030047014468012e-01
1.802054659727066133e+00 6.125113310391130383e-01 5.219550914863050339e-01
2.053053625776520175e+00 2.137853669439273574e+00 5.978213841110348037e-01
2.339012952555230562e+00 5.173980879254231446e+00 6.902246701934561246e-01
2.664802089693036891e+00 7.172849380594018776e+00 6.641873899280452687e-01
3.035968727524477995e+00 7.443895634011505891e+00 5.612191204581110648e-01
3.458833265763586962e+00 7.827024992451019791e+00 4.779644386973252446e-01
3.940596440236666886e+00 6.750399373812864923e+00 3.715855161028925879e-01
4.489461940391565875e+00 5.744601178714877854e+00 2.881245973524192983e-01
5.114776105571953835e+00 4.740339631937597886e+00 2.214977004041669417e-01
5.827187078870319503e+00 3.879490761850602265e+00 1.708158249437536080e-01
6.638826128706195817e+00 3.179212464277883843e+00 1.326615027169328331e-01
7.563514225758552811e+00 2.443607847518265874e+00 1.011901158268331130e-01
8.616997392941321721e+00 1.985846580328512578e+00 7.995563814034761796e-02
9.817214836071872952e+00 1.541024418836711929e+00 6.275904072432444969e-02
1.118460442108735009e+01 1.222907447604701048e+00 5.052069873849369952e-02
1.274245069961824761e+01 9.784189838467114431e-01 4.147582890924034205e-02
1.451728140926205768e+01 7.469211139226892282e-01 3.418698058475434787e-02
1.653931920034971981e+01 5.783459283371070736e-01 2.894753905984938716e-02
1.884299628142029093e+01 4.473438181434907790e-01 2.505834528551943371e-02
2.146754074702852577e+01 3.246144640097234912e-01 2.189038467568685600e-02
2.445764457215044274e+01 2.470061585455189945e-01 1.978848708039684240e-02
2.786422464810916466e+01 1.719914530205137737e-01 1.802608852834842318e-02
3.174528981929791982e+01 1.173621370680537623e-01 1.676766969495603610e-02
3.616692868500850011e+01 7.348064515169494548e-02 1.581284052412007882e-02
4.120443498711833286e+01 4.911920702805860905e-02 1.523809689170006927e-02
4.694358974726586098e+01 3.487876961241620499e-02 1.487924363452414536e-02
