1.069642439726958605e+00 -1.178359249311545565e+00 nan
1.218627458003121777e+00 -7.910294282420675671e-01 3.328761434931887808e-01
1.388363836590320144e+00 -1.019421331858381574e+00 nan
1.581741926207981042e+00 -5.738113441814780558e-01 3.285638026001825307e-01
1.802054659727066133e+00 6.166356978042459858e-01 5.265185361358600824e-01
2.053053625776520175e+00 2.379805473487289547e+00 6.251877028053631769e-01
2.339012952555230562e+00 4.656030566800632542e+00 6.650897129906411243e-01
2.664802089693036891e+00 6.609361992334777725e+00 6.449304559127919667e-01
3.035968727524477995e+00 8.363881728799473336e+00 5.967500180889736550e-01
3.458833265763586962e+00 7.546522933454832938e+00 4.731955435070005489e-01
3.940596440236666886e+00 7.061981079164873165e+00 3.823409675670667585e-01
4.489461940391565875e+00 5.606665495831392398e+00 2.868595215506481999e-01
5.114776105571953835e+00 4.820856292552328171e+00 2.248067305593406673e-01
5.827187078870319503e+00 4.102019866320224750e+00 1.765064062890240038e-01
6.638826128706195817e+00 3.005878804137547711e+00 1.302259653410627327e-01
7.563514225758552811e+00 2.596232146315975431e+00 1.046145846207473667e-01
8.616997392941321721e+00 1.941586376483627419e+00 7.970899778611015285e-02
9.817214836071872952e+00 1.595650488017229085e+00 6.404717929623451877e-02
1.118460442108735009e+01 1.249068983049387960e+00 5.123805360217419808e-02
1.274245069961824761e+01 9.404434695614116713e-01 4.113557322323423832e-02
1.451728140926205768e+01 7.769932776783008421e-01 3.482379575866294263e-02
1.653931920034971981e+01 6.062823072424117221e-01 2.950808779526410686e-02
1.884299628142029093e+01 4.536228313196060125e-01 2.527414803459927459e-02
2.146754074702852577e+01 3.377054715197240764e-01 2.218165570661771724e-02
2.445764457215044274e+01 2.687852394134289113e-01 2.018759511208671753e-02
2.786422464810916466e+01 2.021018089315327337e-01 1.853075847655944602e-02
3.174528981929791982e+01 1.423656226161789107e-01 1.719124069088466197e-02
3.616692868500850011e+01 1.026678431322378682e-01 1.628915785775585448e-02
4.120443498711833286e+01 7.172131112630553140e-02 1.561744224361507997e-02
4.694358974726586098e+01 4.606901638835747548e-02 1.509500786355220427e-02
