1.069642439726958605e+00 -1.347016103191621017e+00 nan
1.218627458003121777e+00 -1.172915495608366943e+00 nan
1.388363836590320144e+00 -9.059185003486867060e-01 1.912593516833767382e-01
1.581741926207981042e+00 -8.242156837496472654e-01 2.128942440112301937e-01
1.802054659727066133e+00 3.885355273642354668e-01 4.922928706683118993e-01
2.053053625776520175e+00 2.516231479087545964e+00 6.434881940441328219e-01
2.339012952555230562e+00 5.174313947744165532e+00 7.015722759681307652e-01
2.664802089693036891e+00 7.070035514069200389e+00 6.706275718681080633e-01
3.035968727524477995e+00 7.620878196098018087e+00 5.765073297596625679e-01
3.458833265763586962e+00 8.242350103188503141e+00 4.976728500976450031e-01
3.940596440236666886e+00 6.953725903263705987e+00 3.828121254342700674e-01
4.489461940391565875e+00 6.006874425037198151e+00 2.988863290490433866e-01
5.114776105571953835e+00 4.850040354534884024e+00 2.273413599915542760e-01
5.827187078870319503e+00 3.870922073374742034e+00 1.732373613501003440e-01
6.638826128706195817e+00 3.266905606638380366e+00 1.363219716172560103e-01
7.563514225758552811e+00 2.560142513449646273e+00 1.047934525437767411e-01
8.616997392941321721e+00 2.027179891012991231e+00 8.180906851748410979e-02
9.817214836071872952e+00 1.592395837110434975e+00 6.447662131954355613e-02
1.118460442108735009e+01 1.271301540700356281e+00 5.196349736389162949e-02
1.274245069961824761e+01 1.011741925695591959e+00 4.251838153601571191e-02
1.451728140926205768e+01 7.989786219240879728e-01 3.538490882275491245e-02
1.653931920034971981e+01 6.203834654839137652e-01 2.990246425667426183e-02
1.884299628142029093e+01 4.702609103967023696e-01 2.566786552432680571e-02
2.146754074702852577e+01 3.521420166651390016e-01 2.251641594060611526e-02
2.445764457215044274e+01 2.699963629183126379e-01 2.031525335946958097e-02
2.786422464810916466e+01 2.058212886206964853e-01 1.868067556456410802e-02
3.174528981929791982e+01 1.439862829080647000e-01 1.730103680535791111e-02
3.616692868500850011e+01 9.484271601907878768e-02 1.625795814930022093e-02
4.120443498711833286e+01 6.606853877723839474e-02 1.561202490291958497e-02
4.694358974726586098e+01 4.257004672794684197e-02 1.511636938644497601e-02
