1.069642439726958605e+00 -1.140271757381124296e+00 nan
1.218627458003121777e+00 -9.504346687322717813e-01 1.086406228452496264e-01
1.388363836590320144e+00 -8.696550775589959592e-01 1.495220179304834751e-01
1.581741926207981042e+00 4.891498993229153047e-01 4.118775993262160928e-01
1.802054659727066133e+00 1.732570252641292496e+00 4.593951722798487736e-01
2.053053625776520175e+00 4.673592838525500781e+00 5.452045191071623886e-01
2.339012952555230562e+00 6.542584063424771834e+00 5.183574521661806767e-01
2.664802089693036891e+00 7.778469865864380495e+00 4.688329044195247430e-01
3.035968727524477995e+00 7.708981449847641443e+00 3.893217978760300513e-01
3.458833265763586962e+00 7.149998347056470749e+00 3.138909051402239414e-01
3.940596440236666886e+00 5.919391292714967889e+00 2.403054892745560278e-01
4.489461940391565875e+00 4.924879737002129332e+00 1.852705601200812235e-01
5.114776105571953835e+00 4.299013165318704033e+00 1.471388530466383737e-01
5.827187078870319503e+00 3.203409028313252360e+00 1.093929900393234844e-01
6.638826128706195817e+00 2.648782831742026111e+00 8.606040822925484224e-02
7.563514225758552811e+00 2.085597674149223923e+00 6.704554802431239580e-02
8.616997392941321721e+00 1.665482995745156458e+00 5.321889725088034540e-02
9.817214836071872952e+00 1.271320132308012774e+00 4.210819228250151092e-02
1.118460442108735009e+01 1.039009287566610151e+00 3.483517909722492339e-02
1.274245069961824761e+01 8.082509361020022709e-01 2.882021119178150223e-02
1.451728140926205768e+01 6.029465373278537488e-01 2.406965658212747300e-02
1.653931920034971981e+01 4.876233822339186563e-01 2.106432230012899101e-02
1.884299628142029093e+01 3.743524205891870515e-01 1.856240317717084559e-02
2.146754074702852577e+01 2.791004228451336999e-01 1.662946636007830992e-02
2.445764457215044274e+01 2.073910255783133483e-01 1.522017985588220747e-02
2.786422464810916466e+01 1.529972671330135370e-01 1.418869331322131049e-02
3.174528981929791982e+01 1.045093334384095130e-01 1.335064217978999303e-02
3.616692868500850011e+01 7.504068833598886989e-02 1.281976028814901976e-02
4.120443498711833286e+01 4.751405304477640534e-02 1.237138436631042560e-02
4.694358974726586098e+01 2.744271965705213923e-02 1.205078866397593478e-02
