1.069642439726958605e+00 -1.321240594384791134e+00 nan
1.218627458003121777e+00 -6.579841009748603753e-01 7.045705625880628320e-01
1.388363836590320144e+00 -9.182588315581590166e-01 2.923138479556420255e-01
1.581741926207981042e+00 -1.215410724081185112e+00 nan
1.802054659727066133e+00 -6.918934772560270119e-01 3.799783212664993859e-01
2.053053625776520175e+00 2.033378829246113018e-01 6.157816316302668902e-01
2.339012952555230562e+00 2.626404547011062629e+00 8.772068304265270289e-01
2.664802089693036891e+00 4.937020085143167591e+00 9.355851008937873248e-01
3.035968727524477995e+00 6.225203378598343384e+00 8.558539231040064310e-01
3.458833265763586962e+00 7.918862039706985989e+00 7.901242581863733294e-01
3.940596440236666886e+00 8.307002278646272941e+00 6.705209297273060365e-01
4.489461940391565875e+00 7.377334119319515437e+00 5.278044295725586865e-01
5.114776105571953835e+00 6.133146425675281677e+00 4.045523418319707520e-01
5.827187078870319503e+00 4.910696515390188921e+00 3.063876184799250724e-01
6.638826128706195817e+00 4.106350988270000002e+00 2.379436529983111615e-01
7.563514225758552811e+00 3.152381410659512273e+00 1.792592011239973471e-01
8.616997392941321721e+00 2.549298739209848286e+00 1.394467628484934163e-01
9.817214836071872952e+00 1.922756714837070113e+00 1.064143803100034424e-01
1.118460442108735009e+01 1.608507192043599154e+00 8.590506452546400884e-02
1.274245069961824761e+01 1.193087824563033195e+00 6.708668356478360295e-02
1.451728140926205768e+01 9.213009754025545117e-01 5.426698070336181262e-02
1.653931920034971981e+01 7.438446643555904902e-01 4.542167859310607819e-02
1.884299628142029093e+01 5.693374959970720628e-01 3.815889535346737166e-02
2.146754074702852577e+01 4.160222524610632799e-01 3.246751059165294689e-02
2.445764457215044274e+01 3.117318081470425994e-01 2.851929316790567312e-02
2.786422464810916466e+01 2.154008072405577678e-01 2.531711375459030217e-02
3.174528981929791982e+01 1.662791018464220283e-01 2.341149311892321006e-02
3.616692868500850011e+01 1.194276430021827817e-01 2.185469644501961128e-02
4.120443498711833286e+01 7.670854342409150206e-02 2.058994512887890940e-02
4.694358974726586098e+01 4.760623688758158778e-02 1.972574322552743398e-02
