1.069642439726958605e+00 -1.032122766140207037e+00 nan
1.218627458003121777e+00 -1.088676193013467852e+00 nan
1.388363836590320144e+00 -1.101437261229283315e+00 nan
1.581741926207981042e+00 -6.969592172746419401e-01 2.797845871638278137e-01
1.802054659727066133e+00 8.010047287705104324e-01 5.612844195185728857e-01
2.053053625776520175e+00 2.144815490537187230e+00 6.088899881518515800e-01
2.339012952555230562e+00 4.355675072942960746e+00 6.532997298437033251e-01
2.664802089693036891e+00 7.145967867916394489e+00 6.744453890774158022e-01
3.035968727524477995e+00 8.265907648403848285e+00 5.991974215756723510e-01
3.458833265763586962e+00 8.184313924312306199e+00 4.964169564896940279e-01
3.940596440236666886e+00 7.200961689735668969e+00 3.895632266178233327e-01
4.489461940391565875e+00 5.932926006414015241e+00 2.973763913282303495e-01
5.114776105571953835e+00 4.901098045084391508e+00 2.286492674517760504e-01
5.827187078870319503e+00 3.936317040776419418e+00 1.747218563931449420e-01
6.638826128706195817e+00 3.169366117458841003e+00 1.345573608346447569e-01
7.563514225758552811e+00 2.455234189339320583e+00 1.029643473318444941e-01
8.616997392941321721e+00 1.974596069528168130e+00 8.096248516671870898e-02
9.817214836071872952e+00 1.565379781721196295e+00 6.407800103064319186e-02
1.118460442108735009e+01 1.270987004559525291e+00 5.199507989562467125e-02
1.274245069961824761e+01 9.913684653478733733e-01 4.223470472949982651e-02
1.451728140926205768e+01 7.880692272523097675e-01 3.524464641326117281e-02
1.653931920034971981e+01 5.872828618763281661e-01 2.943488406688955436e-02
1.884299628142029093e+01 4.627589640527762782e-01 2.557417962903548586e-02
2.146754074702852577e+01 3.596791490574258177e-01 2.263714648770796464e-02
2.445764457215044274e+01 2.657117538997841866e-01 2.026482141247976446e-02
2.786422464810916466e+01 2.054951968854641375e-01 1.868549602447954275e-02
3.174528981929791982e+01 1.436453726095079375e-01 1.730464579061816860e-02
3.616692868500850011e+01 1.044279819039297674e-01 1.640167878833280468e-02
4.120443498711833286e+01 7.330279264241501558e-02 1.572184831221828602e-02
4.694358974726586098e+01 4.652227955627630251e-02 1.517927900063023063e-02
