1.069642439726958605e+00 -1.181655419218673231e+00 nan
1.218627458003121777e+00 -6.291661213480166381e-01 4.517760205439225740e-01
1.388363836590320144e+00 -1.026056845892564517e+00 nan
1.581741926207981042e+00 -2.137484645326570565e-01 4.547149051194716018e-01
1.802054659727066133e+00 6.241093528130525758e-01 5.376384197056535141e-01
2.053053625776520175e+00 2.032174827852179622e+00 6.030754485132406861e-01
2.339012952555230562e+00 5.593313661650667790e+00 7.323304060456483633e-01
2.664802089693036891e+00 6.651523803890453834e+00 6.587419227569057956e-01
3.035968727524477995e+00 7.453088592037840243e+00 5.760205611773432377e-01
3.458833265763586962e+00 8.075759194264495733e+00 4.974667552080107580e-01
3.940596440236666886e+00 6.693188679073568181e+00 3.794407871947125255e-01
4.489461940391565875e+00 6.145928579163177474e+00 3.049277847943723807e-01
5.114776105571953835e+00 4.812794902978369649e+00 2.285678235861728635e-01
5.827187078870319503e+00 4.042178629070070528e+00 1.783181955409802177e-01
6.638826128706195817e+00 3.205795973660437781e+00 1.363322912638093853e-01
7.563514225758552811e+00 2.624509877482377629e+00 1.068626701826559805e-01
8.616997392941321721e+00 2.076456773433772884e+00 8.334512815954180087e-02
9.817214836071872952e+00 1.647794094370063522e+00 6.591599484687940547e-02
1.118460442108735009e+01 1.320785760505521544e+00 5.315665016868163090e-02
1.274245069961824761e+01 1.010617221153759848e+00 4.281997578988708947e-02
1.451728140926205768e+01 7.847793690425075575e-01 3.542505895825100171e-02
1.653931920034971981e+01 5.983280161174313605e-01 2.978113667559305344e-02
1.884299628142029093e+01 4.764000817898275120e-01 2.592367417113992933e-02
2.146754074702852577e+01 3.642519471151330901e-01 2.282999063469604711e-02
2.445764457215044274e+01 2.703958332898581673e-01 2.044032613549840588e-02
2.786422464810916466e+01 1.990880930992418030e-01 1.868946044252562180e-02
3.174528981929791982e+01 1.397188112340361776e-01 1.733395772726183462e-02
3.616692868500850011e+01 9.356077459251044282e-02 1.632525648876710991e-02
4.120443498711833286e+01 6.747199992663044377e-02 1.571223683213218703e-02
4.694358974726586098e+01 4.350045633177579418e-02 1.520590674836454562e-02
