1.069642439726958605e+00 -1.071192715299452036e+00 nan
1.218627458003121777e+00 -8.986180168505897292e-01 1.559029357403051430e-01
1.388363836590320144e+00 -9.117096829469446551e-01 1.234729671430465775e-01
1.581741926207981042e+00 5.090483428634884344e-01 4.160243116112554151e-01
1.802054659727066133e+00 2.048152938196373007e+00 4.869652300773096298e-01
2.053053625776520175e+00 4.898558985595784065e+00 5.579316985943483242e-01
2.339012952555230562e+00 6.637784277098655927e+00 5.234483406580682230e-01
2.664802089693036891e+00 7.538798565577956801e+00 4.636186615415278101e-01
3.035968727524477995e+00 7.456576591103885931e+00 3.845200958437402505e-01
3.458833265763586962e+00 6.994556322889472710e+00 3.116193757746846815e-01
3.940596440236666886e+00 6.003184459411009755e+00 2.426893493486317055e-01
4.489461940391565875e+00 5.024813349391312300e+00 1.876292315652096920e-01
5.114776105571953835e+00 4.032697206582957605e+00 1.432116330030065443e-01
5.827187078870319503e+00 3.196129583078669789e+00 1.096124167760901408e-01
6.638826128706195817e+00 2.714013227934570338e+00 8.727025055591462743e-02
7.563514225758552811e+00 2.094423065121132854e+00 6.736323294821991436e-02
8.616997392941321721e+00 1.650019213595618428e+00 5.316201922016666748e-02
9.817214836071872952e+00 1.333162652122434455e+00 4.301869599697624724e-02
1.118460442108735009e+01 1.061018886607286271e+00 3.520024847692911074e-02
1.274245069961824761e+01 8.279024284327951566e-01 2.913115884287316784e-02
1.451728140926205768e+01 6.534412267974505362e-01 2.473080836134898888e-02
1.653931920034971981e+01 5.014730710418759951e-01 2.127532288563314597e-02
1.884299628142029093e+01 4.062929259369996160e-01 1.897607765484881498e-02
2.146754074702852577e+01 3.046969417708824679e-01 1.696157297374399978e-02
2.445764457215044274e+01 2.243613779500841510e-01 1.544703427863747085e-02
2.786422464810916466e+01 1.660884684306977999e-01 1.436722196271762557e-02
3.174528981929791982e+01 1.197291309508352608e-01 1.355135786634154883e-02
3.616692868500850011e+01 8.593492698812577046e-02 1.296881243230741006e-02
4.120443498711833286e+01 5.324771373814329856e-02 1.245951547754927877e-02
4.694358974726586098e+01 3.802840450138722517e-02 1.219419895264840098e-02
