1.069642439726958605e+00 -1.214228330568087433e+00 nan
1.218627458003121777e+00 -1.145372870084826911e+00 nan
1.388363836590320144e+00 -7.793505240610651974e-01 1.934425734832661004e-01
1.581741926207981042e+00 5.143963375625115741e-01 4.130041538742021956e-01
1.802054659727066133e+00 2.860140974366030875e+00 5.434503721813307431e-01
2.053053625776520175e+00 5.076968265520732437e+00 5.613617812870356216e-01
2.339012952555230562e+00 6.347708715148028702e+00 5.085667912925264655e-01
2.664802089693036891e+00 7.969466577775229155e+00 4.715186857041056001e-01
3.035968727524477995e+00 8.074796902973574220e+00 3.957893739886680362e-01
3.458833265763586962e+00 6.901820359816492889e+00 3.069755816970679563e-01
3.940596440236666886e+00 6.099721691628671394e+00 2.424612187782533290e-01
4.489461940391565875e+00 5.040582606522598041e+00 1.863298152691178489e-01
5.114776105571953835e+00 4.167011159234937701e+00 1.442278638422448411e-01
5.827187078870319503e+00 3.254741446133215366e+00 1.096276222079583529e-01
6.638826128706195817e+00 2.586886168754526594e+00 8.472738670802128225e-02
7.563514225758552811e+00 2.081570979775613672e+00 6.666270752834779767e-02
8.616997392941321721e+00 1.629578453432933616e+00 5.249019668308992081e-02
9.817214836071872952e+00 1.337069396406029620e+00 4.275666008813367586e-02
1.118460442108735009e+01 1.065321210243436179e+00 3.500862215020407453e-02
1.274245069961824761e+01 8.392952171844063614e-01 2.907524490440343418e-02
1.451728140926205768e+01 6.455714855728631463e-01 2.448065992546352362e-02
1.653931920034971981e+01 5.045669598460538197e-01 2.118352338942658050e-02
1.884299628142029093e+01 3.898277197824651097e-01 1.867580542805117108e-02
2.146754074702852577e+01 2.904258370122816402e-01 1.670353704172003809e-02
2.445764457215044274e+01 2.244019637711720527e-01 1.536656002854262272e-02
2.786422464810916466e+01 1.586252072985991912e-01 1.420847413396615806e-02
3.174528981929791982e+01 1.135634076701446116e-01 1.341372801312290357e-02
3.616692868500850011e+01 7.721051246694976555e-02 1.280604009249521405e-02
4.120443498711833286e+01 5.415204288471331395e-02 1.241110922722200166e-02
4.694358974726586098e+01 3.410384226484319825e-02 1.209217527399126559e-02
