1.069642439726958605e+00 -1.218370143236213732e+00 nan
1.218627458003121777e+00 -7.811517773213410010e-01 2.286933055498041878e-01
1.388363836590320144e+00 -6.667986766268443333e-01 2.394990272297860268e-01
1.581741926207981042e+00 4.083713034836720102e-01 4.012310762840268774e-01
1.802054659727066133e+00 2.113335755877843614e+00 4.913744229903119209e-01
2.053053625776520175e+00 4.821920624319520954e+00 5.533475684454021160e-01
2.339012952555230562e+00 6.444780160105917588e+00 5.157786046323269424e-01
2.664802089693036891e+00 7.618906874275410246e+00 4.651478086757441788e-01
3.035968727524477995e+00 7.283009469285428139e+00 3.797025126060742384e-01
3.458833265763586962e+00 6.798023612774233726e+00 3.069539521023263995e-01
3.940596440236666886e+00 5.905961120145587273e+00 2.404426967150086747e-01
4.489461940391565875e+00 4.963072844600612044e+00 1.862510371398776454e-01
5.114776105571953835e+00 3.997170074506699589e+00 1.424093097008995445e-01
5.827187078870319503e+00 3.298867104271908879e+00 1.110494542035825732e-01
6.638826128706195817e+00 2.586793133026195513e+00 8.528354102731162956e-02
7.563514225758552811e+00 2.071018673079819461e+00 6.694269256409945967e-02
8.616997392941321721e+00 1.637121691281580915e+00 5.291774088258268532e-02
9.817214836071872952e+00 1.329533609569665042e+00 4.291596969512257581e-02
1.118460442108735009e+01 1.022884260067252526e+00 3.468119264466862361e-02
1.274245069961824761e+01 8.085086439745905462e-01 2.886048548808465425e-02
1.451728140926205768e+01 6.409675662328611079e-01 2.455367705188142569e-02
1.653931920034971981e+01 4.986181512070857469e-01 2.121859214954994674e-02
1.884299628142029093e+01 3.794393426770608091e-01 1.864249143945571896e-02
2.146754074702852577e+01 2.843828454240391324e-01 1.670853502435159718e-02
2.445764457215044274e+01 2.035859662755681310e-01 1.519147090474862009e-02
2.786422464810916466e+01 1.446031613614322531e-01 1.410536404151707841e-02
3.174528981929791982e+01 1.057047768426844225e-01 1.337715191208408046e-02
3.616692868500850011e+01 7.352395464479166698e-02 1.281411868960523337e-02
4.120443498711833286e+01 4.602360392160242952e-02 1.236543733172915972e-02
4.694358974726586098e+01 2.963776393338091175e-02 1.208700743439802654e-02
