1.069642439726958605e+00 -1.063479096016667569e+00 nan
1.218627458003121777e+00 -9.499606026315938756e-01 1.655171799730372761e-01
1.388363836590320144e+00 -1.091057026248495543e+00 nan
1.581741926207981042e+00 -5.544966042296188835e-01 3.413550393417594808e-01
1.802054659727066133e+00 1.017714154490098943e+00 5.978473216747131058e-01
2.053053625776520175e+00 2.341453430826803128e+00 6.316231787289033894e-01
2.339012952555230562e+00 5.068046620219803344e+00 7.002981528118080723e-01
2.664802089693036891e+00 7.440347911183645024e+00 6.910808504335751445e-01
3.035968727524477995e+00 7.185091708443467340e+00 5.649946341327442001e-01
3.458833265763586962e+00 8.152407238649029608e+00 4.984611076409684038e-01
3.940596440236666886e+00 6.889737753676008936e+00 3.837168409584746365e-01
4.489461940391565875e+00 5.743630528893655551e+00 2.945697247148640896e-01
5.114776105571953835e+00 4.990437709999978821e+00 2.319394775173268253e-01
5.827187078870319503e+00 4.009922295314747309e+00 1.772337604720117532e-01
6.638826128706195817e+00 3.278118446574976197e+00 1.374070361552228725e-01
7.563514225758552811e+00 2.533006967167354517e+00 1.049540437293497719e-01
8.616997392941321721e+00 1.974293703113381593e+00 8.139105004221623696e-02
9.817214836071872952e+00 1.601964533106618571e+00 6.501705296051873972e-02
1.118460442108735009e+01 1.262745934086403565e+00 5.212455792372972657e-02
1.274245069961824761e+01 9.761040347736900102e-01 4.220287480648856476e-02
1.451728140926205768e+01 7.693932148395339343e-01 3.512625130599082712e-02
1.653931920034971981e+01 5.974826478142438724e-01 2.971431936530476853e-02
1.884299628142029093e+01 4.570187829772929256e-01 2.559712591822890793e-02
2.146754074702852577e+01 3.516365500418161538e-01 2.261071017069500935e-02
2.445764457215044274e+01 2.728150586205211336e-01 2.044290749889600758e-02
2.786422464810916466e+01 2.099796726863529805e-01 1.881685503487418726e-02
3.174528981929791982e+01 1.434123298244127653e-01 1.736147006555657443e-02
3.616692868500850011e+01 1.101847190368012708e-01 1.653891853633470896e-02
4.120443498711833286e+01 6.907125326491536654e-02 1.571342086017791378e-02
4.694358974726586098e+01 4.551405425016152861e-02 1.521404347501963648e-02
