1.069642439726958605e+00 -9.240807374404131913e-01 4.367831340998508671e-01
1.218627458003121777e+00 -5.697073515818169565e-01 7.902487812174618931e-01
1.388363836590320144e+00 -1.007074640309634450e+00 nan
1.581741926207981042e+00 -7.267463386539412262e-01 4.352059766870799984e-01
1.802054659727066133e+00 -8.992139401846876989e-01 2.172967165486167918e-01
2.053053625776520175e+00 8.858204687370574426e-02 5.856170078150677583e-01
2.339012952555230562e+00 1.819583938930659395e+00 7.729665557668472520e-01
2.664802089693036891e+00 5.235990544157131055e+00 9.591200803455853796e-01
3.035968727524477995e+00 6.595557085590380453e+00 8.779945601236586183e-01
3.458833265763586962e+00 8.647216587130150955e+00 8.231155425907200618e-01
3.940596440236666886e+00 7.513927415562907441e+00 6.395474415296656945e-01
4.489461940391565875e+00 7.411516727894441381e+00 5.289418019399551030e-01
5.114776105571953835e+00 6.237698147140221749e+00 4.077906130062842749e-01
5.827187078870319503e+00 4.915525345961493819e+00 3.065122995240998072e-01
6.638826128706195817e+00 3.834874294589223354e+00 2.305856603747933053e-01
7.563514225758552811e+00 3.046963441523264482e+00 1.765631036637557993e-01
8.616997392941321721e+00 2.434640596871603613e+00 1.366959252210815934e-01
9.817214836071872952e+00 1.898970588033381590e+00 1.058682651683413717e-01
1.118460442108735009e+01 1.534789172599578588e+00 8.431465564611716201e-02
1.274245069961824761e+01 1.216173758319365028e+00 6.756054030908932584e-02
1.451728140926205768e+01 9.428545835293089539e-01 5.469427925176176958e-02
1.653931920034971981e+01 7.039268614562550486e-01 4.464694701355003542e-02
1.884299628142029093e+01 5.726844089537610483e-01 3.822072084712258705e-02
2.146754074702852577e+01 4.007699430352966719e-01 3.218190255536759747e-02
2.445764457215044274e+01 2.984236603730943127e-01 2.827284551053275627e-02
2.786422464810916466e+01 2.118746455183466715e-01 2.525166908405080193e-02
3.174528981929791982e+01 1.484375664234354186e-01 2.308538176959031019e-02
3.616692868500850011e+01 1.026960315303171445e-01 2.154965176494369819e-02
4.120443498711833286e+01 7.943049772053334401e-02 2.063877231945271049e-02
4.694358974726586098e+01 4.531312529548259249e-02 1.968353439092665122e-02
