1.069642439726958605e+00 -1.310467706013362932e+00 nan
1.218627458003121777e+00 -8.082958199356911067e-01 5.250365027334846779e-01
1.388363836590320144e+00 -1.250764242704955898e+00 nan
1.581741926207981042e+00 -1.020669533169533238e+00 nan
1.802054659727066133e+00 -8.101677009325669587e-01 2.968624321794900989e-01
2.053053625776520175e+00 -9.106278923005195480e-02 5.326154678342908122e-01
2.339012952555230562e+00 2.644583555301002420e+00 8.753452903667938712e-01
2.664802089693036891e+00 4.370551442186938473e+00 8.851677430893658549e-01
3.035968727524477995e+00 6.712905579887499918e+00 8.809113129421838329e-01
3.458833265763586962e+00 8.497324416794292290e+00 8.127480557089643565e-01
3.940596440236666886e+00 7.742194202156905902e+00 6.456849720337600740e-01
4.489461940391565875e+00 6.725018159931415163e+00 5.029455611730760944e-01
5.114776105571953835e+00 6.263730290491245967e+00 4.068228912464236791e-01
5.827187078870319503e+00 4.754957780822562263e+00 3.005189194544570785e-01
6.638826128706195817e+00 3.814843623396107386e+00 2.290595152036415394e-01
7.563514225758552811e+00 3.093600953731655778e+00 1.770102520200693141e-01
8.616997392941321721e+00 2.605180727927668194e+00 1.401930884160395852e-01
9.817214836071872952e+00 1.848872708487178329e+00 1.043036444543074814e-01
1.118460442108735009e+01 1.548250045172544720e+00 8.427484539318567947e-02
1.274245069961824761e+01 1.259418154814697210e+00 6.819411218312709799e-02
1.451728140926205768e+01 9.582205356686070985e-01 5.480057854702027192e-02
1.653931920034971981e+01 6.964598565826141119e-01 4.434687166154589050e-02
1.884299628142029093e+01 5.768712380741618517e-01 3.817324561786207548e-02
2.146754074702852577e+01 4.228216148941710273e-01 3.249037856764759591e-02
2.445764457215044274e+01 3.299423646643100394e-01 2.876789193325673955e-02
2.786422464810916466e+01 2.378556227550467916e-01 2.565435963746035344e-02
3.174528981929791982e+01 1.667945523986118506e-01 2.335654810482525739e-02
3.616692868500850011e+01 1.148975724059628778e-01 2.171480361315258206e-02
4.120443498711833286e+01 8.553675855617348667e-02 2.069735023981056007e-02
4.694358974726586098e+01 5.715448720297211516e-02 1.984958043467537070e-02
