1.069642439726958605e+00 -1.249051932484609218e+00 nan
1.218627458003121777e+00 -7.375963752650276373e-01 6.141063317271987509e-01
1.388363836590320144e+00 -8.456286116206963577e-01 3.997408780468588718e-01
1.581741926207981042e+00 -9.698246451965066850e-01 1.439123261620710303e-01
1.802054659727066133e+00 -4.834790271321041111e-01 4.896048325179616079e-01
2.053053625776520175e+00 6.502568814640845574e-01 7.177497809501000026e-01
2.339012952555230562e+00 1.971194278670874933e+00 7.897228851243832670e-01
2.664802089693036891e+00 5.586909384353923258e+00 9.813673410327622415e-01
3.035968727524477995e+00 7.752032642398824613e+00 9.397108869617228910e-01
3.458833265763586962e+00 7.821481622090036723e+00 7.818395616795583702e-01
3.940596440236666886e+00 8.701155227141939008e+00 6.822339637070043983e-01
4.489461940391565875e+00 7.003666386484439066e+00 5.125148055180774875e-01
5.114776105571953835e+00 6.276252430005786032e+00 4.071047319203512371e-01
5.827187078870319503e+00 4.846129549663885427e+00 3.031004199554823142e-01
6.638826128706195817e+00 3.963305651478580938e+00 2.330236632047140155e-01
7.563514225758552811e+00 3.143217678801389692e+00 1.782243910732555781e-01
8.616997392941321721e+00 2.547558315847467725e+00 1.387933878052673153e-01
9.817214836071872952e+00 1.931999915810530766e+00 1.061656972292908951e-01
1.118460442108735009e+01 1.484145096154971810e+00 8.287469081033879692e-02
1.274245069961824761e+01 1.261703345109453922e+00 6.822572255294359622e-02
1.451728140926205768e+01 9.229896937161949921e-01 5.408893114594819085e-02
1.653931920034971981e+01 7.133497710683638360e-01 4.466406033944162607e-02
1.884299628142029093e+01 5.622077975325829868e-01 3.788899548515524407e-02
2.146754074702852577e+01 4.231673002249993765e-01 3.249072201465450643e-02
2.445764457215044274e+01 3.409307088583275469e-01 2.896479122867241102e-02
2.786422464810916466e+01 2.577515821495910409e-01 2.601335009334444434e-02
3.174528981929791982e+01 1.807577343006665505e-01 2.360674292184531189e-02
3.616692868500850011e+01 1.378925969511772820e-01 2.212868080826434214e-02
4.120443498711833286e+01 9.831114924793582510e-02 2.092573742062138129e-02
4.694358974726586098e+01 6.726427021116077043e-02 2.002976128285176641e-02
