1.069642439726958605e+00 -1.423817935691949810e+00 nan
1.218627458003121777e+00 -9.639697880380775352e-01 1.406767173350849942e-01
1.388363836590320144e+00 -5.181112144520234608e-01 4.366684042470907468e-01
1.581741926207981042e+00 -9.808613594068558150e-01 7.085453998420283839e-02
1.802054659727066133e+00 5.720630877607457698e-02 4.332161869911516083e-01
2.053053625776520175e+00 2.007882395382136309e+00 6.000662730415943225e-01
2.339012952555230562e+00 4.799106858436434919e+00 6.854736564161786339e-01
2.664802089693036891e+00 6.801335736122837261e+00 6.647065834616838753e-01
3.035968727524477995e+00 7.099229519350237716e+00 5.627893790992526402e-01
3.458833265763586962e+00 7.419839232446641120e+00 4.775386372155617232e-01
3.940596440236666886e+00 6.811401547667823131e+00 3.822371414717368743e-01
4.489461940391565875e+00 6.034519879346902371e+00 3.020040807548327599e-01
5.114776105571953835e+00 5.041157946030073056e+00 2.334040922483251179e-01
5.827187078870319503e+00 3.973745796698374910e+00 1.767526151706296234e-01
6.638826128706195817e+00 3.121087967129136054e+00 1.345727556286851756e-01
7.563514225758552811e+00 2.543856561952031914e+00 1.053028072049145558e-01
8.616997392941321721e+00 1.940991119203734572e+00 8.092507501103839151e-02
9.817214836071872952e+00 1.586508618440854113e+00 6.484928528239596035e-02
1.118460442108735009e+01 1.307487872701312170e+00 5.290432350774550152e-02
1.274245069961824761e+01 9.953472875181685886e-01 4.255277749265568010e-02
1.451728140926205768e+01 7.811023287595073583e-01 3.534451296533314829e-02
1.653931920034971981e+01 6.215536823146161627e-01 3.010322771254599766e-02
1.884299628142029093e+01 4.831381317315206481e-01 2.600491912124497720e-02
2.146754074702852577e+01 3.630823802244074194e-01 2.279911766914951773e-02
2.445764457215044274e+01 2.726031802795845227e-01 2.046000501556753323e-02
2.786422464810916466e+01 2.034855358461391539e-01 1.874181032415114800e-02
3.174528981929791982e+01 1.375000878593242160e-01 1.729294856919509973e-02
3.616692868500850011e+01 9.906315549116384567e-02 1.639507607433181996e-02
4.120443498711833286e+01 7.322527972883108305e-02 1.578610244257295375e-02
4.694358974726586098e+01 4.904795350045798585e-02 1.527721825701276216e-02
