1.069642439726958605e+00 -9.690696712074469144e-01 2.765322590773541811e-01
1.218627458003121777e+00 -9.593485159669568052e-01 2.409161080884962558e-01
1.388363836590320144e+00 -1.179804394490053809e+00 nan
1.581741926207981042e+00 -1.264169613710554696e+00 nan
1.802054659727066133e+00 -8.184580567147139440e-01 2.892803277477872803e-01
2.053053625776520175e+00 1.076191076335837549e+00 8.026190382874157647e-01
2.339012952555230562e+00 1.965390304919033104e+00 7.863780763755665593e-01
2.664802089693036891e+00 4.547328381069472236e+00 8.966340908685601629e-01
3.035968727524477995e+00 7.061057097003459404e+00 8.979389295571216234e-01
3.458833265763586962e+00 8.322360355199824866e+00 8.021110150818087092e-01
3.940596440236666886e+00 7.693223722865557335e+00 6.415570027335474323e-01
4.489461940391565875e+00 6.918322735682814084e+00 5.079602067500362805e-01
5.114776105571953835e+00 5.950209203969759386e+00 3.957146689536926720e-01
5.827187078870319503e+00 4.928873437152475390e+00 3.045651489185248195e-01
6.638826128706195817e+00 4.023386091078561044e+00 2.339320226747090559e-01
7.563514225758552811e+00 2.998762377506027477e+00 1.740279593657243495e-01
8.616997392941321721e+00 2.424113827529703169e+00 1.354512983337653187e-01
9.817214836071872952e+00 1.898983724409445406e+00 1.051161591595622252e-01
1.118460442108735009e+01 1.535521346772238394e+00 8.374844525925284611e-02
1.274245069961824761e+01 1.271438246066662003e+00 6.824225891286585244e-02
1.451728140926205768e+01 9.653587359737980655e-01 5.478861743314419191e-02
1.653931920034971981e+01 7.633631284395714367e-01 4.551632653622608715e-02
1.884299628142029093e+01 5.679119959684575392e-01 3.790720265085677221e-02
2.146754074702852577e+01 4.201915594567917633e-01 3.236274792059698480e-02
2.445764457215044274e+01 3.090106317514955681e-01 2.831749325543319110e-02
2.786422464810916466e+01 2.381497856273517844e-01 2.560357268389483812e-02
3.174528981929791982e+01 1.552412231482254157e-01 2.309788424260077189e-02
3.616692868500850011e+01 1.133752476305045498e-01 2.164356482253909641e-02
4.120443498711833286e+01 7.662659810248872994e-02 2.049590472632260157e-02
4.694358974726586098e+01 5.299127963505245731e-02 1.973670059101055932e-02
