1.069642439726958605e+00 -2.097592858182764530e+00 nan
1.218627458003121777e+00 -1.385113300448550966e+00 nan
1.388363836590320144e+00 -2.865176081493454152e+00 nan
1.581741926207981042e+00 -7.086230876216967900e-01 7.597979306608410255e+00
1.802054659727066133e+00 -7.323884492307177752e-01 5.986561903320599676e+00
2.053053625776520175e+00 -3.576536540605814718e-01 7.601763481682258572e+00
2.339012952555230562e+00 -9.938195865403522955e-01 6.105330110732016813e-01
2.664802089693036891e+00 -1.091951772334693427e+00 nan
3.035968727524477995e+00 -9.320322770922651046e-01 1.386870456660782791e+00
3.458833265763586962e+00 -1.080187979198815817e+00 nan
3.940596440236666886e+00 3.201081462814539869e+00 7.377615354841891460e+00
4.489461940391565875e+00 4.875616077329754994e+00 7.170108782778850554e+00
5.114776105571953835e+00 1.477417716581853391e+01 9.708262996267865930e+00
5.827187078870319503e+00 1.630129171502271390e+01 8.401616004258819714e+00
6.638826128706195817e+00 7.018291737487593274e+00 4.681657947865660141e+00
7.563514225758552811e+00 1.230687760290804889e+01 5.022134835971832523e+00
8.616997392941321721e+00 9.301813165582782261e+00 3.644634989657320467e+00
9.817214836071872952e+00 5.661709920205928448e+00 2.406815572591415542e+00
1.118460442108735009e+01 5.791011443229817424e+00 2.020316815663812715e+00
1.274245069961824761e+01 3.290164314106111210e+00 1.316752882890274590e+00
1.451728140926205768e+01 3.178763370041338465e+00 1.082889643823175652e+00
1.653931920034971981e+01 1.941133617067333006e+00 7.484831827810823901e-01
1.884299628142029093e+01 1.455759412022830102e+00 5.677029996092676223e-01
2.146754074702852577e+01 1.673259983576991239e+00 5.024711862603153945e-01
2.445764457215044274e+01 8.882818781450256829e-01 3.485502237835710893e-01
2.786422464810916466e+01 5.287891526043693169e-01 2.620086598230769170e-01
3.174528981929791982e+01 3.771939327400299913e-01 2.108205982158278258e-01
3.616692868500850011e+01 4.849387933690585406e-01 1.923176339598546836e-01
4.120443498711833286e+01 2.115421485916433308e-01 1.476457990471034265e-01
4.694358974726586098e+01 1.739159135930248290e-01 1.288457451601012493e-01
