1.069642439726958605e+00 -1.180145775968973521e+00 nan
1.218627458003121777e+00 -8.993785824011764074e-01 2.351562153505617203e-01
1.388363836590320144e+00 -7.832781988004622331e-01 2.928987032841747218e-01
1.581741926207981042e+00 -2.103163777185645955e-02 5.070776878327699633e-01
1.802054659727066133e+00 8.171277859101211405e-03 4.231525978967198842e-01
2.053053625776520175e+00 1.805650317191215937e+00 5.795998427882724791e-01
2.339012952555230562e+00 5.298422475565670808e+00 7.150118188737433211e-01
2.664802089693036891e+00 6.682324214452591171e+00 6.596522578543971838e-01
3.035968727524477995e+00 7.517467122805877366e+00 5.779145940836584172e-01
3.458833265763586962e+00 8.264130991589276221e+00 5.026184785080590744e-01
3.940596440236666886e+00 6.980060122269817313e+00 3.867940496899227032e-01
4.489461940391565875e+00 5.748042487369096953e+00 2.952037756484150455e-01
5.114776105571953835e+00 4.989345465785866018e+00 2.323243112984760550e-01
5.827187078870319503e+00 3.891320659987328678e+00 1.750924435395646572e-01
6.638826128706195817e+00 3.208688750857283445e+00 1.363029433616408104e-01
7.563514225758552811e+00 2.500843351677807469e+00 1.045410664654696647e-01
8.616997392941321721e+00 1.982028629444892331e+00 8.165867841258263315e-02
9.817214836071872952e+00 1.621933840681242911e+00 6.545052448008903401e-02
1.118460442108735009e+01 1.270475631649938375e+00 5.232738234236442021e-02
1.274245069961824761e+01 9.913969588931814680e-01 4.250081910975750388e-02
1.451728140926205768e+01 7.796471620049079121e-01 3.532973752472061413e-02
1.653931920034971981e+01 6.059776022381166971e-01 2.987935385058446483e-02
1.884299628142029093e+01 4.518221747150490408e-01 2.555403539950346775e-02
2.146754074702852577e+01 3.509505985577572318e-01 2.262811642231369810e-02
2.445764457215044274e+01 2.627365237842811396e-01 2.032189538069503060e-02
2.786422464810916466e+01 1.969347773346667996e-01 1.865115126013175764e-02
3.174528981929791982e+01 1.396359688402708521e-01 1.732603541984583176e-02
3.616692868500850011e+01 9.265768386744110963e-02 1.630622900605743428e-02
4.120443498711833286e+01 6.434255723581716602e-02 1.566188823954491743e-02
4.694358974726586098e+01 3.809993608249517827e-02 1.512352809655387147e-02
