1.069642439726958605e+00 -1.015537796410323601e+00 nan
1.218627458003121777e+00 -1.327913750709286855e+00 nan
1.388363836590320144e+00 -1.305405552679617553e+00 nan
1.581741926207981042e+00 -5.286764705882351922e-01 9.431629288040012327e+00
1.802054659727066133e+00 -1.254456642528301025e+00 nan
2.053053625776520175e+00 -8.298924590056355743e-01 3.818041793570977838e+00
2.339012952555230562e+00 -3.537419156144134824e-01 6.093572396462172414e+00
2.664802089693036891e+00 -1.216792746880225540e+00 nan
3.035968727524477995e+00 -7.467522681997873502e-01 2.612888936354378355e+00
3.458833265763586962e+00 -1.164758145851868765e+00 nan
3.940596440236666886e+00 2.956632448476648634e+00 6.987793189424353457e+00
4.489461940391565875e+00 1.575517255069254041e+01 1.185993597779304309e+01
5.114776105571953835e+00 1.388212516814702013e+01 9.201310579776063037e+00
5.827187078870319503e+00 1.290522430480186600e+01 7.336041343536842341e+00
6.638826128706195817e+00 1.354194980490363420e+01 6.196486581274937677e+00
7.563514225758552811e+00 1.128384729416407417e+01 4.704493630980873142e+00
8.616997392941321721e+00 8.324124079201038029e+00 3.378736343566773215e+00
9.817214836071872952e+00 7.474857997357051254e+00 2.666625305930154788e+00
1.118460442108735009e+01 4.151671470047890722e+00 1.705374947068944103e+00
1.274245069961824761e+01 3.118847247970050418e+00 1.258638684509377548e+00
1.451728140926205768e+01 1.547818259877546732e+00 8.123465622267074249e-01
1.653931920034971981e+01 1.798053153186212061e+00 7.117646097446544973e-01
1.884299628142029093e+01 1.496760247485666717e+00 5.599026391347883269e-01
2.146754074702852577e+01 1.196265328339844558e+00 4.389441050576242120e-01
2.445764457215044274e+01 1.066642831781197120e+00 3.594024353873275790e-01
2.786422464810916466e+01 6.102756107412590225e-01 2.644115431227091473e-01
3.174528981929791982e+01 2.876450127412353286e-01 1.979661516932981757e-01
3.616692868500850011e+01 4.585178355917673976e-01 1.862229490490876493e-01
4.120443498711833286e+01 1.755474697506860249e-01 1.417915581812596582e-01
4.694358974726586098e+01 1.308314566569666049e-01 1.230541504444852691e-01
