1.069642439726958605e+00 -7.814503799659313632e-01 4.322983491448938231e+00
1.218627458003121777e+00 -4.402825837255106567e-01 5.257382686825627260e+00
1.388363836590320144e+00 -7.042184413069174642e-01 3.243458490422332918e+00
1.581741926207981042e+00 -6.704927211646136698e-01 2.787672716150213947e+00
1.802054659727066133e+00 -7.933587673927329220e-01 1.814977411686740316e+00
2.053053625776520175e+00 -8.739138901351295452e-01 1.161968412169493980e+00
2.339012952555230562e+00 -7.050358853578191365e-01 1.455246866750464552e+00
2.664802089693036891e+00 -9.077699453602796620e-01 6.756810762489036115e-01
3.035968727524477995e+00 1.014035290763374064e+00 2.606147337085841009e+00
3.458833265763586962e+00 2.868180487312562477e+00 2.975724090148082368e+00
3.940596440236666886e+00 5.926132975877885123e+00 3.279374019696635223e+00
4.489461940391565875e+00 1.259982424973268067e+01 3.803501710188890161e+00
5.114776105571953835e+00 8.584450816411468566e+00 2.625434955646074986e+00
5.827187078870319503e+00 8.725265469233251636e+00 2.189324546910334846e+00
6.638826128706195817e+00 9.189052157046871727e+00 1.860235879277420068e+00
7.563514225758552811e+00 7.045669596134142232e+00 1.366967579164117153e+00
8.616997392941321721e+00 4.668999486989760861e+00 9.450514260856033300e-01
9.817214836071872952e+00 4.827766226575729291e+00 8.016876425007098961e-01
1.118460442108735009e+01 3.414669201810473620e+00 5.774112350065385701e-01
1.274245069961824761e+01 2.650682168527358051e+00 4.368462535061496954e-01
1.451728140926205768e+01 1.821302767846012527e+00 3.189263021240094642e-01
1.653931920034971981e+01 1.440812685777999036e+00 2.490473617811105600e-01
1.884299628142029093e+01 1.178557587093579828e+00 1.989994913135019750e-01
2.146754074702852577e+01 9.484570743244635782e-01 1.604483616278391811e-01
2.445764457215044274e+01 6.930232966203484501e-01 1.278715412632540904e-01
2.786422464810916466e+01 4.560235510961405669e-01 1.018736244493661652e-01
3.174528981929791982e+01 2.965612919251512380e-01 8.381771413936354997e-02
3.616692868500850011e+01 2.289800348230577320e-01 7.303888757016575861e-02
4.120443498711833286e+01 1.462600366149131581e-01 6.369996118769724602e-02
4.694358974726586098e+01 1.002390607933947297e-01 5.762469624296340243e-02
