1.069642439726958605e+00 -1.506863620394573555e+00 nan
1.218627458003121777e+00 -1.378353753588861696e+00 nan
1.388363836590320144e+00 -8.619429722046643150e-01 2.227303098589041852e+00
1.581741926207981042e+00 -1.123552821997105600e+00 nan
1.802054659727066133e+00 -4.687742128922920415e-01 2.925094115213145329e+00
2.053053625776520175e+00 -7.490164295368000325e-01 1.647848491039266117e+00
2.339012952555230562e+00 -1.044544290466052239e+00 nan
2.664802089693036891e+00 -7.932024333636240598e-01 1.016990542982893375e+00
3.035968727524477995e+00 4.649751707537697065e-02 1.887745115286948883e+00
3.458833265763586962e+00 3.512996214807596385e+00 3.231573845339478002e+00
3.940596440236666886e+00 5.644283708321765403e+00 3.227854325502369282e+00
4.489461940391565875e+00 8.507700252966488463e+00 3.184601105954632416e+00
5.114776105571953835e+00 1.102423978853938991e+01 2.965170801746970231e+00
5.827187078870319503e+00 9.696588399693403915e+00 2.311985037966878487e+00
6.638826128706195817e+00 6.836503124674668364e+00 1.628675677921638476e+00
7.563514225758552811e+00 6.130051053547186157e+00 1.288358903451089832e+00
8.616997392941321721e+00 5.587279194192830367e+00 1.029466807141705909e+00
9.817214836071872952e+00 4.854330235776733282e+00 8.076235364539997574e-01
1.118460442108735009e+01 2.943289435665454867e+00 5.450849558266035455e-01
1.274245069961824761e+01 2.611907303586991969e+00 4.362966310089427813e-01
1.451728140926205768e+01 1.910311431114578351e+00 3.262267247579164198e-01
1.653931920034971981e+01 1.469525680232627529e+00 2.519498211210297600e-01
1.884299628142029093e+01 1.077970801358606900e+00 1.942005687525130142e-01
2.146754074702852577e+01 9.141040600679415373e-01 1.593324427261376686e-01
2.445764457215044274e+01 6.508897819061834067e-01 1.262804579503271074e-01
2.786422464810916466e+01 4.005806922555532612e-01 9.957897764556181142e-02
3.174528981929791982e+01 3.886799984988369427e-01 8.849379971217906371e-02
3.616692868500850011e+01 2.484473923970615949e-01 7.420753930092748030e-02
4.120443498711833286e+01 2.042059811288359228e-01 6.654119954645400237e-02
4.694358974726586098e+01 1.336855945090169584e-01 5.930964088275231250e-02
