1.069642439726958605e+00 -1.316397656044284048e+00 nan
1.218627458003121777e+00 -7.944769858368316839e-01 3.367676030520513897e-01
1.388363836590320144e+00 -9.347669182004558763e-01 1.610140296740006638e-01
1.581741926207981042e+00 -4.150497262907242302e-01 3.927027410323746803e-01
1.802054659727066133e+00 5.036447873034686218e-01 5.179702844412441554e-01
2.053053625776520175e+00 2.761214422967486648e+00 6.729827019831108315e-01
2.339012952555230562e+00 4.920134854325125318e+00 6.942758134821414018e-01
2.664802089693036891e+00 6.872277612732579755e+00 6.693210295734056681e-01
3.035968727524477995e+00 8.118777078332335861e+00 6.000810428150714637e-01
3.458833265763586962e+00 8.387486876232546962e+00 5.071768965472387425e-01
3.940596440236666886e+00 7.431176443909157214e+00 3.993163035124679405e-01
4.489461940391565875e+00 6.035010571136658619e+00 3.026722473680526493e-01
5.114776105571953835e+00 4.905412423295771873e+00 2.309096515054500365e-01
5.827187078870319503e+00 3.823863126202320384e+00 1.740162222590045382e-01
6.638826128706195817e+00 3.187275827873745193e+00 1.361382172866538731e-01
7.563514225758552811e+00 2.560964642208436004e+00 1.058300439253289232e-01
8.616997392941321721e+00 1.980762749240263521e+00 8.177996869028320015e-02
9.817214836071872952e+00 1.614100310438890240e+00 6.543200077211513976e-02
1.118460442108735009e+01 1.261310219019682766e+00 5.226720794258662983e-02
1.274245069961824761e+01 9.948084579836868890e-01 4.262054204056973938e-02
1.451728140926205768e+01 7.724213421809795754e-01 3.527428151186003114e-02
1.653931920034971981e+01 6.073487860699431362e-01 2.994248759757469486e-02
1.884299628142029093e+01 4.713925831529031107e-01 2.587400441548781682e-02
2.146754074702852577e+01 3.512500177888131514e-01 2.266177921505443255e-02
2.445764457215044274e+01 2.761691516087751985e-01 2.053980308647474981e-02
2.786422464810916466e+01 1.999904547140571864e-01 1.871691931880655607e-02
3.174528981929791982e+01 1.529985988007092068e-01 1.753655744364017097e-02
3.616692868500850011e+01 1.047530832711791593e-01 1.649676751651396253e-02
4.120443498711833286e+01 7.142146307412389206e-02 1.577970118219636231e-02
4.694358974726586098e+01 5.048564449446590885e-02 1.531605982643398194e-02
