1.069642439726958605e+00 -9.819556176880628318e-01 2.125969605115649030e-01
1.218627458003121777e+00 -7.080408215121087867e-01 6.498811883776006715e-01
1.388363836590320144e+00 -1.194069426944891266e+00 nan
1.581741926207981042e+00 -8.500999424988362474e-01 3.218087724214852563e-01
1.802054659727066133e+00 -8.644644303230952787e-01 2.515838297111251398e-01
2.053053625776520175e+00 1.243020177013490102e+00 8.397694027757223179e-01
2.339012952555230562e+00 2.365960491026806611e+00 8.435416650075668876e-01
2.664802089693036891e+00 5.382793920128968068e+00 9.689460519963153384e-01
3.035968727524477995e+00 7.380635481931395958e+00 9.219554669999348029e-01
3.458833265763586962e+00 7.650149062395281696e+00 7.763663799107376473e-01
3.940596440236666886e+00 7.731991795786990807e+00 6.471536463831295549e-01
4.489461940391565875e+00 6.924263341231814195e+00 5.113593993106181346e-01
5.114776105571953835e+00 5.885315876662469137e+00 3.961254383336987872e-01
5.827187078870319503e+00 5.019047947716831715e+00 3.090452157814079226e-01
6.638826128706195817e+00 3.813399499314206853e+00 2.296542656437422503e-01
7.563514225758552811e+00 3.008168402877535286e+00 1.753097859654213497e-01
8.616997392941321721e+00 2.564137525947412843e+00 1.395916924317778807e-01
9.817214836071872952e+00 2.017684702715097700e+00 1.084055045471500195e-01
1.118460442108735009e+01 1.632945450085663719e+00 8.630681837782089305e-02
1.274245069961824761e+01 1.223665031827949168e+00 6.762513752552536117e-02
1.451728140926205768e+01 9.174719912882010053e-01 5.411871990304803481e-02
1.653931920034971981e+01 7.356302712404425570e-01 4.520545508205399410e-02
1.884299628142029093e+01 5.725056510000063881e-01 3.817279422000676575e-02
2.146754074702852577e+01 4.287229463613515534e-01 3.266675202677763595e-02
2.445764457215044274e+01 3.077255808900953848e-01 2.841442414179562448e-02
2.786422464810916466e+01 2.253015664422475250e-01 2.547202729830562451e-02
3.174528981929791982e+01 1.707156217888865513e-01 2.346918269129808290e-02
3.616692868500850011e+01 1.116518398311663329e-01 2.169261715537279880e-02
4.120443498711833286e+01 8.004279462820429458e-02 2.063154699402575815e-02
4.694358974726586098e+01 4.561061100397889589e-02 1.967188347174444324e-02
