1.069642439726958605e+00 -1.261597887418740793e+00 nan
1.218627458003121777e+00 -1.050829537091151344e+00 nan
1.388363836590320144e+00 -7.508605918524706713e-01 3.123155240416318756e-01
1.581741926207981042e+00 -8.127063118681987497e-01 2.205066918282589383e-01
1.802054659727066133e+00 6.770864745361269144e-01 5.429725856783461646e-01
2.053053625776520175e+00 2.128654798070756193e+00 6.088604029073201307e-01
2.339012952555230562e+00 4.614488696241408228e+00 6.708120850464204254e-01
2.664802089693036891e+00 6.200236399012876376e+00 6.346012728417620430e-01
3.035968727524477995e+00 7.827233773191659694e+00 5.856323442602684448e-01
3.458833265763586962e+00 7.631466789342720602e+00 4.814326504254728412e-01
3.940596440236666886e+00 6.468923506283895009e+00 3.711960415780110045e-01
4.489461940391565875e+00 6.101170544048063249e+00 3.020875063097914204e-01
5.114776105571953835e+00 4.782517528534894424e+00 2.265745387396272681e-01
5.827187078870319503e+00 3.878400981832761829e+00 1.739379535193171789e-01
6.638826128706195817e+00 3.191656288406288233e+00 1.352971339970889808e-01
7.563514225758552811e+00 2.505309742460796407e+00 1.041123555237748605e-01
8.616997392941321721e+00 2.018557512806096188e+00 8.190175073000942330e-02
9.817214836071872952e+00 1.558070067526982960e+00 6.409422906308499812e-02
1.118460442108735009e+01 1.260038204755447033e+00 5.192859182203896085e-02
1.274245069961824761e+01 1.030250860692895953e+00 4.291518061257034583e-02
1.451728140926205768e+01 7.907182524623248554e-01 3.535097225448435160e-02
1.653931920034971981e+01 6.029919343289420475e-01 2.971904924309471188e-02
1.884299628142029093e+01 4.582417054069527484e-01 2.555244018809648548e-02
2.146754074702852577e+01 3.605963473754225657e-01 2.268714688315246267e-02
2.445764457215044274e+01 2.674364679231255870e-01 2.032091190320312046e-02
2.786422464810916466e+01 2.010176349665504514e-01 1.864942351346218427e-02
3.174528981929791982e+01 1.443248083867123555e-01 1.733907681071990975e-02
3.616692868500850011e+01 1.059755944166644870e-01 1.644644153368217399e-02
4.120443498711833286e+01 7.127013023212236398e-02 1.571430624358530551e-02
4.694358974726586098e+01 4.948717546901226783e-02 1.524159226066022430e-02
