1.069642439726958605e+00 -5.900780093051458675e-01 1.761776644412150361e+01
1.218627458003121777e+00 -2.060857561320516229e+00 nan
1.388363836590320144e+00 -5.431882609992506605e-01 1.199449153575695348e+01
1.581741926207981042e+00 -1.046525464064731015e+00 nan
1.802054659727066133e+00 -5.809453212716306769e-01 7.691099721547598911e+00
2.053053625776520175e+00 -7.920806681361300949e-01 4.440153971728732607e+00
2.339012952555230562e+00 -4.684733148762370014e-01 5.812994952050817510e+00
2.664802089693036891e+00 -6.261237408382025471e-01 4.048222401638158274e+00
3.035968727524477995e+00 -6.494606383594441201e-01 3.233637878081834227e+00
3.458833265763586962e+00 5.372963333983123313e+00 1.135762178117486343e+01
3.940596440236666886e+00 3.644945126469059105e+00 7.964942846113809871e+00
4.489461940391565875e+00 1.736310364664005235e+01 1.306323703075628551e+01
5.114776105571953835e+00 1.760046486126191922e+01 1.083502924081139618e+01
5.827187078870319503e+00 1.152151965148405743e+01 7.312434400769449283e+00
6.638826128706195817e+00 1.412965274797257287e+01 6.647357684193765159e+00
7.563514225758552811e+00 1.622462249650324040e+01 5.895933760271627300e+00
8.616997392941321721e+00 6.299223207558672044e+00 3.127885020635457369e+00
9.817214836071872952e+00 8.300260624048830138e+00 2.941907856905854768e+00
1.118460442108735009e+01 4.738002892826718160e+00 1.895962894028581758e+00
1.274245069961824761e+01 4.496477280072393334e+00 1.541318490514224093e+00
1.451728140926205768e+01 2.426353622386793862e+00 9.982755768318597456e-01
1.653931920034971981e+01 2.555237447452698873e+00 8.512749802785611886e-01
1.884299628142029093e+01 2.262641919234828602e+00 6.820047681833321107e-01
2.146754074702852577e+01 1.302339188252357172e+00 4.726302758822825134e-01
2.445764457215044274e+01 8.759129856798915092e-01 3.557254084866722232e-01
2.786422464810916466e+01 5.969964814154897770e-01 2.753838415403533912e-01
3.174528981929791982e+01 4.493897401300297467e-01 2.227020976184387879e-01
3.616692868500850011e+01 3.127423637601403072e-01 1.813167576346917387e-01
4.120443498711833286e+01 2.504011683782261244e-01 1.541456582380163476e-01
4.694358974726586098e+01 6.220913481701839665e-02 1.223335517802713046e-01
