1.069642439726958605e+00 -1.112715214706276434e+00 nan
1.218627458003121777e+00 -9.980955654700094382e-01 5.270513639302275982e-02
1.388363836590320144e+00 -8.339101559638990580e-01 4.177260560676483991e-01
1.581741926207981042e+00 -9.169450631031923482e-01 2.405382193075586983e-01
1.802054659727066133e+00 -6.668028175499780552e-01 3.961394120341593661e-01
2.053053625776520175e+00 5.856908896581904944e-01 7.087830535295827072e-01
2.339012952555230562e+00 2.487995472656529206e+00 8.623580044338320372e-01
2.664802089693036891e+00 5.069685576381612435e+00 9.484717786465539646e-01
3.035968727524477995e+00 7.108286556836237224e+00 9.101896644748891374e-01
3.458833265763586962e+00 8.253817057981237326e+00 8.074295304331273737e-01
3.940596440236666886e+00 8.430270404932519668e+00 6.768654061022476576e-01
4.489461940391565875e+00 7.060518260369436305e+00 5.181572291550342602e-01
5.114776105571953835e+00 6.598522569695439266e+00 4.199234809836863147e-01
5.827187078870319503e+00 5.060173419083594304e+00 3.114465101384630286e-01
6.638826128706195817e+00 4.051770911102119399e+00 2.370240487430387288e-01
7.563514225758552811e+00 3.135058352712067009e+00 1.792270375153912354e-01
8.616997392941321721e+00 2.524682182203988212e+00 1.391701630822145264e-01
9.817214836071872952e+00 1.946122613258198797e+00 1.071790459752427205e-01
1.118460442108735009e+01 1.540019746527296896e+00 8.461123404587110597e-02
1.274245069961824761e+01 1.239440908176666190e+00 6.818336651985427987e-02
1.451728140926205768e+01 9.742620923973999147e-01 5.543115051623828671e-02
1.653931920034971981e+01 7.455382411802793374e-01 4.554055760155700100e-02
1.884299628142029093e+01 5.792815553862618039e-01 3.841621412292443166e-02
2.146754074702852577e+01 4.351258400690050099e-01 3.287981103460002608e-02
2.445764457215044274e+01 3.221046255035442396e-01 2.875730446445539171e-02
2.786422464810916466e+01 2.401210787205876329e-01 2.580969422836396077e-02
3.174528981929791982e+01 1.782404461309652355e-01 2.366451698416586688e-02
3.616692868500850011e+01 1.285656204748675258e-01 2.205219044174268339e-02
4.120443498711833286e+01 8.608015689419445948e-02 2.078873366725394675e-02
4.694358974726586098e+01 6.502834791258527147e-02 2.006885884644703591e-02
