1.069642439726958605e+00 -1.200128371037240349e+00 nan
1.218627458003121777e+00 -7.809509190611836349e-01 3.471570971362324398e-01
1.388363836590320144e+00 -1.182177418068717678e+00 nan
1.581741926207981042e+00 -5.236846691815615351e-01 3.538244550004639999e-01
1.802054659727066133e+00 1.468147543085074336e-01 4.515910005440014197e-01
2.053053625776520175e+00 2.146660239383622937e+00 6.143213702605497817e-01
2.339012952555230562e+00 4.518725031446115814e+00 6.690011216650693093e-01
2.664802089693036891e+00 6.876865163883877585e+00 6.685405500207607377e-01
3.035968727524477995e+00 8.205084706256322136e+00 6.021729231090346968e-01
3.458833265763586962e+00 7.522584167456878745e+00 4.810050907000870679e-01
3.940596440236666886e+00 7.164817104651115542e+00 3.918385790797898061e-01
4.489461940391565875e+00 6.195571377345628683e+00 3.060594776790326321e-01
5.114776105571953835e+00 4.981413662795259434e+00 2.322667444410494442e-01
5.827187078870319503e+00 3.846621900820540674e+00 1.742513960395983830e-01
6.638826128706195817e+00 3.194788524026743293e+00 1.361007029031762183e-01
7.563514225758552811e+00 2.658683842575559009e+00 1.074687959362713441e-01
8.616997392941321721e+00 2.031465084535263532e+00 8.255538404045416334e-02
9.817214836071872952e+00 1.618400308862456338e+00 6.542167887489581946e-02
1.118460442108735009e+01 1.270145112395765885e+00 5.234500462614937594e-02
1.274245069961824761e+01 9.976346044532304891e-01 4.261485347742341445e-02
1.451728140926205768e+01 7.747345981822000294e-01 3.527007090031350489e-02
1.653931920034971981e+01 5.907452680412437207e-01 2.966604408652254860e-02
1.884299628142029093e+01 4.412830308516439981e-01 2.540987994339940700e-02
2.146754074702852577e+01 3.461223440033276422e-01 2.256628136628079442e-02
2.445764457215044274e+01 2.543399288011138903e-01 2.020814531844451756e-02
2.786422464810916466e+01 1.847180265688506129e-01 1.848239623380941096e-02
3.174528981929791982e+01 1.338251686464564383e-01 1.724839668367958781e-02
3.616692868500850011e+01 9.829717013373651113e-02 1.639140220611091589e-02
4.120443498711833286e+01 6.764048192956062522e-02 1.571336545842454135e-02
4.694358974726586098e+01 4.757135911771892545e-02 1.526266391562141993e-02
