1.069642439726958605e+00 -1.401098863993970767e+00 nan
1.218627458003121777e+00 -8.849301632676140894e-01 2.509953579607877572e-01
1.388363836590320144e+00 -8.347506185307569382e-01 2.552718389873927518e-01
1.581741926207981042e+00 -1.028846570205164124e+00 nan
1.802054659727066133e+00 2.163505040387594391e-01 4.639635459027922626e-01
2.053053625776520175e+00 2.137559602460163077e+00 6.119332802340861077e-01
2.339012952555230562e+00 4.286147281442413970e+00 6.529738675415447391e-01
2.664802089693036891e+00 7.505249984210917269e+00 6.938017058957562933e-01
3.035968727524477995e+00 7.574493726261559701e+00 5.788519193355243786e-01
3.458833265763586962e+00 8.057490991374987033e+00 4.956863606156975965e-01
3.940596440236666886e+00 7.186446080760686250e+00 3.914867456128257595e-01
4.489461940391565875e+00 6.006880554603217348e+00 3.008796919652147461e-01
5.114776105571953835e+00 4.838257393535728923e+00 2.285783277649986733e-01
5.827187078870319503e+00 4.027126229200032270e+00 1.775842885886483591e-01
6.638826128706195817e+00 3.010026338320120676e+00 1.322106858049421074e-01
7.563514225758552811e+00 2.410174748886287688e+00 1.027004842970620363e-01
8.616997392941321721e+00 2.009548133485432153e+00 8.200167998328200536e-02
9.817214836071872952e+00 1.591029919477320531e+00 6.483522635139479795e-02
1.118460442108735009e+01 1.214442255728288789e+00 5.135440120211149512e-02
1.274245069961824761e+01 9.770562762170520443e-01 4.221699583121499288e-02
1.451728140926205768e+01 7.338101373412488915e-01 3.459102473113770393e-02
1.653931920034971981e+01 5.988619591871824355e-01 2.973428740230856307e-02
1.884299628142029093e+01 4.540711004060098421e-01 2.555398348882997883e-02
2.146754074702852577e+01 3.373540514755739572e-01 2.240468754009386151e-02
2.445764457215044274e+01 2.499326532989838423e-01 2.011490333931482619e-02
2.786422464810916466e+01 1.837209364382361709e-01 1.844180012179349321e-02
3.174528981929791982e+01 1.309510245887051116e-01 1.718374790953448861e-02
3.616692868500850011e+01 1.013845292078976446e-01 1.641351097900706213e-02
4.120443498711833286e+01 6.727004075342568612e-02 1.568765675762063411e-02
4.694358974726586098e+01 4.558429641614325512e-02 1.521490846928866270e-02
