1.069642439726958605e+00 -1.242806957744309937e+00 nan
1.218627458003121777e+00 -9.893172981795332888e-01 5.051607164005457451e-02
1.388363836590320144e+00 -4.681079540820838325e-01 3.025714624029391397e-01
1.581741926207981042e+00 3.979858945248535562e-01 3.996843406121916575e-01
1.802054659727066133e+00 2.621255142789209014e+00 5.300923348329035223e-01
2.053053625776520175e+00 4.768814097545126529e+00 5.506957029899410827e-01
2.339012952555230562e+00 6.480490785199826576e+00 5.169692293296402896e-01
2.664802089693036891e+00 7.410814326003839270e+00 4.591739455928222635e-01
3.035968727524477995e+00 7.936507718644657317e+00 3.953247575376850342e-01
3.458833265763586962e+00 7.154786862942868808e+00 3.144685570912280070e-01
3.940596440236666886e+00 6.001353129734496861e+00 2.422461192535707297e-01
4.489461940391565875e+00 5.093002542778977570e+00 1.885224678364731954e-01
5.114776105571953835e+00 4.005324419392927382e+00 1.425241967180254088e-01
5.827187078870319503e+00 3.368126126454396907e+00 1.121050621322935287e-01
6.638826128706195817e+00 2.597507642309205167e+00 8.542922103984594562e-02
7.563514225758552811e+00 2.042553631841624640e+00 6.653595915192982158e-02
8.616997392941321721e+00 1.671067658723398353e+00 5.336388010345798766e-02
9.817214836071872952e+00 1.297111437511195842e+00 4.249408773598831179e-02
1.118460442108735009e+01 1.044214230219991713e+00 3.494277112463383544e-02
1.274245069961824761e+01 8.386324590750469099e-01 2.922332055102314433e-02
1.451728140926205768e+01 6.437281496911426704e-01 2.458396125997976134e-02
1.653931920034971981e+01 5.064724584526905105e-01 2.130901727207823101e-02
1.884299628142029093e+01 3.851439175428565953e-01 1.870737391297137842e-02
2.146754074702852577e+01 2.929328865783602520e-01 1.680644755904658894e-02
2.445764457215044274e+01 2.229471167325511871e-01 1.541468022590354592e-02
2.786422464810916466e+01 1.682559622198636085e-01 1.437800450095339314e-02
3.174528981929791982e+01 1.178580309175667473e-01 1.351660053612485646e-02
3.616692868500850011e+01 8.532377178334948908e-02 1.294948046494160017e-02
4.120443498711833286e+01 5.885966153288180180e-02 1.251279512162453873e-02
4.694358974726586098e+01 3.998634351525764963e-02 1.220563357994580191e-02
