1.069642439726958605e+00 -2.685622897218404415e+00 nan
1.218627458003121777e+00 -5.202982828213722488e-01 1.438714240896688068e+01
1.388363836590320144e+00 -5.329733032432271145e-01 1.204756052021748758e+01
1.581741926207981042e+00 -1.323404255319148515e+00 nan
1.802054659727066133e+00 -6.686354621707690793e-01 6.793918849399200433e+00
2.053053625776520175e+00 -1.373624260837830402e+00 nan
2.339012952555230562e+00 -1.254436337306449545e+00 nan
2.664802089693036891e+00 -1.407800458366421203e+00 nan
3.035968727524477995e+00 -7.837295083497290982e-01 2.523080429407930314e+00
3.458833265763586962e+00 -1.276042792176221408e+00 nan
3.940596440236666886e+00 3.389011093125606777e+00 7.690775259892331128e+00
4.489461940391565875e+00 5.198111939568478945e+00 7.511010587862808840e+00
5.114776105571953835e+00 9.276907247830180836e+00 7.970510864645888205e+00
5.827187078870319503e+00 1.692572136292052676e+01 8.723386955956421218e+00
6.638826128706195817e+00 1.384870450423425581e+01 6.540584535003723055e+00
7.563514225758552811e+00 8.471121796887739919e+00 4.295514425322046748e+00
8.616997392941321721e+00 1.141865427646043862e+01 4.097564357728742834e+00
9.817214836071872952e+00 8.545504172815419963e+00 2.963515527411830774e+00
1.118460442108735009e+01 5.015711224114172140e+00 1.931239873235164328e+00
1.274245069961824761e+01 3.848601484435563602e+00 1.432187405415668247e+00
1.451728140926205768e+01 2.821985590493262031e+00 1.051676592629264162e+00
1.653931920034971981e+01 1.568095345500393423e+00 7.088790701007261497e-01
1.884299628142029093e+01 1.555857944859881936e+00 5.912906576990137886e-01
2.146754074702852577e+01 1.555720519394422574e+00 4.985837631005841097e-01
2.445764457215044274e+01 1.395573166588257807e+00 4.082814883685846330e-01
2.786422464810916466e+01 1.181901159210251517e+00 3.310828384877127495e-01
3.174528981929791982e+01 3.249374623582605981e-01 2.094656599084935567e-01
3.616692868500850011e+01 3.252930684351573731e-01 1.814160440301009758e-01
4.120443498711833286e+01 3.835468678031623835e-01 1.644815939227857737e-01
4.694358974726586098e+01 2.770856342693139851e-01 1.391523184974599314e-01
