1.069642439726958605e+00 -7.801164429670168765e-01 4.560726639803867610e-01
1.218627458003121777e+00 -7.097311991466053183e-01 3.982207830690114858e-01
1.388363836590320144e+00 -9.172714618510413587e-01 1.804164840227448496e-01
1.581741926207981042e+00 -4.204812934354418275e-01 3.889148722450170292e-01
1.802054659727066133e+00 6.727956803826926624e-01 5.436436313075191373e-01
2.053053625776520175e+00 2.361276103135559357e+00 6.328029894436377756e-01
2.339012952555230562e+00 4.419127626858880831e+00 6.605279128618205542e-01
2.664802089693036891e+00 7.022814835509366915e+00 6.725309407833721664e-01
3.035968727524477995e+00 7.652245190171752753e+00 5.809654812039416472e-01
3.458833265763586962e+00 8.129054878157342401e+00 4.972474727596333244e-01
3.940596440236666886e+00 6.729756653299481250e+00 3.790735895344911621e-01
4.489461940391565875e+00 5.741929866417225803e+00 2.942188698643827260e-01
5.114776105571953835e+00 5.095547736557847429e+00 2.339997496225277862e-01
5.827187078870319503e+00 3.997768339219496259e+00 1.768032481617810847e-01
6.638826128706195817e+00 3.211595678722279246e+00 1.359901256955155513e-01
7.563514225758552811e+00 2.443643926144257517e+00 1.032157303055218772e-01
8.616997392941321721e+00 2.042846040796917340e+00 8.250024719827646347e-02
9.817214836071872952e+00 1.560748025630352309e+00 6.427443269345049781e-02
1.118460442108735009e+01 1.284065577884744513e+00 5.241633575098608722e-02
1.274245069961824761e+01 9.716006258639382498e-01 4.209702691674088032e-02
1.451728140926205768e+01 7.635382192338653340e-01 3.500936262889928902e-02
1.653931920034971981e+01 5.906380669735806777e-01 2.959015912233911930e-02
1.884299628142029093e+01 4.643914331021090636e-01 2.568511086759191556e-02
2.146754074702852577e+01 3.502149774190459475e-01 2.257419928613978513e-02
2.445764457215044274e+01 2.528793175242993740e-01 2.014367936416547322e-02
2.786422464810916466e+01 1.894286477976356853e-01 1.851147026322065570e-02
3.174528981929791982e+01 1.369453765971018200e-01 1.725854553462609006e-02
3.616692868500850011e+01 9.999384566027913479e-02 1.638394338482770940e-02
4.120443498711833286e+01 6.557219641120948239e-02 1.565438350251133551e-02
4.694358974726586098e+01 4.607045789151098525e-02 1.521311850302441149e-02
