1.069642439726958605e+00 -1.249438708245033780e+00 nan
1.218627458003121777e+00 -7.861700610968200831e-01 3.419164297897634985e-01
1.388363836590320144e+00 -1.190901901965166321e+00 nan
1.581741926207981042e+00 -4.785923786849972661e-01 3.690352276834086287e-01
1.802054659727066133e+00 3.051862379841956407e-01 4.802925352753937838e-01
2.053053625776520175e+00 2.375246048925695685e+00 6.343689544991969465e-01
2.339012952555230562e+00 4.716341786476105469e+00 6.789132634527450527e-01
2.664802089693036891e+00 6.813055149315137449e+00 6.636848251049880520e-01
3.035968727524477995e+00 7.792853969671979186e+00 5.861018975082354920e-01
3.458833265763586962e+00 8.082004642176727316e+00 4.960629292679294977e-01
3.940596440236666886e+00 7.057924124100756202e+00 3.878694993382891809e-01
4.489461940391565875e+00 5.851958743448432365e+00 2.969752557164262452e-01
5.114776105571953835e+00 4.945351658895962288e+00 2.307917481117122138e-01
5.827187078870319503e+00 3.939221483888164066e+00 1.756609794930606705e-01
6.638826128706195817e+00 3.171116130399859401e+00 1.352563172678947767e-01
7.563514225758552811e+00 2.567474480018976379e+00 1.055149291159715869e-01
8.616997392941321721e+00 2.043802316103489947e+00 8.254433028386352900e-02
9.817214836071872952e+00 1.544263093074238480e+00 6.402191063369742918e-02
1.118460442108735009e+01 1.247931411358103704e+00 5.185838163535967660e-02
1.274245069961824761e+01 9.996017281615539041e-01 4.254082902500442437e-02
1.451728140926205768e+01 7.867948429932569709e-01 3.536846299693650192e-02
1.653931920034971981e+01 5.803242032180064847e-01 2.944630483436590576e-02
1.884299628142029093e+01 4.717701644067684441e-01 2.579898765144378325e-02
2.146754074702852577e+01 3.450663444102526345e-01 2.250563315345428805e-02
2.445764457215044274e+01 2.580031784827674368e-01 2.022181030832089638e-02
2.786422464810916466e+01 1.905387817539530015e-01 1.853149299081746290e-02
3.174528981929791982e+01 1.364243862846525879e-01 1.725487870562389045e-02
3.616692868500850011e+01 9.472089539777495126e-02 1.631237357255171244e-02
4.120443498711833286e+01 6.756089587250424522e-02 1.568588929302725671e-02
4.694358974726586098e+01 4.602379693519864645e-02 1.521553329438039663e-02
