1.069642439726958605e+00 -1.141942500285217044e+00 nan
1.218627458003121777e+00 -9.313852147322740915e-01 1.941301329393304576e-01
1.388363836590320144e+00 -1.047519009357421815e+00 nan
1.581741926207981042e+00 -1.020968313423770368e+00 nan
1.802054659727066133e+00 4.639019848023135939e-01 5.098872866210045762e-01
2.053053625776520175e+00 2.294225626570578935e+00 6.281209731478615277e-01
2.339012952555230562e+00 5.521537993344392881e+00 7.275613454565651450e-01
2.664802089693036891e+00 7.224691841954223648e+00 6.830091121077642713e-01
3.035968727524477995e+00 7.700654329430408396e+00 5.842086100058266895e-01
3.458833265763586962e+00 7.867374761869515787e+00 4.908766246703571423e-01
3.940596440236666886e+00 7.421933548275827519e+00 3.981967676908423903e-01
4.489461940391565875e+00 5.734680384641535511e+00 2.948003417946751248e-01
5.114776105571953835e+00 4.839473175630315538e+00 2.289511330677087841e-01
5.827187078870319503e+00 3.998562901578787798e+00 1.772611405783104943e-01
6.638826128706195817e+00 3.175125730190938800e+00 1.356186251404031817e-01
7.563514225758552811e+00 2.574133763533661856e+00 1.058536457620899290e-01
8.616997392941321721e+00 2.094789156612050451e+00 8.359131015131354703e-02
9.817214836071872952e+00 1.558617455852861822e+00 6.438567133590114566e-02
1.118460442108735009e+01 1.251987742986556906e+00 5.202084471667749871e-02
1.274245069961824761e+01 1.028621364283944795e+00 4.306452126769303584e-02
1.451728140926205768e+01 7.427763785298349131e-01 3.476778807723706483e-02
1.653931920034971981e+01 6.027063843839224333e-01 2.982506026392538548e-02
1.884299628142029093e+01 4.592022456410140840e-01 2.565648361199872329e-02
2.146754074702852577e+01 3.453189294406178167e-01 2.254276487383964286e-02
2.445764457215044274e+01 2.825573320908678632e-01 2.060248447302826316e-02
2.786422464810916466e+01 2.018619874536038417e-01 1.871843009227192045e-02
3.174528981929791982e+01 1.540931832797769463e-01 1.752940103175312792e-02
3.616692868500850011e+01 1.058231859818374865e-01 1.649122174447424302e-02
4.120443498711833286e+01 7.749778212452218540e-02 1.584678830474924374e-02
4.694358974726586098e+01 4.839723255033989702e-02 1.526782180987479136e-02
