1.069642439726958605e+00 -9.240279694087798479e-01 4.369229202317257976e-01
1.218627458003121777e+00 -9.223978533320082995e-01 3.355748932273600604e-01
1.388363836590320144e+00 -1.286478020947640299e+00 nan
1.581741926207981042e+00 -7.652270007546653208e-01 4.033852856586341851e-01
1.802054659727066133e+00 -4.762761066885210504e-01 4.954008208240422428e-01
2.053053625776520175e+00 4.054361761831246636e-01 6.655008649226427098e-01
2.339012952555230562e+00 2.835841162711932650e+00 9.022545681254677818e-01
2.664802089693036891e+00 5.637991245596133183e+00 9.899686436669534739e-01
3.035968727524477995e+00 7.562876032742416932e+00 9.336630507081307151e-01
3.458833265763586962e+00 9.516065649549586780e+00 8.611070724579489299e-01
3.940596440236666886e+00 7.876590219248871705e+00 6.538199230852425048e-01
4.489461940391565875e+00 7.081475410700294404e+00 5.176000919353037633e-01
5.114776105571953835e+00 5.960527901962203501e+00 3.991011046991304601e-01
5.827187078870319503e+00 4.930813528911054178e+00 3.069488318446404462e-01
6.638826128706195817e+00 3.961606049736360546e+00 2.340247689094523131e-01
7.563514225758552811e+00 3.146730927295827485e+00 1.791022300297902825e-01
8.616997392941321721e+00 2.305097615250552678e+00 1.335635539483183420e-01
9.817214836071872952e+00 1.936079414623208095e+00 1.067092875234845195e-01
1.118460442108735009e+01 1.562513934171173346e+00 8.491031892907972833e-02
1.274245069961824761e+01 1.217010015887294738e+00 6.757627545045939710e-02
1.451728140926205768e+01 9.300531968912266745e-01 5.443797559449792961e-02
1.653931920034971981e+01 7.660184752575818212e-01 4.584745919888790627e-02
1.884299628142029093e+01 5.526018667873089374e-01 3.783980562712391249e-02
2.146754074702852577e+01 4.321088738663938500e-01 3.276546900820032776e-02
2.445764457215044274e+01 3.076973315959259381e-01 2.844336836769805615e-02
2.786422464810916466e+01 2.384533634181400519e-01 2.573795347299950853e-02
3.174528981929791982e+01 1.585626687969392545e-01 2.326964726987854754e-02
3.616692868500850011e+01 1.096294503892938366e-01 2.167544177514675249e-02
4.120443498711833286e+01 7.435180595435419981e-02 2.054620008145018051e-02
4.694358974726586098e+01 4.644996185324168358e-02 1.970388290367663595e-02
