1.069642439726958605e+00 -9.355947605179180115e-01 1.624775722422171775e-01
1.218627458003121777e+00 -7.862756405480346711e-01 2.249335975609187688e-01
1.388363836590320144e+00 -4.696698202526010668e-01 3.007482239707681138e-01
1.581741926207981042e+00 5.684467571408773345e-01 4.214627913570289652e-01
1.802054659727066133e+00 1.546149627852479336e+00 4.420584831304354423e-01
2.053053625776520175e+00 5.164757209404870153e+00 5.669878968034927080e-01
2.339012952555230562e+00 6.898205961608355530e+00 5.292312643517294024e-01
2.664802089693036891e+00 8.044195791540087015e+00 4.748275420629864962e-01
3.035968727524477995e+00 7.550546614285743807e+00 3.844190303747361259e-01
3.458833265763586962e+00 7.089658629193246853e+00 3.117327983842091976e-01
3.940596440236666886e+00 5.908319772776292389e+00 2.394160236576500234e-01
4.489461940391565875e+00 4.895533650812066817e+00 1.842356377452673000e-01
5.114776105571953835e+00 4.006350145360848103e+00 1.419442734126518946e-01
5.827187078870319503e+00 3.246155375359482953e+00 1.097624073680795870e-01
6.638826128706195817e+00 2.587491982345664354e+00 8.493887224997373475e-02
7.563514225758552811e+00 2.018117631317975835e+00 6.593372265541633248e-02
8.616997392941321721e+00 1.651023553618620188e+00 5.289450834539796698e-02
9.817214836071872952e+00 1.263873244268757468e+00 4.191140832998788146e-02
1.118460442108735009e+01 1.052741448434141303e+00 3.492559779533813136e-02
1.274245069961824761e+01 8.252287763159773526e-01 2.896274324233562639e-02
1.451728140926205768e+01 6.381522505562726710e-01 2.443880757830523692e-02
1.653931920034971981e+01 4.815438636938547123e-01 2.095086240668466229e-02
1.884299628142029093e+01 3.751538623962340502e-01 1.853664692451511761e-02
2.146754074702852577e+01 2.878008622720580334e-01 1.670045303109747581e-02
2.445764457215044274e+01 2.093216719891519695e-01 1.521618496102680219e-02
2.786422464810916466e+01 1.575789338773603276e-01 1.421794195169587445e-02
3.174528981929791982e+01 1.098267835518640378e-01 1.339036768651132372e-02
3.616692868500850011e+01 7.862655343694568977e-02 1.284081811899451947e-02
4.120443498711833286e+01 5.110745542356309734e-02 1.239356513064993059e-02
4.694358974726586098e+01 3.592010190526528923e-02 1.213001580280222320e-02
