1.069642439726958605e+00 -2.337911408067310237e-01 8.008558502946575786e+00
1.218627458003121777e+00 -6.285816362986782480e-01 4.237257132831223849e+00
1.388363836590320144e+00 -1.052699294941073394e+00 nan
1.581741926207981042e+00 -1.090277777777777679e+00 nan
1.802054659727066133e+00 -4.786173967199502943e-01 2.852455551819603308e+00
2.053053625776520175e+00 -7.657540401927518392e-01 1.567005680467560280e+00
2.339012952555230562e+00 -1.056900814426992685e+00 nan
2.664802089693036891e+00 -1.142611573089236998e+00 nan
3.035968727524477995e+00 -1.157556296457138423e-01 1.707979134347644701e+00
3.458833265763586962e+00 2.615629645026970262e+00 2.846176571770989483e+00
3.940596440236666886e+00 4.138298305508593344e+00 2.791637442902816346e+00
4.489461940391565875e+00 9.920293147244386489e+00 3.364318621149231081e+00
5.114776105571953835e+00 1.060637788624504196e+01 2.866659070015746380e+00
5.827187078870319503e+00 1.119920548032005492e+01 2.438297321559027342e+00
6.638826128706195817e+00 9.014523094878800435e+00 1.824329602082920276e+00
7.563514225758552811e+00 6.938627579174769799e+00 1.343321475635311790e+00
8.616997392941321721e+00 5.269375318735431080e+00 9.872863295479905599e-01
9.817214836071872952e+00 4.094851096935633983e+00 7.372422970311829360e-01
1.118460442108735009e+01 3.245718855399500669e+00 5.593696156068843628e-01
1.274245069961824761e+01 2.711714997264551563e+00 4.366173056861384350e-01
1.451728140926205768e+01 2.240686626328618924e+00 3.422487622949093033e-01
1.653931920034971981e+01 1.483152467849068401e+00 2.491805898677482700e-01
1.884299628142029093e+01 9.472333728055917224e-01 1.840625255677748873e-01
2.146754074702852577e+01 8.231500346595290729e-01 1.523729244715448516e-01
2.445764457215044274e+01 5.298360383750866376e-01 1.184962175712397370e-01
2.786422464810916466e+01 4.527775512621343701e-01 1.008477934236679252e-01
3.174528981929791982e+01 3.805528841238883242e-01 8.705737052676516818e-02
3.616692868500850011e+01 2.430363746872941100e-01 7.311507473554625103e-02
4.120443498711833286e+01 1.667367874113392379e-01 6.415099119249141613e-02
4.694358974726586098e+01 1.233852687162211303e-01 5.825130760164249494e-02
