1.069642439726958605e+00 -6.913221616157796401e-01 8.709732500575190217e-01
1.218627458003121777e+00 -7.790347349030655177e-01 5.600015057845197930e-01
1.388363836590320144e+00 -1.009934891988315098e+00 nan
1.581741926207981042e+00 -1.082429280464321852e+00 nan
1.802054659727066133e+00 -6.983097652723850857e-01 3.718092767993601555e-01
2.053053625776520175e+00 5.299301818581840795e-01 6.867179405421001137e-01
2.339012952555230562e+00 3.512417345593265239e+00 9.683124528639669437e-01
2.664802089693036891e+00 4.995613399635745466e+00 9.298409927500927985e-01
3.035968727524477995e+00 7.636316305732151477e+00 9.275373077773443331e-01
3.458833265763586962e+00 8.034372001654116247e+00 7.867615903630502672e-01
3.940596440236666886e+00 8.326731742944648573e+00 6.640312425586881728e-01
4.489461940391565875e+00 7.174959584104449561e+00 5.152969694195845829e-01
5.114776105571953835e+00 6.092990995979036484e+00 3.990290238472287143e-01
5.827187078870319503e+00 4.995744925261102587e+00 3.056264433111845480e-01
6.638826128706195817e+00 3.854643577012433653e+00 2.287471583162983269e-01
7.563514225758552811e+00 3.100045709235282665e+00 1.761174449090136818e-01
8.616997392941321721e+00 2.413056519168483405e+00 1.348222120144437486e-01
9.817214836071872952e+00 2.025743007084924940e+00 1.076876712678740966e-01
1.118460442108735009e+01 1.534858070464053759e+00 8.351982748340434914e-02
1.274245069961824761e+01 1.197921472802197407e+00 6.656943270128019841e-02
1.451728140926205768e+01 9.142159049804494675e-01 5.364631049795974549e-02
1.653931920034971981e+01 7.205776282458840054e-01 4.459068312175140658e-02
1.884299628142029093e+01 5.379762833393426646e-01 3.726157583056180500e-02
2.146754074702852577e+01 4.149519923176023806e-01 3.219885221219823818e-02
2.445764457215044274e+01 3.114255330968846991e-01 2.830623064838921205e-02
2.786422464810916466e+01 2.197599783651384975e-01 2.522108515524281586e-02
3.174528981929791982e+01 1.676408727944231902e-01 2.328154918104164903e-02
3.616692868500850011e+01 1.199627902512310218e-01 2.172568871224771908e-02
4.120443498711833286e+01 7.644895539144980212e-02 2.045876307491540855e-02
4.694358974726586098e+01 5.504499996104539328e-02 1.974194390102637295e-02
