1.069642439726958605e+00 -1.507670074832532237e+00 nan
1.218627458003121777e+00 -7.584791622596893657e-01 3.472390887798216141e+00
1.388363836590320144e+00 -1.980067130549346466e+00 nan
1.581741926207981042e+00 -7.290292745697282140e-01 2.541781568017849935e+00
1.802054659727066133e+00 -9.367343067347431163e-01 1.009745512047871996e+00
2.053053625776520175e+00 -7.944400878137050093e-01 1.491769703276457415e+00
2.339012952555230562e+00 -8.948195161552474630e-01 8.737303721214583208e-01
2.664802089693036891e+00 -8.248853035110279563e-01 9.361437493654279907e-01
3.035968727524477995e+00 -9.474626272375274993e-01 4.229858031857116618e-01
3.458833265763586962e+00 2.135166859038484688e+00 2.692785856537527334e+00
3.940596440236666886e+00 9.417977869200983676e+00 4.052531149347669448e+00
4.489461940391565875e+00 8.122184746558676949e+00 3.119275926938164911e+00
5.114776105571953835e+00 1.106510098329446556e+01 2.971305259763156403e+00
5.827187078870319503e+00 9.870571434881938444e+00 2.332228866721723026e+00
6.638826128706195817e+00 8.069603957411455752e+00 1.758833731253951260e+00
7.563514225758552811e+00 7.783972075932089396e+00 1.440214817534158476e+00
8.616997392941321721e+00 4.843370486926710683e+00 9.655609784284198138e-01
9.817214836071872952e+00 3.868470460914667619e+00 7.303999762400813500e-01
1.118460442108735009e+01 3.615162899384000372e+00 5.949280077302224745e-01
1.274245069961824761e+01 2.756238939254273212e+00 4.462361831759395492e-01
1.451728140926205768e+01 2.175314642991418523e+00 3.432312044551487085e-01
1.653931920034971981e+01 1.408189956848806101e+00 2.483004785707681183e-01
1.884299628142029093e+01 1.175934018045129648e+00 1.998146167622676939e-01
2.146754074702852577e+01 8.593635887120962824e-01 1.564544764741599148e-01
2.445764457215044274e+01 5.748871530747379222e-01 1.224326242189416047e-01
2.786422464810916466e+01 4.057527672315188738e-01 9.985893349224819748e-02
3.174528981929791982e+01 2.540855567795736736e-01 8.215719173229413252e-02
3.616692868500850011e+01 2.595989729620733488e-01 7.473726406696451496e-02
4.120443498711833286e+01 1.746822712217570572e-01 6.522373828785722749e-02
4.694358974726586098e+01 8.405406831970507753e-02 5.710679615330501585e-02
