1.069642439726958605e+00 -9.552164337883066736e-01 1.952519526057637123e+00
1.218627458003121777e+00 -1.258243546677684233e+00 nan
1.388363836590320144e+00 -9.961336331479759831e-01 3.699978936162066634e-01
1.581741926207981042e+00 -5.196927374301674174e-01 3.358148409249530175e+00
1.802054659727066133e+00 -9.550319341531330330e-01 8.447709239404834758e-01
2.053053625776520175e+00 -7.584331365704042316e-01 1.604767948663277544e+00
2.339012952555230562e+00 -1.029532472850498870e+00 nan
2.664802089693036891e+00 -9.858205786676663696e-01 2.643361451375862425e-01
3.035968727524477995e+00 1.268068786228165212e+00 2.759649397770642665e+00
3.458833265763586962e+00 -3.392269648232573154e-01 1.225488430771142223e+00
3.940596440236666886e+00 9.149789071289610831e+00 3.968918731307117032e+00
4.489461940391565875e+00 8.953832854579276912e+00 3.236054086828766163e+00
5.114776105571953835e+00 1.208100036106473141e+01 3.074684813943166173e+00
5.827187078870319503e+00 1.078007505280309886e+01 2.413876055467975235e+00
6.638826128706195817e+00 8.572510660078698663e+00 1.796018257507161042e+00
7.563514225758552811e+00 7.095680554024910158e+00 1.368530314897576927e+00
8.616997392941321721e+00 4.601009597142481589e+00 9.369512321503679075e-01
9.817214836071872952e+00 4.876680941676371894e+00 8.036798000037820300e-01
1.118460442108735009e+01 3.529048113044142454e+00 5.844592096476138865e-01
1.274245069961824761e+01 2.436767743098229744e+00 4.213027701389857049e-01
1.451728140926205768e+01 2.139904620443670691e+00 3.385984609528877587e-01
1.653931920034971981e+01 1.729773221745263267e+00 2.657012997246174790e-01
1.884299628142029093e+01 1.218579547357512949e+00 2.008457368608402294e-01
2.146754074702852577e+01 8.759298424651715820e-01 1.563003833094955553e-01
2.445764457215044274e+01 6.436475079839028002e-01 1.251393419398449114e-01
2.786422464810916466e+01 4.935808360967457453e-01 1.035140550287204225e-01
3.174528981929791982e+01 3.652279265752897963e-01 8.689988580391498629e-02
3.616692868500850011e+01 2.187622043400725413e-01 7.245181974918674106e-02
4.120443498711833286e+01 1.745005676531121708e-01 6.487207924305153639e-02
4.694358974726586098e+01 9.768842014367651316e-02 5.742755473847926256e-02
