1.069642439726958605e+00 -2.617212263395325422e+00 nan
1.218627458003121777e+00 -1.387326862676345307e+00 nan
1.388363836590320144e+00 -7.194503341647600081e-01 9.164180053812502891e+00
1.581741926207981042e+00 -8.527262180974477523e-01 5.406738214202723825e+00
1.802054659727066133e+00 -1.793660599760997343e+00 nan
2.053053625776520175e+00 -6.824645282736829799e-01 5.349638626631873173e+00
2.339012952555230562e+00 -7.353652166518873656e-01 3.998821196384284793e+00
2.664802089693036891e+00 -1.123806019739749917e+00 nan
3.035968727524477995e+00 -1.055961684164071546e+00 nan
3.458833265763586962e+00 -7.649746632807616908e-01 2.124585288244724701e+00
3.940596440236666886e+00 -1.055935158159016840e+00 nan
4.489461940391565875e+00 4.784285682987645671e+00 7.120549663597211421e+00
5.114776105571953835e+00 8.780582030159559181e+00 7.630209030103297430e+00
5.827187078870319503e+00 1.235197283509013566e+01 7.367548569089499289e+00
6.638826128706195817e+00 1.416862388928688787e+01 6.491812349917310598e+00
7.563514225758552811e+00 9.951809248822481635e+00 4.544471961552443595e+00
8.616997392941321721e+00 8.891641291912014466e+00 3.571421496459919798e+00
9.817214836071872952e+00 5.698575097205236695e+00 2.415943157449260248e+00
1.118460442108735009e+01 5.559749110286701601e+00 1.985277633059323366e+00
1.274245069961824761e+01 4.454284715822298679e+00 1.497878072938356064e+00
1.451728140926205768e+01 3.540898761416760632e+00 1.133886468957268301e+00
1.653931920034971981e+01 3.243508742069493689e+00 9.167961087749973981e-01
1.884299628142029093e+01 2.094066541783888180e+00 6.463502791434740935e-01
2.146754074702852577e+01 1.578379440179091597e+00 4.925146512232666529e-01
2.445764457215044274e+01 1.117982708137065906e+00 3.731046980845539318e-01
2.786422464810916466e+01 8.071339556175844976e-01 2.899736196351586082e-01
3.174528981929791982e+01 7.394659995223540339e-01 2.444127698157520512e-01
3.616692868500850011e+01 4.018090202431725544e-01 1.852584904613133188e-01
4.120443498711833286e+01 2.099314966796883564e-01 1.476221792195176186e-01
4.694358974726586098e+01 2.088030353782832638e-01 1.317339626993736801e-01
