1.069642439726958605e+00 -1.502839116268077202e+00 nan
1.218627458003121777e+00 -1.581016911355917820e+00 nan
1.388363836590320144e+00 -9.333119726932794791e-01 1.545522513991731239e+00
1.581741926207981042e+00 -1.120143682774121352e+00 nan
1.802054659727066133e+00 -8.663479563286140550e-01 1.464805305505264332e+00
2.053053625776520175e+00 -9.253068835901656630e-01 8.974913446647951876e-01
2.339012952555230562e+00 -1.041261991075353777e+00 nan
2.664802089693036891e+00 -1.049040925255910750e+00 nan
3.035968727524477995e+00 -1.016813235638329704e-01 1.746117973063587403e+00
3.458833265763586962e+00 6.018905077489125510e+00 4.027854473079290010e+00
3.940596440236666886e+00 7.734944333123621618e+00 3.699846724872369208e+00
4.489461940391565875e+00 1.194423739526963324e+01 3.721444555310688962e+00
5.114776105571953835e+00 8.420199057984712354e+00 2.611346618831325461e+00
5.827187078870319503e+00 1.238442738170915725e+01 2.595519993572371398e+00
6.638826128706195817e+00 9.067498944383324044e+00 1.854814301925909126e+00
7.563514225758552811e+00 5.266454268350413415e+00 1.201605737575898392e+00
8.616997392941321721e+00 5.739027830984090528e+00 1.040598330655217119e+00
9.817214836071872952e+00 4.070060277513346314e+00 7.453161268817516394e-01
1.118460442108735009e+01 3.297173727408931665e+00 5.707233331615808591e-01
1.274245069961824761e+01 1.981220585300830006e+00 3.911819476405579143e-01
1.451728140926205768e+01 1.907630329386575951e+00 3.255700354383815331e-01
1.653931920034971981e+01 1.745439745775183127e+00 2.680016688100032018e-01
1.884299628142029093e+01 1.248447527660029754e+00 2.035432630620949701e-01
2.146754074702852577e+01 8.741028087723599072e-01 1.569815723346016101e-01
2.445764457215044274e+01 6.676013634833566357e-01 1.269594425985781927e-01
2.786422464810916466e+01 5.661183860680070179e-01 1.075109953046645694e-01
3.174528981929791982e+01 3.974130680159055906e-01 8.879543632835022737e-02
3.616692868500850011e+01 2.874506083803067824e-01 7.590972588727989967e-02
4.120443498711833286e+01 1.935060844159162130e-01 6.598600445079132182e-02
4.694358974726586098e+01 1.465268872069174222e-01 5.982012738269609081e-02
