1.069642439726958605e+00 -9.807025932841781923e-01 1.347306588741651323e-01
1.218627458003121777e+00 -6.941778548611488020e-01 4.076130810435465990e-01
1.388363836590320144e+00 -1.012967964515458341e+00 nan
1.581741926207981042e+00 -5.517243184883200424e-01 3.410830677960650092e-01
1.802054659727066133e+00 2.086375083046416723e-01 4.606966929255472687e-01
2.053053625776520175e+00 2.653327677479386359e+00 6.580525044457793404e-01
2.339012952555230562e+00 5.452156118010226926e+00 7.196795548248394736e-01
2.664802089693036891e+00 7.050692462974488706e+00 6.718823924249852642e-01
3.035968727524477995e+00 7.296739428248686821e+00 5.668320172846301741e-01
3.458833265763586962e+00 8.204067119723879031e+00 4.980823462205288266e-01
3.940596440236666886e+00 7.102601964873688445e+00 3.878575398183512490e-01
4.489461940391565875e+00 6.201068726853966595e+00 3.043658684468623088e-01
5.114776105571953835e+00 4.801361522003098514e+00 2.269349895217067925e-01
5.827187078870319503e+00 3.870654493026667087e+00 1.737349702859888045e-01
6.638826128706195817e+00 3.195274778861310505e+00 1.353339858176433042e-01
7.563514225758552811e+00 2.503639191167671196e+00 1.040571255372260834e-01
8.616997392941321721e+00 2.044358629730786081e+00 8.232808426819986092e-02
9.817214836071872952e+00 1.600686864192059744e+00 6.478382640979897522e-02
1.118460442108735009e+01 1.266105268034176667e+00 5.201356777694184780e-02
1.274245069961824761e+01 9.908353243818084355e-01 4.230136854357904180e-02
1.451728140926205768e+01 8.043774789824975624e-01 3.554834761946554234e-02
1.653931920034971981e+01 5.996674088238018729e-01 2.966453593595890989e-02
1.884299628142029093e+01 4.676630169095150613e-01 2.568448426998549278e-02
2.146754074702852577e+01 3.677407179310270280e-01 2.278595481287374810e-02
2.445764457215044274e+01 2.651150123495873423e-01 2.028440605987292394e-02
2.786422464810916466e+01 1.913569432475237253e-01 1.850886237225937356e-02
3.174528981929791982e+01 1.404142992940859980e-01 1.728085360703085493e-02
3.616692868500850011e+01 9.723208209346334563e-02 1.631982909514766850e-02
4.120443498711833286e+01 6.877712171682781594e-02 1.567666630696879643e-02
4.694358974726586098e+01 4.725612383826893748e-02 1.520778665623910043e-02
