1.069642439726958605e+00 -1.063936193712989198e+00 nan
1.218627458003121777e+00 -1.015724330667111541e+00 nan
1.388363836590320144e+00 -1.070403040081868706e+00 nan
1.581741926207981042e+00 -7.746599798304671936e-01 3.927632093926732848e-01
1.802054659727066133e+00 -7.341955114094673718e-01 3.507228681553137273e-01
2.053053625776520175e+00 2.315595355585275961e-01 6.190839552090396936e-01
2.339012952555230562e+00 2.726731033402676641e+00 8.837925335413515660e-01
2.664802089693036891e+00 5.586516136843373559e+00 9.800366389130328315e-01
3.035968727524477995e+00 7.113017590929468170e+00 9.026250191345921436e-01
3.458833265763586962e+00 7.617967338631286722e+00 7.713859895371507625e-01
3.940596440236666886e+00 8.428253225942766491e+00 6.710743427948772100e-01
4.489461940391565875e+00 6.962291592414182162e+00 5.104273709071932563e-01
5.114776105571953835e+00 6.469892742612733727e+00 4.125379483840382888e-01
5.827187078870319503e+00 4.936343385548823903e+00 3.053339926423687123e-01
6.638826128706195817e+00 3.973472827455472256e+00 2.330093103882668881e-01
7.563514225758552811e+00 3.061926907261664610e+00 1.759458613446609754e-01
8.616997392941321721e+00 2.463986445590998997e+00 1.366392100440488588e-01
9.817214836071872952e+00 1.984170088258056852e+00 1.072185971512356756e-01
1.118460442108735009e+01 1.532117740353359681e+00 8.381312859409609239e-02
1.274245069961824761e+01 1.190864956970555832e+00 6.669577423069945887e-02
1.451728140926205768e+01 9.165592754167781742e-01 5.390384919213556808e-02
1.653931920034971981e+01 7.229669259268773907e-01 4.480435173098724910e-02
1.884299628142029093e+01 5.301927280153295730e-01 3.724813653582745299e-02
2.146754074702852577e+01 4.517218617516374213e-01 3.299111962880978827e-02
2.445764457215044274e+01 3.178735622508837011e-01 2.851606097203944826e-02
2.786422464810916466e+01 2.375571175197850327e-01 2.562338454674165794e-02
3.174528981929791982e+01 1.717834650884282333e-01 2.342501692900052224e-02
3.616692868500850011e+01 1.157120583998185737e-01 2.170972611344864495e-02
4.120443498711833286e+01 7.399799495688252904e-02 2.047009300139314425e-02
4.694358974726586098e+01 6.026836552220915522e-02 1.988883777576178763e-02
