1.069642439726958605e+00 -6.128518977551227209e-01 5.787971502012885239e+00
1.218627458003121777e+00 -8.628180118123476294e-01 2.618234914019818227e+00
1.388363836590320144e+00 -9.379788023666617569e-01 1.494061877800463067e+00
1.581741926207981042e+00 -1.520658995815899583e+00 nan
1.802054659727066133e+00 -1.204934059376528310e+00 nan
2.053053625776520175e+00 -8.401890692929272486e-01 1.315962981073828919e+00
2.339012952555230562e+00 -1.211690015115336472e+00 nan
2.664802089693036891e+00 -9.087557014537948064e-01 6.760623016730228363e-01
3.035968727524477995e+00 1.302889678622204839e+00 2.803589776697114733e+00
3.458833265763586962e+00 2.017652128029109537e+00 2.642981653124717667e+00
3.940596440236666886e+00 4.566519031460939182e+00 2.954892330421508451e+00
4.489461940391565875e+00 6.958214506597045101e+00 2.911805965777389815e+00
5.114776105571953835e+00 9.860086740877052947e+00 2.815877445100722909e+00
5.827187078870319503e+00 9.062466741026250716e+00 2.241428002420062793e+00
6.638826128706195817e+00 6.848878445820806959e+00 1.631300987138221581e+00
7.563514225758552811e+00 6.304833283489493567e+00 1.306016996518235995e+00
8.616997392941321721e+00 5.740679454141982774e+00 1.043147049173324348e+00
9.817214836071872952e+00 3.955469928063686691e+00 7.378021532232112989e-01
1.118460442108735009e+01 2.938072437422314387e+00 5.451040748710307415e-01
1.274245069961824761e+01 2.472133125223678896e+00 4.269968367468193193e-01
1.451728140926205768e+01 1.810220059367067424e+00 3.199582913333259282e-01
1.653931920034971981e+01 1.693834669930493142e+00 2.655420241590409347e-01
1.884299628142029093e+01 9.812941069285312512e-01 1.887878189349125324e-01
2.146754074702852577e+01 7.825915985843006073e-01 1.523896878591241566e-01
2.445764457215044274e+01 6.680642803574232680e-01 1.272385026646801753e-01
2.786422464810916466e+01 4.607092260085463575e-01 1.025902487855721301e-01
3.174528981929791982e+01 3.766325458144361704e-01 8.798132925054019671e-02
3.616692868500850011e+01 2.906789780939451617e-01 7.619028812052019983e-02
4.120443498711833286e+01 1.642761423561842626e-01 6.477538548894924697e-02
4.694358974726586098e+01 1.409620105009377067e-01 5.966517474751075606e-02
