1.069642439726958605e+00 -9.826654636987808278e-01 1.278212781323339320e-01
1.218627458003121777e+00 -9.875009397432321645e-01 8.248194513193372879e-02
1.388363836590320144e+00 -1.123879718456355814e+00 nan
1.581741926207981042e+00 -6.136888498568828787e-01 3.169391311146275148e-01
1.802054659727066133e+00 4.506927316902409331e-02 4.287743389588959952e-01
2.053053625776520175e+00 2.329790567086905018e+00 6.286866944037398097e-01
2.339012952555230562e+00 4.854774641904024080e+00 6.857142933910433946e-01
2.664802089693036891e+00 6.439365914188584838e+00 6.457907145398800175e-01
3.035968727524477995e+00 7.694427948214755730e+00 5.814202969459852932e-01
3.458833265763586962e+00 8.013887055355581879e+00 4.930310435684461257e-01
3.940596440236666886e+00 6.539168200748454396e+00 3.733388516782734645e-01
4.489461940391565875e+00 6.208401971401171338e+00 3.048230562438853375e-01
5.114776105571953835e+00 4.854403421871040791e+00 2.283182257898917766e-01
5.827187078870319503e+00 3.827524558679963107e+00 1.730006390849934406e-01
6.638826128706195817e+00 3.124395337394373140e+00 1.340864510124775422e-01
7.563514225758552811e+00 2.488288986606858266e+00 1.038681360959379935e-01
8.616997392941321721e+00 1.965207857759673660e+00 8.102885796765958715e-02
9.817214836071872952e+00 1.567801678739147553e+00 6.429415069276442352e-02
1.118460442108735009e+01 1.244409451662854327e+00 5.171065882504507355e-02
1.274245069961824761e+01 9.851440539085078996e-01 4.224644303559168396e-02
1.451728140926205768e+01 7.528853633911072318e-01 3.480276957051885167e-02
1.653931920034971981e+01 5.811066967634925806e-01 2.941222306697069064e-02
1.884299628142029093e+01 4.402746445524063912e-01 2.530400647422026417e-02
2.146754074702852577e+01 3.327967013658807982e-01 2.229768471985647468e-02
2.445764457215044274e+01 2.503673429467558886e-01 2.008567624154885753e-02
2.786422464810916466e+01 1.840063962948845777e-01 1.841476340508955978e-02
3.174528981929791982e+01 1.369967023240448167e-01 1.724184319001636004e-02
3.616692868500850011e+01 9.253397712573585565e-02 1.626186614532385694e-02
4.120443498711833286e+01 6.113929937480011567e-02 1.557643496230810658e-02
4.694358974726586098e+01 4.003064298254033204e-02 1.511305172437831489e-02
