1.069642439726958605e+00 -4.134023910463247020e-03 2.601122429031145344e+01
1.218627458003121777e+00 -1.029577644469830133e+00 nan
1.388363836590320144e+00 -6.706111226893858301e-01 9.647755883281254441e+00
1.581741926207981042e+00 -9.385707844905317732e-01 3.392676607708947412e+00
1.802054659727066133e+00 -7.783407427818480606e-01 5.298506390405314903e+00
2.053053625776520175e+00 -8.861644543402511509e-01 3.112056336379466437e+00
2.339012952555230562e+00 -1.149744298197989956e+00 nan
2.664802089693036891e+00 -1.150670861757819630e+00 nan
3.035968727524477995e+00 -8.591191706073439960e-01 1.941778117979093388e+00
3.458833265763586962e+00 -1.277525036254885116e+00 nan
3.940596440236666886e+00 2.772114792076279866e+00 6.798039632321652093e+00
4.489461940391565875e+00 4.388107629039156521e+00 6.676621218018989445e+00
5.114776105571953835e+00 4.638037893173324377e+00 5.618125718021718562e+00
5.827187078870319503e+00 1.140051806356591690e+01 6.895692441433109998e+00
6.638826128706195817e+00 1.678818761103431356e+01 6.851786183816065190e+00
7.563514225758552811e+00 1.396324135019128221e+01 5.194819510075183722e+00
8.616997392941321721e+00 5.184159580868110240e+00 2.722687025742470457e+00
9.817214836071872952e+00 7.650367858945621435e+00 2.686172567640188635e+00
1.118460442108735009e+01 4.533081348816466516e+00 1.764397960336751447e+00
1.274245069961824761e+01 3.297933010779107832e+00 1.282830675776273743e+00
1.451728140926205768e+01 2.327229104767276624e+00 9.326146672598275567e-01
1.653931920034971981e+01 2.220627439497915745e+00 7.658057330318661649e-01
1.884299628142029093e+01 1.995683126666922380e+00 6.177851827386564576e-01
2.146754074702852577e+01 1.410083974431378673e+00 4.613005487401987126e-01
2.445764457215044274e+01 1.026456851188793706e+00 3.541007357062130878e-01
2.786422464810916466e+01 9.165854404289170976e-01 2.930011578303768904e-01
3.174528981929791982e+01 3.797650973241863959e-01 2.059472005572445530e-01
3.616692868500850011e+01 1.748075294506776789e-01 1.611280199337525032e-01
4.120443498711833286e+01 2.271003379407043887e-01 1.456221085231182710e-01
4.694358974726586098e+01 1.124498892510235049e-01 1.212552137967057853e-01
