1.069642439726958605e+00 -1.302032097471505168e+00 nan
1.218627458003121777e+00 -9.022380934367315586e-01 2.308206102861261044e-01
1.388363836590320144e+00 -1.047319892106912231e+00 nan
1.581741926207981042e+00 -7.022053640545611319e-01 2.784283384250623161e-01
1.802054659727066133e+00 3.976804715298938309e-01 4.962612723859572417e-01
2.053053625776520175e+00 2.134679745711069554e+00 6.102565283981873367e-01
2.339012952555230562e+00 5.328451512006219026e+00 7.137653083849131441e-01
2.664802089693036891e+00 7.098557259887439130e+00 6.749950525313260785e-01
3.035968727524477995e+00 7.593269085360745407e+00 5.782182856599941134e-01
3.458833265763586962e+00 7.490086893032318116e+00 4.778337297736866551e-01
3.940596440236666886e+00 6.583160305958052128e+00 3.747335266226004546e-01
4.489461940391565875e+00 6.262583298989366831e+00 3.062707773106977394e-01
5.114776105571953835e+00 4.808573894969243590e+00 2.274332914743269485e-01
5.827187078870319503e+00 3.970860688318890386e+00 1.760566284515727165e-01
6.638826128706195817e+00 3.198696933718675695e+00 1.355951111479702098e-01
7.563514225758552811e+00 2.659205260515623781e+00 1.070302578806979626e-01
8.616997392941321721e+00 2.036929687319111615e+00 8.231315069273463514e-02
9.817214836071872952e+00 1.640501000719809532e+00 6.552713111531971446e-02
1.118460442108735009e+01 1.305405482575351162e+00 5.270404881431127453e-02
1.274245069961824761e+01 1.045239750831334469e+00 4.318924022040337291e-02
1.451728140926205768e+01 8.003177128984908517e-01 3.552958116649257425e-02
1.653931920034971981e+01 6.390765860589828762e-01 3.027752679759830590e-02
1.884299628142029093e+01 4.743286509821402763e-01 2.580875608400923574e-02
2.146754074702852577e+01 3.590814870270830905e-01 2.268456200724068908e-02
2.445764457215044274e+01 2.796401328367548178e-01 2.051191228139137915e-02
2.786422464810916466e+01 1.955034824286074890e-01 1.858521206762347652e-02
3.174528981929791982e+01 1.450487348192179837e-01 1.736230027481236102e-02
3.616692868500850011e+01 9.948046326393678029e-02 1.636598880055857574e-02
4.120443498711833286e+01 7.202813111325712114e-02 1.573617321298022981e-02
4.694358974726586098e+01 4.950073912108332586e-02 1.525235606045940648e-02
