1.069642439726958605e+00 -9.674640150471798261e-01 1.674673480581283957e+00
1.218627458003121777e+00 -1.375679729130923512e+00 nan
1.388363836590320144e+00 -1.008637521951825988e+00 nan
1.581741926207981042e+00 -9.238475746867971239e-01 1.345510794839400059e+00
1.802054659727066133e+00 -1.167340565767148508e+00 nan
2.053053625776520175e+00 -9.262345932995728059e-01 8.923301016622545712e-01
2.339012952555230562e+00 -1.162377666364494022e+00 nan
2.664802089693036891e+00 6.546279117191746710e-01 2.874267565187045292e+00
3.035968727524477995e+00 2.324105607227930914e+00 3.362819760836786909e+00
3.458833265763586962e+00 6.577244985626795604e-01 1.954032986394044658e+00
3.940596440236666886e+00 7.279896923121833119e+00 3.602904824788778271e+00
4.489461940391565875e+00 1.253801281873786877e+01 3.809688807374081332e+00
5.114776105571953835e+00 1.051384745692924660e+01 2.896391808287345881e+00
5.827187078870319503e+00 1.216164550284315915e+01 2.573939256028736189e+00
6.638826128706195817e+00 8.694937696873891397e+00 1.819110578020449731e+00
7.563514225758552811e+00 7.713948541279989968e+00 1.432052956602191118e+00
8.616997392941321721e+00 6.151387813508600644e+00 1.075105003142205140e+00
9.817214836071872952e+00 3.727618371656971963e+00 7.178673658917354983e-01
1.118460442108735009e+01 3.761027808025596109e+00 6.045416458652926872e-01
1.274245069961824761e+01 2.864115569020864616e+00 4.528769656904695906e-01
1.451728140926205768e+01 1.978761668902148996e+00 3.302936821043832571e-01
1.653931920034971981e+01 1.712433017512196010e+00 2.661772361872561388e-01
1.884299628142029093e+01 1.104504764524791405e+00 1.955164832637853733e-01
2.146754074702852577e+01 1.044534531885874085e+00 1.660669925914315948e-01
2.445764457215044274e+01 7.124488329418692256e-01 1.292807530482778244e-01
2.786422464810916466e+01 5.745030866886937648e-01 1.079576472631738338e-01
3.174528981929791982e+01 3.599313720186703147e-01 8.706626007866968830e-02
3.616692868500850011e+01 2.764328304139211934e-01 7.543108668480397183e-02
4.120443498711833286e+01 1.348264589874159647e-01 6.335978721966466221e-02
4.694358974726586098e+01 1.130078012893469541e-01 5.834456685650313973e-02
