1.069642439726958605e+00 -9.840348165992454099e-01 1.182981147651337439e+00
1.218627458003121777e+00 -9.790471815735939387e-01 1.029876532020854052e+00
1.388363836590320144e+00 -1.100575663336200716e+00 nan
1.581741926207981042e+00 -6.913265306122449161e-01 2.731755344771488403e+00
1.802054659727066133e+00 -1.286468417551783094e+00 nan
2.053053625776520175e+00 -7.391776400980138995e-01 1.692082508959986242e+00
2.339012952555230562e+00 -6.354425839146431443e-01 1.638031077094936894e+00
2.664802089693036891e+00 -1.213466782961492463e+00 nan
3.035968727524477995e+00 -1.081813941579439220e+00 nan
3.458833265763586962e+00 2.958759392318844661e+00 3.047963551401585036e+00
3.940596440236666886e+00 3.081291874108931683e+00 2.544186986097406233e+00
4.489461940391565875e+00 7.870057338623610121e+00 3.096412690585892857e+00
5.114776105571953835e+00 9.286297542962955731e+00 2.755900895556946395e+00
5.827187078870319503e+00 7.957202477347004255e+00 2.123658496685320696e+00
6.638826128706195817e+00 7.797581216879887478e+00 1.742678650489272396e+00
7.563514225758552811e+00 7.217347314968073135e+00 1.399112509598694043e+00
8.616997392941321721e+00 5.654411033369419748e+00 1.042359954687112955e+00
9.817214836071872952e+00 4.780667494533634709e+00 8.075673397334462988e-01
1.118460442108735009e+01 3.337472703126854956e+00 5.785162635529403907e-01
1.274245069961824761e+01 2.524903800986714408e+00 4.332564233907769125e-01
1.451728140926205768e+01 1.906107608923760743e+00 3.281485504358729877e-01
1.653931920034971981e+01 1.627406887926973189e+00 2.631340249126198905e-01
1.884299628142029093e+01 1.288357373165031738e+00 2.073844140870436115e-01
2.146754074702852577e+01 8.869484941711935910e-01 1.588775397198638195e-01
2.445764457215044274e+01 7.044101268249243208e-01 1.297769444577497044e-01
2.786422464810916466e+01 5.160696236687538629e-01 1.058342892059993129e-01
3.174528981929791982e+01 3.856189331916048957e-01 8.884094116622634485e-02
3.616692868500850011e+01 2.826175772108996398e-01 7.617580723143124732e-02
4.120443498711833286e+01 2.485039838774247833e-01 6.887649057070512060e-02
4.694358974726586098e+01 1.525227664738697531e-01 6.043252219909019812e-02
