1.069642439726958605e+00 -1.366491772732871368e+00 nan
1.218627458003121777e+00 -8.221733006766287488e-01 3.124084876755121032e-01
1.388363836590320144e+00 -8.759071988276583287e-01 2.214807916792686793e-01
1.581741926207981042e+00 -3.101995989524144459e-01 4.253147607303505717e-01
1.802054659727066133e+00 -8.193555867785873303e-02 4.035071007945134625e-01
2.053053625776520175e+00 2.398238127446084444e+00 6.377694136461182772e-01
2.339012952555230562e+00 4.453055362719150700e+00 6.641522914357357310e-01
2.664802089693036891e+00 6.820822585907977853e+00 6.652937850414017973e-01
3.035968727524477995e+00 7.922642578759790055e+00 5.917288990261388992e-01
3.458833265763586962e+00 7.938775693313445458e+00 4.927951639994316846e-01
3.940596440236666886e+00 7.081925913885651624e+00 3.892177604712600547e-01
4.489461940391565875e+00 5.796724222127395798e+00 2.961904611750038052e-01
5.114776105571953835e+00 5.085347582341785966e+00 2.342839723907811644e-01
5.827187078870319503e+00 3.937781930279101061e+00 1.759447486166698105e-01
6.638826128706195817e+00 3.185470894396383201e+00 1.357711958615150927e-01
7.563514225758552811e+00 2.483753722479200565e+00 1.041654027555735107e-01
8.616997392941321721e+00 1.933147947650522003e+00 8.075993456636375301e-02
9.817214836071872952e+00 1.593744149743016703e+00 6.494712168001783026e-02
1.118460442108735009e+01 1.224631990176199947e+00 5.156838443447097492e-02
1.274245069961824761e+01 9.816932418556694184e-01 4.232895112006015981e-02
1.451728140926205768e+01 7.584618315832969415e-01 3.499364998137117350e-02
1.653931920034971981e+01 5.797936400688787906e-01 2.947897193277640437e-02
1.884299628142029093e+01 4.358319169722668640e-01 2.530974712049524622e-02
2.146754074702852577e+01 3.482545011753424014e-01 2.257949351270801749e-02
2.445764457215044274e+01 2.601759828319236689e-01 2.027684164685316856e-02
2.786422464810916466e+01 1.857587979541652778e-01 1.848416161379716829e-02
3.174528981929791982e+01 1.275177601896047008e-01 1.714668829734286581e-02
3.616692868500850011e+01 9.100397953915995153e-02 1.627667652356548297e-02
4.120443498711833286e+01 6.349595876128244498e-02 1.564421187702497162e-02
4.694358974726586098e+01 3.947038927880308634e-02 1.513769441166244734e-02
