1.069642439726958605e+00 -5.041665454975736704e-01 1.832906227828153334e+01
1.218627458003121777e+00 -2.764124384166918968e+00 nan
1.388363836590320144e+00 1.658227217188072977e-01 1.812610258950575570e+01
1.581741926207981042e+00 -6.593876632147681605e-01 7.978105427021698226e+00
1.802054659727066133e+00 -1.523702308638445135e+00 nan
2.053053625776520175e+00 -1.009191179817704676e+00 nan
2.339012952555230562e+00 -1.567789673063640699e+00 nan
2.664802089693036891e+00 -1.292885173095443818e+00 nan
3.035968727524477995e+00 -1.152875209194500705e+00 nan
3.458833265763586962e+00 -1.113899366489146558e+00 nan
3.940596440236666886e+00 -1.166342387453052076e+00 nan
4.489461940391565875e+00 1.562484698665397964e+00 4.593894045812456639e+00
5.114776105571953835e+00 1.385142342045825359e+01 9.146468567718047282e+00
5.827187078870319503e+00 1.660724834689362339e+01 8.235940665374092973e+00
6.638826128706195817e+00 1.078394693832986562e+01 5.534954513623700834e+00
7.563514225758552811e+00 6.937072313370523879e+00 3.738366718436029412e+00
8.616997392941321721e+00 8.650422864611870821e+00 3.423157640089795617e+00
9.817214836071872952e+00 6.290812397178887849e+00 2.451930166303914138e+00
1.118460442108735009e+01 4.635066040769585172e+00 1.779115443989797818e+00
1.274245069961824761e+01 4.127229318148568638e+00 1.407487343373107658e+00
1.451728140926205768e+01 2.143304929376173451e+00 9.035621185330234839e-01
1.653931920034971981e+01 3.182703321244565231e+00 8.839857427812534141e-01
1.884299628142029093e+01 1.391378371142585557e+00 5.441415811042291661e-01
2.146754074702852577e+01 1.011245865334996719e+00 4.156977598480430802e-01
2.445764457215044274e+01 1.022077881340972549e+00 3.532146807739984240e-01
2.786422464810916466e+01 6.390082396462621883e-01 2.660502892907110617e-01
3.174528981929791982e+01 4.418386684401127695e-01 2.114256662195480585e-01
3.616692868500850011e+01 1.596562386070186079e-01 1.596033292840861040e-01
4.120443498711833286e+01 2.254551860258529050e-01 1.453281471045704543e-01
4.694358974726586098e+01 8.952302927033439772e-02 1.193097428189533321e-01
