1.069642439726958605e+00 -1.105777391855836012e+00 nan
1.218627458003121777e+00 -1.009207264004079896e+00 nan
1.388363836590320144e+00 -5.502137922294649819e-01 2.781350328129250649e-01
1.581741926207981042e+00 3.793471746738743544e-01 3.968698811838913820e-01
1.802054659727066133e+00 2.269078591591030758e+00 5.033309604288080941e-01
2.053053625776520175e+00 4.810498647318726562e+00 5.525218154609998766e-01
2.339012952555230562e+00 6.310174339329513771e+00 5.107137043775292762e-01
2.664802089693036891e+00 7.672679258605056951e+00 4.664350838529133791e-01
3.035968727524477995e+00 7.631587358724900128e+00 3.879398979857976992e-01
3.458833265763586962e+00 7.019044818949177866e+00 3.115044651311876245e-01
3.940596440236666886e+00 5.728780362594748432e+00 2.368903216289294511e-01
4.489461940391565875e+00 4.937319707169075755e+00 1.857068096260131307e-01
5.114776105571953835e+00 3.972038192319716110e+00 1.419267471315700246e-01
5.827187078870319503e+00 3.253042195807479331e+00 1.102883531107249626e-01
6.638826128706195817e+00 2.549998336369969643e+00 8.470466542019106093e-02
7.563514225758552811e+00 2.062100916602961131e+00 6.678938663165512324e-02
8.616997392941321721e+00 1.670683574830963636e+00 5.334343746926835383e-02
9.817214836071872952e+00 1.318573452097655974e+00 4.275803161274997766e-02
1.118460442108735009e+01 1.022291976946013925e+00 3.466039434664583418e-02
1.274245069961824761e+01 8.094339113827750953e-01 2.886107777736307556e-02
1.451728140926205768e+01 6.307185061492743827e-01 2.442265015467417338e-02
1.653931920034971981e+01 4.870438182912371072e-01 2.107500228644775681e-02
1.884299628142029093e+01 3.632504539810685884e-01 1.844721643121628382e-02
2.146754074702852577e+01 2.885694699306580180e-01 1.675217917227827050e-02
2.445764457215044274e+01 2.099207409034775651e-01 1.526052518509528680e-02
2.786422464810916466e+01 1.660746521130151976e-01 1.434998000603777274e-02
3.174528981929791982e+01 1.127247101167789811e-01 1.345469918388317657e-02
3.616692868500850011e+01 7.504011689835810017e-02 1.282823622478989484e-02
4.120443498711833286e+01 5.606090739652014321e-02 1.247819970520391494e-02
4.694358974726586098e+01 3.471783851793497355e-02 1.214258794895534295e-02
