1.069642439726958605e+00 -1.235667271013835666e+00 nan
1.218627458003121777e+00 -1.018649753075377085e+00 nan
1.388363836590320144e+00 -2.170539651247787027e-01 3.659654670462601511e-01
1.581741926207981042e+00 6.384387825342106026e-01 4.313784511212759853e-01
1.802054659727066133e+00 2.811305605056151791e+00 5.421877053820930437e-01
2.053053625776520175e+00 4.624781012871935104e+00 5.419596407829517792e-01
2.339012952555230562e+00 6.966716544520248355e+00 5.323159207452671238e-01
2.664802089693036891e+00 8.264069687460224856e+00 4.814965161721815323e-01
3.035968727524477995e+00 7.850421125057076566e+00 3.920770663507350262e-01
3.458833265763586962e+00 7.157499429275815395e+00 3.135692578531437680e-01
3.940596440236666886e+00 5.954395156373557541e+00 2.406163612414886910e-01
4.489461940391565875e+00 5.133963090297341658e+00 1.886835583869418409e-01
5.114776105571953835e+00 4.014180186526523642e+00 1.422542754543826005e-01
5.827187078870319503e+00 3.217023650930317835e+00 1.094471358403630717e-01
6.638826128706195817e+00 2.613780006199031281e+00 8.542773046887805477e-02
7.563514225758552811e+00 2.070404885708526876e+00 6.674204370193743963e-02
8.616997392941321721e+00 1.676714266683691168e+00 5.329751244862935416e-02
9.817214836071872952e+00 1.318795527627400155e+00 4.266328495650782704e-02
1.118460442108735009e+01 1.071857344093364084e+00 3.520027906270270512e-02
1.274245069961824761e+01 8.256515837013638226e-01 2.899742823597530744e-02
1.451728140926205768e+01 6.544652493717317832e-01 2.465702522640721844e-02
1.653931920034971981e+01 4.985673644274437599e-01 2.117073569915711023e-02
1.884299628142029093e+01 3.776246733374164499e-01 1.858180012053628483e-02
2.146754074702852577e+01 2.817788893914363602e-01 1.664449509192846705e-02
2.445764457215044274e+01 2.075475460890123802e-01 1.520787651258345523e-02
2.786422464810916466e+01 1.556455971797567894e-01 1.420661816362707788e-02
3.174528981929791982e+01 1.166276984080392154e-01 1.347899769708427176e-02
3.616692868500850011e+01 8.124129888749109796e-02 1.288045217447315177e-02
4.120443498711833286e+01 6.043781374047196842e-02 1.251020310957855035e-02
4.694358974726586098e+01 4.252100402212666275e-02 1.221484303905556387e-02
