1.069642439726958605e+00 -1.616691122610905307e+00 nan
1.218627458003121777e+00 -7.044006350567975083e-01 6.525267006802201175e-01
1.388363836590320144e+00 -9.869061614034333463e-01 1.165480987507080679e-01
1.581741926207981042e+00 -9.384648487663596050e-01 2.057419876771739153e-01
1.802054659727066133e+00 -8.454719755330777353e-01 2.680625152070418293e-01
2.053053625776520175e+00 1.436099194125237677e-01 5.980076732602638279e-01
2.339012952555230562e+00 2.209756807653383337e+00 8.218851090496485101e-01
2.664802089693036891e+00 5.136352229713830653e+00 9.477843678874502409e-01
3.035968727524477995e+00 7.349270125042213664e+00 9.182472423967045216e-01
3.458833265763586962e+00 9.176428807423979706e+00 8.433452449976310827e-01
3.940596440236666886e+00 9.155279615842619734e+00 6.998566918332103093e-01
4.489461940391565875e+00 7.389468569887681859e+00 5.262953843118384212e-01
5.114776105571953835e+00 6.085156983296243993e+00 4.015974606969132110e-01
5.827187078870319503e+00 4.814738246865041482e+00 3.025046663689807680e-01
6.638826128706195817e+00 3.965353553977041479e+00 2.333205802272160234e-01
7.563514225758552811e+00 3.317375011190213385e+00 1.827929747527054782e-01
8.616997392941321721e+00 2.520329102682309141e+00 1.382844323692896393e-01
9.817214836071872952e+00 1.909020783195869653e+00 1.057489392927840471e-01
1.118460442108735009e+01 1.518459335156451040e+00 8.369428707074502705e-02
1.274245069961824761e+01 1.182904387530129942e+00 6.666659375043389180e-02
1.451728140926205768e+01 9.576145282365988720e-01 5.482525366143285034e-02
1.653931920034971981e+01 7.348143855333202357e-01 4.511668652981940669e-02
1.884299628142029093e+01 5.431284726696199439e-01 3.755906483195857459e-02
2.146754074702852577e+01 4.295622176279485505e-01 3.263461050378444611e-02
2.445764457215044274e+01 3.058009299538424486e-01 2.833950928127128288e-02
2.786422464810916466e+01 2.397487050885431792e-01 2.570239499461145563e-02
3.174528981929791982e+01 1.663426062625927848e-01 2.336001798290705811e-02
3.616692868500850011e+01 1.200196431028346389e-01 2.181824938602793321e-02
4.120443498711833286e+01 9.175032768675883688e-02 2.081964394355241901e-02
4.694358974726586098e+01 5.666381545997656310e-02 1.984968961098061355e-02
