1.069642439726958605e+00 -1.101217995068162647e+00 nan
1.218627458003121777e+00 -9.872220963842368580e-01 1.357783036664074183e-01
1.388363836590320144e+00 -9.252596240531640870e-01 2.786901268180437263e-01
1.581741926207981042e+00 -1.024095520673813375e+00 nan
1.802054659727066133e+00 -8.507140039058962433e-01 2.636994300654077472e-01
2.053053625776520175e+00 -1.002938464115243899e-01 5.307994299805524063e-01
2.339012952555230562e+00 2.878500996482175722e+00 9.046905061629711975e-01
2.664802089693036891e+00 4.931641696612809156e+00 9.324119726280009068e-01
3.035968727524477995e+00 6.944465528504778717e+00 8.958708496915428476e-01
3.458833265763586962e+00 7.870636977581215277e+00 7.856174174558879786e-01
3.940596440236666886e+00 8.988916054181503412e+00 6.942759924599101184e-01
4.489461940391565875e+00 7.272369455111824088e+00 5.227301109015086711e-01
5.114776105571953835e+00 5.943736265971637067e+00 3.974839782152345125e-01
5.827187078870319503e+00 4.915540811044757596e+00 3.056786997077741153e-01
6.638826128706195817e+00 4.160851735674067520e+00 2.387505079747992143e-01
7.563514225758552811e+00 3.290076714970475713e+00 1.822491074130630495e-01
8.616997392941321721e+00 2.725799926894386438e+00 1.432501609979568158e-01
9.817214836071872952e+00 1.974629977219404031e+00 1.073130255393151822e-01
1.118460442108735009e+01 1.509414310116698577e+00 8.355961073490271451e-02
1.274245069961824761e+01 1.322801975053274903e+00 6.958818709995220897e-02
1.451728140926205768e+01 9.430215494176525937e-01 5.457196494578858692e-02
1.653931920034971981e+01 7.485126207873167292e-01 4.541017393561375820e-02
1.884299628142029093e+01 5.809784072602404148e-01 3.829744495001260324e-02
2.146754074702852577e+01 4.263656704324489954e-01 3.259410027760428763e-02
2.445764457215044274e+01 3.492578123880256680e-01 2.915500818590559609e-02
2.786422464810916466e+01 2.593077736180446902e-01 2.607339682434448025e-02
3.174528981929791982e+01 1.849067722422073068e-01 2.370970697735457280e-02
3.616692868500850011e+01 1.277877616488034551e-01 2.196984769723422590e-02
4.120443498711833286e+01 9.475201175116798602e-02 2.088378421307875155e-02
4.694358974726586098e+01 6.239644877569117121e-02 1.996261491940712687e-02
