1.069642439726958605e+00 -1.200589115603366785e+00 nan
1.218627458003121777e+00 -7.477096315821447625e-01 2.449482720933100210e-01
1.388363836590320144e+00 -6.994214226000030621e-01 2.269143740610495008e-01
1.581741926207981042e+00 1.406211233073104694e-01 3.601450298104564296e-01
1.802054659727066133e+00 1.916652739553234674e+00 4.743610411918977032e-01
2.053053625776520175e+00 4.801300482749455867e+00 5.510131711955660316e-01
2.339012952555230562e+00 6.794058791018652066e+00 5.268123349652994447e-01
2.664802089693036891e+00 7.829997004570049768e+00 4.699501569589302208e-01
3.035968727524477995e+00 7.891791248243714918e+00 3.933960616418679113e-01
3.458833265763586962e+00 6.785621546606948939e+00 3.059719102416417202e-01
3.940596440236666886e+00 6.187160309058844732e+00 2.452724526746383749e-01
4.489461940391565875e+00 4.919852592371126931e+00 1.850605352922691516e-01
5.114776105571953835e+00 4.013790641862224007e+00 1.423651764077634718e-01
5.827187078870319503e+00 3.231801045398900118e+00 1.097655393343461988e-01
6.638826128706195817e+00 2.582976323504707850e+00 8.504384011601741344e-02
7.563514225758552811e+00 2.096386948898389946e+00 6.715546543663654389e-02
8.616997392941321721e+00 1.677207139664047109e+00 5.334395278885185193e-02
9.817214836071872952e+00 1.333514459194975910e+00 4.288278181476711665e-02
1.118460442108735009e+01 1.050019523755770123e+00 3.495329351533477819e-02
1.274245069961824761e+01 8.218227048958670622e-01 2.897014641167139359e-02
1.451728140926205768e+01 6.620840482945362648e-01 2.476338265722993412e-02
1.653931920034971981e+01 5.149136487328218603e-01 2.137595097852696899e-02
1.884299628142029093e+01 3.996462375508840204e-01 1.884964576932219096e-02
2.146754074702852577e+01 3.065655240465849918e-01 1.694161896386177715e-02
2.445764457215044274e+01 2.239132043764124891e-01 1.540542708851334007e-02
2.786422464810916466e+01 1.687144014545252091e-01 1.436491055495245708e-02
3.174528981929791982e+01 1.198186419552873527e-01 1.352244974747433826e-02
3.616692868500850011e+01 8.701407391816817771e-02 1.295326648729234857e-02
4.120443498711833286e+01 6.122748733563954104e-02 1.252518908310918874e-02
4.694358974726586098e+01 3.815366508815820623e-02 1.217008635337430214e-02
