1.069642439726958605e+00 -1.212842050401991223e+00 nan
1.218627458003121777e+00 -1.133440709403317204e+00 nan
1.388363836590320144e+00 -8.329894485689868233e-01 2.565508613375672708e-01
1.581741926207981042e+00 -9.980512975740187809e-01 2.256524942929736058e-02
1.802054659727066133e+00 1.981932022066215104e-01 4.603433099629274938e-01
2.053053625776520175e+00 2.137527418379366217e+00 6.117451267607580956e-01
2.339012952555230562e+00 5.242544700419053072e+00 7.102254236854577130e-01
2.664802089693036891e+00 6.865054434174483688e+00 6.662171111615191599e-01
3.035968727524477995e+00 8.493262180229246283e+00 6.103403874641778470e-01
3.458833265763586962e+00 7.993685416017926926e+00 4.936752339543611923e-01
3.940596440236666886e+00 7.166750000706968216e+00 3.908606479737426476e-01
4.489461940391565875e+00 5.851228079194529030e+00 2.970712863420240657e-01
5.114776105571953835e+00 4.836914353073186845e+00 2.284838566458032294e-01
5.827187078870319503e+00 3.988235394717083437e+00 1.767358889711064251e-01
6.638826128706195817e+00 3.007962442486835197e+00 1.321339920516053923e-01
7.563514225758552811e+00 2.599783115237782383e+00 1.061403134072473331e-01
8.616997392941321721e+00 1.996212899199218516e+00 8.174901020331581947e-02
9.817214836071872952e+00 1.537843037271754643e+00 6.393706233278208251e-02
1.118460442108735009e+01 1.287390779978370370e+00 5.250267367593509232e-02
1.274245069961824761e+01 9.658081992231160040e-01 4.203368145117566262e-02
1.451728140926205768e+01 7.568842507727597813e-01 3.493002522930271914e-02
1.653931920034971981e+01 6.113962288586924920e-01 2.991250970530010336e-02
1.884299628142029093e+01 4.713594157842584398e-01 2.580001910217580297e-02
2.146754074702852577e+01 3.614923828963896302e-01 2.274803832591870689e-02
2.445764457215044274e+01 2.633553246672994952e-01 2.030344743228234758e-02
2.786422464810916466e+01 1.933465713826425514e-01 1.857593945909218752e-02
3.174528981929791982e+01 1.405891756566339801e-01 1.731813062726839450e-02
3.616692868500850011e+01 9.767518974225075645e-02 1.635801098430997302e-02
4.120443498711833286e+01 6.771487256637565011e-02 1.569145286266755007e-02
4.694358974726586098e+01 4.075027198170699805e-02 1.514376087788679541e-02
