1.069642439726958605e+00 -1.064735187803679040e+00 nan
1.218627458003121777e+00 -8.421014199938676725e-01 1.937896611469824559e-01
1.388363836590320144e+00 -4.860332010701100547e-01 2.967669170129903500e-01
1.581741926207981042e+00 4.465687426053248643e-01 4.056794265920568021e-01
1.802054659727066133e+00 2.681133120232541245e+00 5.333013955939059914e-01
2.053053625776520175e+00 4.967168669925020374e+00 5.589897343483825054e-01
2.339012952555230562e+00 6.507671504342086521e+00 5.167999438940121815e-01
2.664802089693036891e+00 7.597735659898170013e+00 4.634714951713453934e-01
3.035968727524477995e+00 7.517980402805582330e+00 3.845116252679077751e-01
3.458833265763586962e+00 7.071374608580137888e+00 3.120489229081201410e-01
3.940596440236666886e+00 5.942966395436909188e+00 2.406159168666286707e-01
4.489461940391565875e+00 5.130470808691947937e+00 1.887916721847349710e-01
5.114776105571953835e+00 4.015461156042551494e+00 1.424015125111505187e-01
5.827187078870319503e+00 3.262930717319284746e+00 1.102553445445113162e-01
6.638826128706195817e+00 2.640902793858181052e+00 8.589729525075079364e-02
7.563514225758552811e+00 2.088792697885061056e+00 6.705359716575466644e-02
8.616997392941321721e+00 1.676547713514237703e+00 5.333813545091894981e-02
9.817214836071872952e+00 1.312053065581231692e+00 4.260990753953002724e-02
1.118460442108735009e+01 1.041306537907620289e+00 3.484674212248981690e-02
1.274245069961824761e+01 8.372358957888734743e-01 2.915863031606113695e-02
1.451728140926205768e+01 6.608447675516848641e-01 2.474976379526564602e-02
1.653931920034971981e+01 5.086690449929500701e-01 2.130335509228972052e-02
1.884299628142029093e+01 3.933278221906053584e-01 1.877663644399833742e-02
2.146754074702852577e+01 2.917222925607607653e-01 1.676979794398131968e-02
2.445764457215044274e+01 2.200433466552800255e-01 1.536118537625397878e-02
2.786422464810916466e+01 1.605395128145041816e-01 1.427089840050251197e-02
3.174528981929791982e+01 1.176795404650619048e-01 1.349822305313029547e-02
3.616692868500850011e+01 7.952135743880406338e-02 1.286719498437163128e-02
4.120443498711833286e+01 5.675569145709014052e-02 1.247399550088816936e-02
4.694358974726586098e+01 3.809468009688421475e-02 1.216982317977012215e-02
