1.069642439726958605e+00 -1.374770377742314587e+00 nan
1.218627458003121777e+00 -7.758011684431731503e-01 5.686338242513939711e-01
1.388363836590320144e+00 -1.203433575984799386e+00 nan
1.581741926207981042e+00 -1.065637303149606474e+00 nan
1.802054659727066133e+00 -8.948885401294526254e-02 6.512739976297658995e-01
2.053053625776520175e+00 -1.244573770042265437e-01 5.235019363077140220e-01
2.339012952555230562e+00 2.485186819958334681e+00 8.571434559515597185e-01
2.664802089693036891e+00 5.501282237911018669e+00 9.765676978561909083e-01
3.035968727524477995e+00 7.456899260228036397e+00 9.248814954598324478e-01
3.458833265763586962e+00 8.251295462830354310e+00 8.028447062921592048e-01
3.940596440236666886e+00 8.148664949548429348e+00 6.623925697019159564e-01
4.489461940391565875e+00 7.501517662008965637e+00 5.304122757343634476e-01
5.114776105571953835e+00 5.706778503488830978e+00 3.898937240887010991e-01
5.827187078870319503e+00 4.979593270387720594e+00 3.074704826875854224e-01
6.638826128706195817e+00 3.973685280055841318e+00 2.336812832352733460e-01
7.563514225758552811e+00 3.096546918570067142e+00 1.773236252357553999e-01
8.616997392941321721e+00 2.494110620641631471e+00 1.377368832170109136e-01
9.817214836071872952e+00 2.009087834508477499e+00 1.080696606308342300e-01
1.118460442108735009e+01 1.595412791331108471e+00 8.539337642738796530e-02
1.274245069961824761e+01 1.218494220645480963e+00 6.743503449507999570e-02
1.451728140926205768e+01 9.878014151820180277e-01 5.545162366962901740e-02
1.653931920034971981e+01 7.467326588791707298e-01 4.536830170901684500e-02
1.884299628142029093e+01 6.002722474293717969e-01 3.865559920565726088e-02
2.146754074702852577e+01 4.287074147331488838e-01 3.263277468885869559e-02
2.445764457215044274e+01 3.030475434947834668e-01 2.830043180727321098e-02
2.786422464810916466e+01 2.312809806077495978e-01 2.555759820634771057e-02
3.174528981929791982e+01 1.718463772340441675e-01 2.346889925997474799e-02
3.616692868500850011e+01 1.194746551317749095e-01 2.181614355697396312e-02
4.120443498711833286e+01 7.727652445711474805e-02 2.056431133415946230e-02
4.694358974726586098e+01 4.374822382415555211e-02 1.962227072767194075e-02
