1.069642439726958605e+00 -1.141545034614353415e+00 nan
1.218627458003121777e+00 -1.104602265302846664e+00 nan
1.388363836590320144e+00 -8.762602655919566885e-01 2.212102405862372001e-01
1.581741926207981042e+00 -6.502617551958469466e-01 3.028664686637358994e-01
1.802054659727066133e+00 3.337061026414800402e-01 4.865589699642854926e-01
2.053053625776520175e+00 2.224618394380139197e+00 6.212978575726038066e-01
2.339012952555230562e+00 4.890971093659191027e+00 6.908221016344131549e-01
2.664802089693036891e+00 6.585105890734613610e+00 6.550457952362368497e-01
3.035968727524477995e+00 7.713235199138307685e+00 5.845437616092844513e-01
3.458833265763586962e+00 8.059578169086030641e+00 4.964341864131822102e-01
3.940596440236666886e+00 6.860020045238809594e+00 3.834513738348706569e-01
4.489461940391565875e+00 6.054005325874246779e+00 3.024102134550271659e-01
5.114776105571953835e+00 4.804485939238556824e+00 2.281345694717165085e-01
5.827187078870319503e+00 4.095015232489153334e+00 1.792104176775965452e-01
6.638826128706195817e+00 3.079953720263383765e+00 1.337479812298175974e-01
7.563514225758552811e+00 2.372691574522976410e+00 1.021394349114321670e-01
8.616997392941321721e+00 2.035442790272679048e+00 8.255214116377035394e-02
9.817214836071872952e+00 1.490587431235470550e+00 6.324345096375012798e-02
1.118460442108735009e+01 1.277642535529828649e+00 5.242139595307834105e-02
1.274245069961824761e+01 9.858194489185370113e-01 4.239923638512713838e-02
1.451728140926205768e+01 7.789736589820803747e-01 3.530721920879566905e-02
1.653931920034971981e+01 5.812916524179689848e-01 2.950530737363161321e-02
1.884299628142029093e+01 4.614817317181414413e-01 2.568644164594638055e-02
2.146754074702852577e+01 3.424858863818220911e-01 2.249924105425817403e-02
2.445764457215044274e+01 2.617717540380519736e-01 2.030221853878137403e-02
2.786422464810916466e+01 1.820973588463317139e-01 1.843403200261500147e-02
3.174528981929791982e+01 1.366414063991978622e-01 1.727873725677061753e-02
3.616692868500850011e+01 1.028669548215335183e-01 1.644744713432268884e-02
4.120443498711833286e+01 6.589587396924145857e-02 1.568006244797872512e-02
4.694358974726586098e+01 4.552212490415930013e-02 1.522542326897106425e-02
