1.069642439726958605e+00 -1.314195183923586363e+00 nan
1.218627458003121777e+00 -8.463823311233287239e-01 4.707523408420496436e-01
1.388363836590320144e+00 -1.305055971817699056e+00 nan
1.581741926207981042e+00 -8.307743840748134101e-01 3.414584519975315535e-01
1.802054659727066133e+00 -8.202219453419730133e-01 2.893590255219928853e-01
2.053053625776520175e+00 5.812112511942975068e-01 7.038732683762214393e-01
2.339012952555230562e+00 2.553276951695288233e+00 8.656398305933453718e-01
2.664802089693036891e+00 4.435956725326802186e+00 8.920349021077944585e-01
3.035968727524477995e+00 7.004499021232323486e+00 8.992642258688272605e-01
3.458833265763586962e+00 8.322369286098144414e+00 8.061654063550238725e-01
3.940596440236666886e+00 8.297707380979852942e+00 6.681951231569897010e-01
4.489461940391565875e+00 7.167192239871293502e+00 5.190841255104902130e-01
5.114776105571953835e+00 5.934277913770880097e+00 3.971551251765322865e-01
5.827187078870319503e+00 4.977514236701740202e+00 3.074498175171996306e-01
6.638826128706195817e+00 3.862531451321642884e+00 2.307005189618790419e-01
7.563514225758552811e+00 3.239944433169280380e+00 1.809750243220107913e-01
8.616997392941321721e+00 2.647023174644281163e+00 1.413843279288610200e-01
9.817214836071872952e+00 1.865858857923055281e+00 1.048384910305979745e-01
1.118460442108735009e+01 1.556702665576513045e+00 8.457222397032707062e-02
1.274245069961824761e+01 1.275826336456711285e+00 6.862118035536592109e-02
1.451728140926205768e+01 9.508888917368161220e-01 5.472481566712526085e-02
1.653931920034971981e+01 7.116595246533916619e-01 4.469533250587384016e-02
1.884299628142029093e+01 5.809589818809939299e-01 3.829481490784706482e-02
2.146754074702852577e+01 4.074233494666645861e-01 3.223974377447725442e-02
2.445764457215044274e+01 3.164815683462829377e-01 2.855029097434417379e-02
2.786422464810916466e+01 2.511417173077967746e-01 2.592282432022825420e-02
3.174528981929791982e+01 1.726986972189332725e-01 2.348631274155930579e-02
3.616692868500850011e+01 1.230575849323791715e-01 2.188291351032941451e-02
4.120443498711833286e+01 9.142438750607695397e-02 2.082248500589610127e-02
4.694358974726586098e+01 6.057824580904624945e-02 1.992878072963679206e-02
