1.069642439726958605e+00 -1.146534239681879619e+00 nan
1.218627458003121777e+00 -8.540198100058962183e-01 2.813029775654438680e-01
1.388363836590320144e+00 -1.057356477504065584e+00 nan
1.581741926207981042e+00 -8.441814809825112231e-01 2.008511985265653554e-01
1.802054659727066133e+00 2.232041701229705577e-01 4.629638357814028771e-01
2.053053625776520175e+00 2.365057787194262851e+00 6.307163027296605051e-01
2.339012952555230562e+00 4.793718373967700508e+00 6.806698239060912092e-01
2.664802089693036891e+00 6.902159920982835928e+00 6.647632319514392707e-01
3.035968727524477995e+00 7.493134046485392830e+00 5.731829834452190076e-01
3.458833265763586962e+00 8.460855227401147260e+00 5.049354920873193597e-01
3.940596440236666886e+00 6.739493366079766901e+00 3.779252797079089010e-01
4.489461940391565875e+00 6.047074568316819665e+00 3.004212360047833208e-01
5.114776105571953835e+00 4.693814147719958640e+00 2.243184516275715246e-01
5.827187078870319503e+00 4.050672218124038437e+00 1.772555455774533495e-01
6.638826128706195817e+00 3.183689518915556960e+00 1.349778857065468962e-01
7.563514225758552811e+00 2.574845503714545902e+00 1.052512743540206380e-01
8.616997392941321721e+00 2.014298111575253625e+00 8.173222841409318040e-02
9.817214836071872952e+00 1.598551812427080332e+00 6.468949627623733767e-02
1.118460442108735009e+01 1.275899364466641650e+00 5.212293440439185604e-02
1.274245069961824761e+01 1.007399543866627667e+00 4.251974229293502966e-02
1.451728140926205768e+01 7.635597822171245053e-01 3.490884057252451739e-02
1.653931920034971981e+01 6.131521740246279606e-01 2.983975535554111991e-02
1.884299628142029093e+01 4.670051818799345611e-01 2.565616318235735063e-02
2.146754074702852577e+01 3.616545303162854719e-01 2.268270100981904791e-02
2.445764457215044274e+01 2.844539863879285146e-01 2.054724896685031221e-02
2.786422464810916466e+01 2.063195973901597036e-01 1.871017254833503771e-02
3.174528981929791982e+01 1.533667889219245684e-01 1.745436753457325560e-02
3.616692868500850011e+01 1.048412187110441263e-01 1.641817249655298100e-02
4.120443498711833286e+01 7.846623167037081181e-02 1.580506622446237880e-02
4.694358974726586098e+01 4.870735331054354411e-02 1.521971358251522979e-02
