1.069642439726958605e+00 -1.266870125611688103e+00 nan
1.218627458003121777e+00 -9.636489126681309081e-01 2.303739480471135026e-01
1.388363836590320144e+00 -8.347677834025926114e-01 4.168409535707026659e-01
1.581741926207981042e+00 -1.086814343089788526e+00 nan
1.802054659727066133e+00 -6.360807875551999224e-01 4.141976067664832617e-01
2.053053625776520175e+00 6.303650487409311332e-01 7.190506306702942885e-01
2.339012952555230562e+00 2.171284923179337856e+00 8.224573226621988420e-01
2.664802089693036891e+00 5.271340163560937597e+00 9.647628967383743426e-01
3.035968727524477995e+00 6.801093471441920890e+00 8.927504235615456585e-01
3.458833265763586962e+00 8.392780766352300859e+00 8.141063386945001090e-01
3.940596440236666886e+00 8.170884981900275790e+00 6.672056535425093804e-01
4.489461940391565875e+00 7.347686629211146681e+00 5.282927587114675250e-01
5.114776105571953835e+00 5.948335664211112928e+00 3.998730947622516907e-01
5.827187078870319503e+00 4.867787281701563273e+00 3.059890975426284854e-01
6.638826128706195817e+00 4.066749613203948677e+00 2.375306137961815667e-01
7.563514225758552811e+00 3.091997126275343177e+00 1.782043166604954376e-01
8.616997392941321721e+00 2.527695587122586129e+00 1.393004590927440778e-01
9.817214836071872952e+00 1.942689479958688015e+00 1.071448671002467878e-01
1.118460442108735009e+01 1.566736535807189190e+00 8.522183306251371326e-02
1.274245069961824761e+01 1.295472059293271805e+00 6.936433833028861351e-02
1.451728140926205768e+01 9.661321721794016160e-01 5.528965944966385965e-02
1.653931920034971981e+01 7.357893058456650426e-01 4.536777344786215027e-02
1.884299628142029093e+01 5.670297142892992692e-01 3.819694516453611688e-02
2.146754074702852577e+01 4.467641314806944930e-01 3.310749823883096798e-02
2.445764457215044274e+01 3.116737326284904075e-01 2.857343788847385366e-02
2.786422464810916466e+01 2.405409711916859372e-01 2.582486634920452828e-02
3.174528981929791982e+01 1.715259450213657555e-01 2.354844271973549272e-02
3.616692868500850011e+01 1.267726802075215264e-01 2.202538412745476751e-02
4.120443498711833286e+01 9.428566147260286634e-02 2.094336487179859416e-02
4.694358974726586098e+01 6.074682000989373165e-02 1.999604014243699587e-02
