1.069642439726958605e+00 -1.328845676260793418e+00 nan
1.218627458003121777e+00 -5.219559809862985844e-01 3.378696957830531478e-01
1.388363836590320144e+00 -8.561673658021202726e-01 1.572711634838661332e-01
1.581741926207981042e+00 3.904759756610531873e-01 3.984879785605933145e-01
1.802054659727066133e+00 2.309683621498656247e+00 5.064874168103828955e-01
2.053053625776520175e+00 4.217627086150551818e+00 5.232040743280871320e-01
2.339012952555230562e+00 6.553825188162525350e+00 5.194144205701085593e-01
2.664802089693036891e+00 7.821239883427721473e+00 4.706194138139371819e-01
3.035968727524477995e+00 7.791324143671348068e+00 3.917692260829997997e-01
3.458833265763586962e+00 7.040281069631695310e+00 3.119664572307215833e-01
3.940596440236666886e+00 6.050010257396314373e+00 2.431116831735735395e-01
4.489461940391565875e+00 4.934544653202847186e+00 1.856651832008983649e-01
5.114776105571953835e+00 3.947356308147680792e+00 1.415222433390344037e-01
5.827187078870319503e+00 3.233617153087104512e+00 1.099907216219248030e-01
6.638826128706195817e+00 2.618844914621677233e+00 8.571964842324455991e-02
7.563514225758552811e+00 2.048549211979354467e+00 6.660259195047696368e-02
8.616997392941321721e+00 1.662620607354384550e+00 5.323791827606128013e-02
9.817214836071872952e+00 1.380483609791831157e+00 4.355311720235126305e-02
1.118460442108735009e+01 1.067219958987909667e+00 3.522094071858446890e-02
1.274245069961824761e+01 8.264062564655860754e-01 2.906833365486134746e-02
1.451728140926205768e+01 6.457224347199792547e-01 2.460259242849037464e-02
1.653931920034971981e+01 5.073690762735554305e-01 2.131532420038988532e-02
1.884299628142029093e+01 3.946405084514172934e-01 1.881486080528411292e-02
2.146754074702852577e+01 2.846002198914230341e-01 1.670645014859838823e-02
2.445764457215044274e+01 2.145345673415572918e-01 1.531443060791493581e-02
2.786422464810916466e+01 1.579148585017848827e-01 1.425587231307843053e-02
3.174528981929791982e+01 1.140825720288138889e-01 1.347072913199079403e-02
3.616692868500850011e+01 8.047014954170839118e-02 1.289130894755988188e-02
4.120443498711833286e+01 5.600841563966540981e-02 1.247788288256741068e-02
4.694358974726586098e+01 3.157995933621071671e-02 1.210660790606312917e-02
