1.069642439726958605e+00 -1.373991509136955003e+00 nan
1.218627458003121777e+00 -8.982537102987750988e-01 2.297754019219862442e+00
1.388363836590320144e+00 -1.658444191832917358e+00 nan
1.581741926207981042e+00 -7.627705805182027898e-01 2.424681886880663662e+00
1.802054659727066133e+00 -1.178790501798423485e+00 nan
2.053053625776520175e+00 -8.751943057701296880e-01 1.185060932745760631e+00
2.339012952555230562e+00 -7.478155656562364140e-01 1.379339992378405544e+00
2.664802089693036891e+00 -9.662072692785075301e-01 4.192519839729744735e-01
3.035968727524477995e+00 -1.028628888360326066e+00 nan
3.458833265763586962e+00 3.880330785712569508e+00 3.427593979913324596e+00
3.940596440236666886e+00 9.739393161637082130e+00 4.195168780731398428e+00
4.489461940391565875e+00 8.368951696832702680e+00 3.223075486214074470e+00
5.114776105571953835e+00 1.187386883021249773e+01 3.131499185228291626e+00
5.827187078870319503e+00 9.723135891492834304e+00 2.359958435002363686e+00
6.638826128706195817e+00 9.220470193765526901e+00 1.908669872047154215e+00
7.563514225758552811e+00 6.442412903493307752e+00 1.343329589156485371e+00
8.616997392941321721e+00 5.578518479284234388e+00 1.048336456170754660e+00
9.817214836071872952e+00 3.573610311304166842e+00 7.193173083880225471e-01
1.118460442108735009e+01 3.698485173621613775e+00 6.119384467956324736e-01
1.274245069961824761e+01 2.738070225811831460e+00 4.531014220522722735e-01
1.451728140926205768e+01 1.784199122362160495e+00 3.238605694480586883e-01
1.653931920034971981e+01 1.517391926343859776e+00 2.594168909523036914e-01
1.884299628142029093e+01 1.218212018052408752e+00 2.056817507097496167e-01
2.146754074702852577e+01 8.555191324149398202e-01 1.588823655706039784e-01
2.445764457215044274e+01 6.450886999682163836e-01 1.280734512631286071e-01
2.786422464810916466e+01 5.448546417039186185e-01 1.083047279466440027e-01
3.174528981929791982e+01 3.547432669243393288e-01 8.821591323994709688e-02
3.616692868500850011e+01 2.433651391739095615e-01 7.504071395427402980e-02
4.120443498711833286e+01 1.629518805820173721e-01 6.556168464259079509e-02
4.694358974726586098e+01 9.473220982205843299e-02 5.831408329675926566e-02
