1.069642439726958605e+00 -1.365213994305199297e+00 nan
1.218627458003121777e+00 -7.069209121126587281e-01 2.630702840787833563e-01
1.388363836590320144e+00 -8.122287141427408930e-01 1.787017855493468477e-01
1.581741926207981042e+00 4.952485180563330758e-01 4.109653564283949345e-01
1.802054659727066133e+00 2.330235852574769950e+00 5.052587915676179930e-01
2.053053625776520175e+00 4.799692807440274933e+00 5.489876959280607371e-01
2.339012952555230562e+00 7.114872336306433454e+00 5.359807668100292632e-01
2.664802089693036891e+00 7.275712742000808753e+00 4.527065147945602552e-01
3.035968727524477995e+00 7.746075356121028044e+00 3.885992143104161634e-01
3.458833265763586962e+00 7.164212492980859714e+00 3.129112170232378753e-01
3.940596440236666886e+00 6.079024566735792945e+00 2.423932956711504494e-01
4.489461940391565875e+00 5.088534788570672873e+00 1.874197102389181802e-01
5.114776105571953835e+00 4.008965498103762570e+00 1.418203424846836980e-01
5.827187078870319503e+00 3.297655305528947700e+00 1.104315315368549072e-01
6.638826128706195817e+00 2.648210767115333653e+00 8.572944656636680150e-02
7.563514225758552811e+00 2.132303901070444319e+00 6.744809956646798110e-02
8.616997392941321721e+00 1.634112103499960167e+00 5.261299250432485697e-02
9.817214836071872952e+00 1.320519426113055950e+00 4.259395474745827220e-02
1.118460442108735009e+01 1.050527913384871503e+00 3.486361054552041677e-02
1.274245069961824761e+01 8.210974996818589666e-01 2.888533763858437686e-02
1.451728140926205768e+01 6.372414620040776079e-01 2.440596601995690187e-02
1.653931920034971981e+01 4.943752410971136158e-01 2.108381421550176160e-02
1.884299628142029093e+01 3.728194232433474919e-01 1.849433275909634702e-02
2.146754074702852577e+01 2.851819661013033080e-01 1.665710644447611008e-02
2.445764457215044274e+01 2.146919251468559775e-01 1.526696270738257116e-02
2.786422464810916466e+01 1.575397747371902746e-01 1.420728026371927480e-02
3.174528981929791982e+01 1.140461092300075752e-01 1.342969060628492958e-02
3.616692868500850011e+01 7.854024784616120414e-02 1.283107014841778325e-02
4.120443498711833286e+01 5.489396879037733434e-02 1.242889924401285005e-02
4.694358974726586098e+01 3.334391893670130003e-02 1.209230732791049916e-02
