1.069642439726958605e+00 -4.512870250277223327e-02 2.651030481308043463e+01
1.218627458003121777e+00 -1.112436985187275074e+00 nan
1.388363836590320144e+00 -5.214634145281209499e-01 1.210352989254761624e+01
1.581741926207981042e+00 -4.412247770999528917e-01 1.065022104777786716e+01
1.802054659727066133e+00 -1.045779226883670088e+00 nan
2.053053625776520175e+00 -1.813875311563383441e+00 nan
2.339012952555230562e+00 -7.110367155503034553e-01 4.225666681348503317e+00
2.664802089693036891e+00 -8.452285201346243504e-01 2.567916494817048978e+00
3.035968727524477995e+00 -6.056543875702793400e-01 3.381463444825758557e+00
3.458833265763586962e+00 5.343376441673054700e+00 1.117176576603178795e+01
3.940596440236666886e+00 -9.944209405151032133e-01 2.718894265456659465e-01
4.489461940391565875e+00 1.080297320100018510e+01 1.030528304546005458e+01
5.114776105571953835e+00 1.513620601559476242e+01 9.939640235779704014e+00
5.827187078870319503e+00 1.259663426514854478e+01 7.518975410003037929e+00
6.638826128706195817e+00 1.366450131221484554e+01 6.450609761813002940e+00
7.563514225758552811e+00 7.736951046297129153e+00 4.090700519657334056e+00
8.616997392941321721e+00 5.289816544633469952e+00 2.857064581546025828e+00
9.817214836071872952e+00 8.058432210290582987e+00 2.861536508556185687e+00
1.118460442108735009e+01 3.994584936026571942e+00 1.738624049248504999e+00
1.274245069961824761e+01 3.807442280425464176e+00 1.415340363719276517e+00
1.451728140926205768e+01 3.997164936318388762e+00 1.207617834819495028e+00
1.653931920034971981e+01 1.981378505087133979e+00 7.628310571218511749e-01
1.884299628142029093e+01 2.345113161675073776e+00 6.826208079896828318e-01
2.146754074702852577e+01 1.495403422174689467e+00 4.883740336172169849e-01
2.445764457215044274e+01 1.244571632264129368e+00 3.900874559338615710e-01
2.786422464810916466e+01 5.586278096962828954e-01 2.679648690384731080e-01
3.174528981929791982e+01 5.066844158523891029e-01 2.253316281419679434e-01
3.616692868500850011e+01 3.639202122550202478e-01 1.836772589973517666e-01
4.120443498711833286e+01 2.132116975994637897e-01 1.492506040856821925e-01
4.694358974726586098e+01 1.310306124872322453e-01 1.265824781072883987e-01
