1.069642439726958605e+00 -1.176588320539062593e+00 nan
1.218627458003121777e+00 -7.711740914108862199e-01 2.333557185808383394e-01
1.388363836590320144e+00 -5.033394016418109018e-01 2.918035700424452816e-01
1.581741926207981042e+00 4.290097105283261492e-01 4.033129922728498906e-01
1.802054659727066133e+00 2.487656927523067996e+00 5.191486978317859657e-01
2.053053625776520175e+00 5.068351105239867316e+00 5.639307367671351212e-01
2.339012952555230562e+00 6.005091010960573961e+00 4.988636164934727724e-01
2.664802089693036891e+00 7.996170691150044973e+00 4.747157980271176081e-01
3.035968727524477995e+00 7.532641311339673074e+00 3.849632624759075639e-01
3.458833265763586962e+00 6.882804830732313306e+00 3.081394753095690331e-01
3.940596440236666886e+00 6.377428679269584677e+00 2.489518858160693071e-01
4.489461940391565875e+00 5.209365794633453284e+00 1.902213659835927106e-01
5.114776105571953835e+00 3.988487188759369584e+00 1.419896593431134724e-01
5.827187078870319503e+00 3.292511613515829438e+00 1.107402007213539319e-01
6.638826128706195817e+00 2.591208001470143518e+00 8.518961372955816125e-02
7.563514225758552811e+00 2.038026263252273207e+00 6.636081442428456989e-02
8.616997392941321721e+00 1.661141953688924033e+00 5.314483143444112545e-02
9.817214836071872952e+00 1.290825609534353546e+00 4.234648949878439678e-02
1.118460442108735009e+01 1.037784212383427551e+00 3.481008622947659448e-02
1.274245069961824761e+01 8.081710588975450360e-01 2.881145005421927377e-02
1.451728140926205768e+01 6.272117286056877461e-01 2.435316913816458831e-02
1.653931920034971981e+01 4.838859197490139596e-01 2.101512061869258152e-02
1.884299628142029093e+01 3.718151584665734255e-01 1.852843439811256362e-02
2.146754074702852577e+01 2.956839737710561522e-01 1.681855077290757630e-02
2.445764457215044274e+01 2.155816076629597511e-01 1.531185678950717360e-02
2.786422464810916466e+01 1.585192409111995104e-01 1.424965718339388232e-02
3.174528981929791982e+01 1.170032480317702017e-01 1.349236229315959636e-02
3.616692868500850011e+01 8.463793205583769463e-02 1.292811304669779122e-02
4.120443498711833286e+01 5.763383185556381072e-02 1.248587049840994834e-02
4.694358974726586098e+01 3.581097582166936633e-02 1.214512796590204967e-02
