1.069642439726958605e+00 -1.366731275990633154e+00 nan
1.218627458003121777e+00 -1.071847164780081574e+00 nan
1.388363836590320144e+00 -8.995218670183369181e-01 1.993149505911783470e-01
1.581741926207981042e+00 -6.190472135343223492e-01 3.160650611519007502e-01
1.802054659727066133e+00 1.797468511927462487e-01 4.575280989867909764e-01
2.053053625776520175e+00 2.188890111646248471e+00 6.177653025013778443e-01
2.339012952555230562e+00 5.004059852199299385e+00 6.974498940912939871e-01
2.664802089693036891e+00 6.960376678663657835e+00 6.714377105266274848e-01
3.035968727524477995e+00 8.769814600380504643e+00 6.205956924869859836e-01
3.458833265763586962e+00 8.158796265844106443e+00 4.992806123511493444e-01
3.940596440236666886e+00 7.143127120035254407e+00 3.908555580895616277e-01
4.489461940391565875e+00 6.016682262832445893e+00 3.014923780761638583e-01
5.114776105571953835e+00 4.710885415935777587e+00 2.260270746418491516e-01
5.827187078870319503e+00 4.133247135891030766e+00 1.799752173870516891e-01
6.638826128706195817e+00 3.199488372609951892e+00 1.360545959167178964e-01
7.563514225758552811e+00 2.621243215486567024e+00 1.066839039305370745e-01
8.616997392941321721e+00 1.999799665867504572e+00 8.192688727370064927e-02
9.817214836071872952e+00 1.647404893663552361e+00 6.583981571090251339e-02
1.118460442108735009e+01 1.247384723664787254e+00 5.193542313760553253e-02
1.274245069961824761e+01 9.827875271485562170e-01 4.234915672025123257e-02
1.451728140926205768e+01 7.848822081023802966e-01 3.539331341562973465e-02
1.653931920034971981e+01 6.118331859679488893e-01 2.995353726963491739e-02
1.884299628142029093e+01 4.638880980832120748e-01 2.571969559226930033e-02
2.146754074702852577e+01 3.599496695590902462e-01 2.274954605662378795e-02
2.445764457215044274e+01 2.676361572752330442e-01 2.038503023191235233e-02
2.786422464810916466e+01 1.946464731627308709e-01 1.861222500654326553e-02
3.174528981929791982e+01 1.411884793321063203e-01 1.734258762404296272e-02
3.616692868500850011e+01 1.084945637194025814e-01 1.652669316788429876e-02
4.120443498711833286e+01 7.435300020170743096e-02 1.579960510809777161e-02
4.694358974726586098e+01 5.174924945347036953e-02 1.531323589006787673e-02
