1.069642439726958605e+00 -1.393365561706966016e+00 nan
1.218627458003121777e+00 -7.034374744891269682e-01 2.663914200998017678e-01
1.388363836590320144e+00 -5.211310263928636832e-01 2.873121431402050341e-01
1.581741926207981042e+00 7.087838954127034796e-01 4.423094632235137769e-01
1.802054659727066133e+00 2.871527143459946529e+00 5.486481233398673441e-01
2.053053625776520175e+00 4.977799060482023918e+00 5.611644519643074203e-01
2.339012952555230562e+00 6.553897126154737407e+00 5.199701155564264710e-01
2.664802089693036891e+00 7.691019497616234268e+00 4.674638501716144590e-01
3.035968727524477995e+00 7.640254345060027319e+00 3.885696180640647590e-01
3.458833265763586962e+00 7.029863916817836511e+00 3.120682234549367329e-01
3.940596440236666886e+00 5.954462556179189292e+00 2.415210615972587793e-01
4.489461940391565875e+00 5.124295484961809422e+00 1.892107099722165342e-01
5.114776105571953835e+00 4.104464409790825385e+00 1.442662815033034507e-01
5.827187078870319503e+00 3.250618782748236679e+00 1.103623924109245202e-01
6.638826128706195817e+00 2.676400967273411258e+00 8.664417893700795958e-02
7.563514225758552811e+00 2.076385876470064673e+00 6.705353091911313290e-02
8.616997392941321721e+00 1.711958858793307225e+00 5.394323848032721302e-02
9.817214836071872952e+00 1.324177967370621989e+00 4.286868506358020026e-02
1.118460442108735009e+01 1.046686853099070280e+00 3.499458829534324994e-02
1.274245069961824761e+01 8.378584349425852729e-01 2.923067281449064081e-02
1.451728140926205768e+01 6.399450716243237913e-01 2.455220475595398105e-02
1.653931920034971981e+01 5.060190622814282335e-01 2.131473568653579481e-02
1.884299628142029093e+01 3.957897769034157687e-01 1.884117548862489222e-02
2.146754074702852577e+01 2.919408697161036681e-01 1.680282380683028806e-02
2.445764457215044274e+01 2.148153876903478032e-01 1.532728592071471926e-02
2.786422464810916466e+01 1.614306324619045885e-01 1.430521320994630405e-02
3.174528981929791982e+01 1.197595981933845533e-01 1.354432927605615268e-02
3.616692868500850011e+01 8.615672981417743514e-02 1.296447377166008545e-02
4.120443498711833286e+01 5.915879750087604805e-02 1.252134380269140021e-02
4.694358974726586098e+01 3.954501903034857158e-02 1.220543321832812285e-02
