1.069642439726958605e+00 -1.289289443444718408e+00 nan
1.218627458003121777e+00 -1.065250629848475405e+00 nan
1.388363836590320144e+00 -4.159360843260078155e-01 3.166437932145545475e-01
1.581741926207981042e+00 7.237653744220329255e-01 4.433060988311977590e-01
1.802054659727066133e+00 2.878786254184634963e+00 5.480039632571163111e-01
2.053053625776520175e+00 4.775927038155039384e+00 5.503045854191276343e-01
2.339012952555230562e+00 6.413242770275457971e+00 5.138932727719522919e-01
2.664802089693036891e+00 7.096987518293603969e+00 4.495571782882722967e-01
3.035968727524477995e+00 7.488756698287409641e+00 3.841343661441666835e-01
3.458833265763586962e+00 6.815545248890441776e+00 3.068872290955182436e-01
3.940596440236666886e+00 6.083671343155222289e+00 2.435164037632931155e-01
4.489461940391565875e+00 5.049720733711682286e+00 1.875236408592440285e-01
5.114776105571953835e+00 3.923508996086884082e+00 1.409897898257840843e-01
5.827187078870319503e+00 3.276188538889631463e+00 1.105481449876408173e-01
6.638826128706195817e+00 2.622680041330779144e+00 8.569693697565536339e-02
7.563514225758552811e+00 2.078762178711286435e+00 6.696435483061551064e-02
8.616997392941321721e+00 1.650221219950217311e+00 5.302629164353434704e-02
9.817214836071872952e+00 1.313265562592854430e+00 4.265554029432862271e-02
1.118460442108735009e+01 1.032372311343567439e+00 3.475913493638974061e-02
1.274245069961824761e+01 8.118781542166568777e-01 2.886948657560872364e-02
1.451728140926205768e+01 6.400394672567968346e-01 2.451674939792804903e-02
1.653931920034971981e+01 4.918807048239133284e-01 2.111794680431259771e-02
1.884299628142029093e+01 3.707652283325308940e-01 1.852334763661314665e-02
2.146754074702852577e+01 2.806375760956141274e-01 1.664980397174240304e-02
2.445764457215044274e+01 2.091096116858266463e-01 1.524226195593428486e-02
2.786422464810916466e+01 1.542294308500633537e-01 1.420489259876739352e-02
3.174528981929791982e+01 1.190354430976670042e-01 1.352033315270104522e-02
3.616692868500850011e+01 8.362634014950898198e-02 1.292062050953435813e-02
4.120443498711833286e+01 5.508079610256411129e-02 1.246036361974403768e-02
4.694358974726586098e+01 3.634614121115364860e-02 1.215513328140396115e-02
