1.069642439726958605e+00 -1.177676614699331825e+00 nan
1.218627458003121777e+00 -8.284280781847914721e-01 2.021617925214476974e-01
1.388363836590320144e+00 -6.651471265907378250e-01 2.397052325628462321e-01
1.581741926207981042e+00 4.073789307381194824e-01 4.004437882596962872e-01
1.802054659727066133e+00 2.629811392811061133e+00 5.299520323722183290e-01
2.053053625776520175e+00 5.130898631480944161e+00 5.671558580913084180e-01
2.339012952555230562e+00 6.456252951322060341e+00 5.153668863410793000e-01
2.664802089693036891e+00 7.531209865452877850e+00 4.619388738556374774e-01
3.035968727524477995e+00 7.745913592064027853e+00 3.902518897354647631e-01
3.458833265763586962e+00 7.128901271532996020e+00 3.134878244941434744e-01
3.940596440236666886e+00 6.112364688028285364e+00 2.440392766179705908e-01
4.489461940391565875e+00 5.053485585377917033e+00 1.875706856497913744e-01
5.114776105571953835e+00 3.953708690622169009e+00 1.414776045137650373e-01
5.827187078870319503e+00 3.246055173349763567e+00 1.100694653056483313e-01
6.638826128706195817e+00 2.629583493820819129e+00 8.578962922304139704e-02
7.563514225758552811e+00 2.119224669107086179e+00 6.752125208136715295e-02
8.616997392941321721e+00 1.670497404726948520e+00 5.329160179631303035e-02
9.817214836071872952e+00 1.329251242842526715e+00 4.285680773667915888e-02
1.118460442108735009e+01 1.054684074706737196e+00 3.503375808994262097e-02
1.274245069961824761e+01 8.214501922057997341e-01 2.898340358256033811e-02
1.451728140926205768e+01 6.454755630442403636e-01 2.457970612858755705e-02
1.653931920034971981e+01 4.971433593830234532e-01 2.117840904801922622e-02
1.884299628142029093e+01 3.870624321275719648e-01 1.871253026072335415e-02
2.146754074702852577e+01 2.941137519692533786e-01 1.680537770229212705e-02
2.445764457215044274e+01 2.204676840982380259e-01 1.537293096871363528e-02
2.786422464810916466e+01 1.564833432878280917e-01 1.423008766607560156e-02
3.174528981929791982e+01 1.139862155280306766e-01 1.346115362529241334e-02
3.616692868500850011e+01 8.127721234196316757e-02 1.289271880558248880e-02
4.120443498711833286e+01 5.355473903023799664e-02 1.244201512352918933e-02
4.694358974726586098e+01 3.743134560191729854e-02 1.216696965346417310e-02
