1.069642439726958605e+00 -1.402260614642407255e+00 nan
1.218627458003121777e+00 -7.033767194353985897e-01 6.532632566153671050e-01
1.388363836590320144e+00 -1.124838886776063251e+00 nan
1.581741926207981042e+00 -6.940894568690096911e-01 4.584825856145273160e-01
1.802054659727066133e+00 -2.174930221389315133e-01 6.029923299589576846e-01
2.053053625776520175e+00 -5.896708325289670150e-01 3.578541409717380661e-01
2.339012952555230562e+00 2.496218313616368700e+00 8.574542117492330862e-01
2.664802089693036891e+00 4.907431703144531809e+00 9.291442296581995386e-01
3.035968727524477995e+00 7.219107837756833845e+00 9.103291129233306300e-01
3.458833265763586962e+00 8.528279435016820287e+00 8.143264291304177505e-01
3.940596440236666886e+00 8.621808380572124619e+00 6.795950105349847226e-01
4.489461940391565875e+00 6.808652935523218375e+00 5.059917786177891008e-01
5.114776105571953835e+00 6.043542113343866262e+00 4.000680264849090784e-01
5.827187078870319503e+00 4.925295131386048908e+00 3.055460512180279142e-01
6.638826128706195817e+00 4.083112601401397868e+00 2.363551085547936914e-01
7.563514225758552811e+00 3.219286499140095348e+00 1.802300967853290858e-01
8.616997392941321721e+00 2.474893733142272012e+00 1.371268663792402920e-01
9.817214836071872952e+00 2.049928335962623471e+00 1.088714891167974347e-01
1.118460442108735009e+01 1.579226443418932035e+00 8.495745275223634541e-02
1.274245069961824761e+01 1.217042550328669925e+00 6.733700491725752579e-02
1.451728140926205768e+01 9.732955770073485890e-01 5.511031177460416763e-02
1.653931920034971981e+01 6.853640204557784887e-01 4.414050767945153220e-02
1.884299628142029093e+01 5.688470825244906770e-01 3.802854070486603316e-02
2.146754074702852577e+01 4.409922975741913387e-01 3.283361590789675433e-02
2.445764457215044274e+01 3.263854338400393740e-01 2.870707132747852067e-02
2.786422464810916466e+01 2.403293113879896303e-01 2.570344935764546160e-02
3.174528981929791982e+01 1.760213060728552659e-01 2.352780622788609374e-02
3.616692868500850011e+01 1.097259813014990204e-01 2.162396686608416413e-02
4.120443498711833286e+01 7.494418755945408961e-02 2.050813633383290202e-02
4.694358974726586098e+01 5.232467674249918765e-02 1.976470386401939575e-02
