1.069642439726958605e+00 -1.232204125449699816e+00 nan
1.218627458003121777e+00 -9.756127361078321680e-01 7.638714891825820752e-02
1.388363836590320144e+00 -6.404930148974501414e-01 2.489366702238105244e-01
1.581741926207981042e+00 -4.036802977900699752e-02 3.313253939273376747e-01
1.802054659727066133e+00 2.435660518794265705e+00 5.166599259001641853e-01
2.053053625776520175e+00 5.061034486797055365e+00 5.651299398675549979e-01
2.339012952555230562e+00 6.579602352067255744e+00 5.208905000733916602e-01
2.664802089693036891e+00 7.780670804970163168e+00 4.699908524863546933e-01
3.035968727524477995e+00 7.565762791172709001e+00 3.867890956444394179e-01
3.458833265763586962e+00 6.981246881078373434e+00 3.110453566677642279e-01
3.940596440236666886e+00 6.050190085077725932e+00 2.433681194910481960e-01
4.489461940391565875e+00 5.003938894535457038e+00 1.870882517135127598e-01
5.114776105571953835e+00 4.227121803105855946e+00 1.462854336053951154e-01
5.827187078870319503e+00 3.313031260125154365e+00 1.113335755345364192e-01
6.638826128706195817e+00 2.617149264623384486e+00 8.577802901157108306e-02
7.563514225758552811e+00 2.149147289944965955e+00 6.806845443197284684e-02
8.616997392941321721e+00 1.699770163107616749e+00 5.378200947900061563e-02
9.817214836071872952e+00 1.319864065784362772e+00 4.281403337707805762e-02
1.118460442108735009e+01 1.069151697318680982e+00 3.527488072069667746e-02
1.274245069961824761e+01 8.447268347368053210e-01 2.931461588093457749e-02
1.451728140926205768e+01 6.410122444653136853e-01 2.456533974297838915e-02
1.653931920034971981e+01 5.097151609103325320e-01 2.135865544009695263e-02
1.884299628142029093e+01 3.804224231989039584e-01 1.866163392502214607e-02
2.146754074702852577e+01 2.852693146825027171e-01 1.672538795278753418e-02
2.445764457215044274e+01 2.240314820527788964e-01 1.543442780468368657e-02
2.786422464810916466e+01 1.579558189032377324e-01 1.426514141783659199e-02
3.174528981929791982e+01 1.184016681316435449e-01 1.352877930060221445e-02
3.616692868500850011e+01 7.898951416035404627e-02 1.288173097115862670e-02
4.120443498711833286e+01 5.953080673674326917e-02 1.252579088130926187e-02
4.694358974726586098e+01 3.735015620956705362e-02 1.218019750383453337e-02
