1.069642439726958605e+00 -9.714729439618299267e-01 1.086990137408240242e-01
1.218627458003121777e+00 -7.247018424918088009e-01 2.566274706369144343e-01
1.388363836590320144e+00 -4.112986099345263824e-01 3.185324130026513378e-01
1.581741926207981042e+00 5.317012764998234609e-01 4.186651681276982173e-01
1.802054659727066133e+00 2.660544799472859712e+00 5.333213891261597839e-01
2.053053625776520175e+00 4.596405563131185090e+00 5.426330949696130945e-01
2.339012952555230562e+00 6.295482863272887641e+00 5.106849092315037808e-01
2.664802089693036891e+00 7.199540631182104633e+00 4.534012519070582670e-01
3.035968727524477995e+00 7.808209720518923369e+00 3.925292642000483001e-01
3.458833265763586962e+00 6.807677227326008662e+00 3.073042684310118844e-01
3.940596440236666886e+00 6.010259156487811616e+00 2.425651526857204865e-01
4.489461940391565875e+00 5.036182898437445488e+00 1.876320370788075176e-01
5.114776105571953835e+00 4.030048134316650099e+00 1.430185364220795396e-01
5.827187078870319503e+00 3.385948520133743145e+00 1.124451725647235278e-01
6.638826128706195817e+00 2.533944771572175458e+00 8.454203791036031534e-02
7.563514225758552811e+00 2.090507425653866047e+00 6.724290966357568400e-02
8.616997392941321721e+00 1.688838631460289008e+00 5.362945476794726135e-02
9.817214836071872952e+00 1.318811549175476383e+00 4.279514662491611804e-02
1.118460442108735009e+01 1.071330351045113094e+00 3.529775192856249993e-02
1.274245069961824761e+01 8.604436773443742137e-01 2.950214309880024727e-02
1.451728140926205768e+01 6.626300807230134371e-01 2.482084142841690586e-02
1.653931920034971981e+01 5.143745381286217722e-01 2.141139514436210534e-02
1.884299628142029093e+01 4.003069656401412324e-01 1.889242292912689941e-02
2.146754074702852577e+01 3.066925762579504333e-01 1.697315608903638556e-02
2.445764457215044274e+01 2.260177083695806832e-01 1.545607854545341490e-02
2.786422464810916466e+01 1.664712858102055382e-01 1.436252603573602397e-02
3.174528981929791982e+01 1.213857845697754456e-01 1.356216259961673040e-02
3.616692868500850011e+01 8.344429001987840877e-02 1.293218428789185380e-02
4.120443498711833286e+01 6.049717671566789967e-02 1.253594499566882889e-02
4.694358974726586098e+01 3.605298281570035179e-02 1.216422294511988571e-02
