1.069642439726958605e+00 -8.584116487064710199e-01 5.950244843091828661e-01
1.218627458003121777e+00 -9.001232970127921451e-01 3.797755826763998810e-01
1.388363836590320144e+00 -1.002132729671971312e+00 nan
1.581741926207981042e+00 -8.989453381483913930e-01 2.639986039985786626e-01
1.802054659727066133e+00 -2.222605734521474474e-01 6.022861095492385575e-01
2.053053625776520175e+00 -4.224531083609814885e-01 4.253930760918134824e-01
2.339012952555230562e+00 2.215356450282500944e+00 8.236604059079428719e-01
2.664802089693036891e+00 5.757944440351117521e+00 9.965926584912266906e-01
3.035968727524477995e+00 6.207458947528101234e+00 8.526514062850049092e-01
3.458833265763586962e+00 8.370113225313627225e+00 8.087288520628519439e-01
3.940596440236666886e+00 8.422401066652628998e+00 6.732859202270577992e-01
4.489461940391565875e+00 7.011707653634451809e+00 5.139780038200914003e-01
5.114776105571953835e+00 5.949433364547581427e+00 3.978286915417674763e-01
5.827187078870319503e+00 5.105360398776877418e+00 3.112836473735214327e-01
6.638826128706195817e+00 4.144462371869915174e+00 2.384094045809573292e-01
7.563514225758552811e+00 3.181007259421674949e+00 1.795726975652108537e-01
8.616997392941321721e+00 2.554753990878249503e+00 1.392629322405130599e-01
9.817214836071872952e+00 1.985501154753950726e+00 1.075995939801280693e-01
1.118460442108735009e+01 1.560646259318081652e+00 8.469439574069026477e-02
1.274245069961824761e+01 1.215544160268335450e+00 6.741066205240210663e-02
1.451728140926205768e+01 9.778923107849253338e-01 5.528373777590551291e-02
1.653931920034971981e+01 7.343722935319603184e-01 4.515209381040766884e-02
1.884299628142029093e+01 5.770753061132651851e-01 3.823578610389027216e-02
2.146754074702852577e+01 4.300703869530577705e-01 3.267282643895363242e-02
2.445764457215044274e+01 3.306960088553816401e-01 2.882165580098930077e-02
2.786422464810916466e+01 2.632086490554239600e-01 2.615175191746073324e-02
3.174528981929791982e+01 1.785602849842304884e-01 2.360026719564427972e-02
3.616692868500850011e+01 1.416726425507492948e-01 2.222754441791494756e-02
4.120443498711833286e+01 8.855896734980395202e-02 2.077644066019359789e-02
4.694358974726586098e+01 5.887542027678183132e-02 1.990345145105448105e-02
