1.069642439726958605e+00 -1.169288698398856408e+00 nan
1.218627458003121777e+00 -9.996370086240204955e-01 9.262479753001495036e-03
1.388363836590320144e+00 -2.829141974974465068e-01 3.494821273363554193e-01
1.581741926207981042e+00 4.035222986549915625e-01 3.983547986671424068e-01
1.802054659727066133e+00 2.436962431157252862e+00 5.136161608208282825e-01
2.053053625776520175e+00 4.933943205380165509e+00 5.556994372768710999e-01
2.339012952555230562e+00 6.892281717507337646e+00 5.286403584668640798e-01
2.664802089693036891e+00 7.761677703862245536e+00 4.666621394962935931e-01
3.035968727524477995e+00 7.877406791503039685e+00 3.919087598188895627e-01
3.458833265763586962e+00 6.872189903403361555e+00 3.069261703439714051e-01
3.940596440236666886e+00 6.068840716637518007e+00 2.423230825982288505e-01
4.489461940391565875e+00 4.808369047274931418e+00 1.825581543444610988e-01
5.114776105571953835e+00 3.941787386352623379e+00 1.407796706197406711e-01
5.827187078870319503e+00 3.312491292816454269e+00 1.107143267881989246e-01
6.638826128706195817e+00 2.572588464461847302e+00 8.466509817455633580e-02
7.563514225758552811e+00 2.088157360431174503e+00 6.686696723970754486e-02
8.616997392941321721e+00 1.655125428543381627e+00 5.291638086767069815e-02
9.817214836071872952e+00 1.313086214933804730e+00 4.251735322082809271e-02
1.118460442108735009e+01 1.043020223089731413e+00 3.478499703997026821e-02
1.274245069961824761e+01 8.155281061910315543e-01 2.882936665959376366e-02
1.451728140926205768e+01 6.531575846335544444e-01 2.460475579830432788e-02
1.653931920034971981e+01 4.866730178118121586e-01 2.100083270888631823e-02
1.884299628142029093e+01 3.673109658423301394e-01 1.843642974272558313e-02
2.146754074702852577e+01 2.836705942341921638e-01 1.664503130235122502e-02
2.445764457215044274e+01 2.026766301983820018e-01 1.513276068053820075e-02
2.786422464810916466e+01 1.590870589664894474e-01 1.422945788630181757e-02
3.174528981929791982e+01 1.132955657666170346e-01 1.342498835190549487e-02
3.616692868500850011e+01 7.767801049624134535e-02 1.282482295054661672e-02
4.120443498711833286e+01 5.295487387614117303e-02 1.241006343510636482e-02
4.694358974726586098e+01 3.904728513107369459e-02 1.216142415115900252e-02
