1.069642439726958605e+00 -2.060699860329923361e+00 nan
1.218627458003121777e+00 -1.783530437626028586e-01 1.824256991712103115e+01
1.388363836590320144e+00 -1.546094001460186274e+00 nan
1.581741926207981042e+00 -8.289624370132844255e-01 5.751892709752968180e+00
1.802054659727066133e+00 -6.166578114938969790e-01 7.079696735256888473e+00
2.053053625776520175e+00 -6.608845892944512634e-01 5.457511756621516774e+00
2.339012952555230562e+00 -7.131067530393115916e-01 4.110185764126695673e+00
2.664802089693036891e+00 -9.784489116290657762e-01 9.353916968067305104e-01
3.035968727524477995e+00 -1.069781049901707526e+00 nan
3.458833265763586962e+00 5.645710587046295359e+00 1.116319336359947023e+01
3.940596440236666886e+00 3.105743807470685791e+00 7.206465593437240358e+00
4.489461940391565875e+00 1.620142651766010289e+01 1.216642612015577285e+01
5.114776105571953835e+00 4.833093564782082296e+00 5.806412865933714862e+00
5.827187078870319503e+00 9.405389850408589325e+00 6.408168457205768220e+00
6.638826128706195817e+00 1.734670440995397556e+01 7.072061267818689601e+00
7.563514225758552811e+00 7.860571330267480228e+00 4.023396198560515558e+00
8.616997392941321721e+00 9.812256065185623655e+00 3.694452953793541106e+00
9.817214836071872952e+00 7.437864822887985561e+00 2.692494439002266038e+00
1.118460442108735009e+01 6.166692306922183064e+00 2.055103306764240134e+00
1.274245069961824761e+01 2.607676224002518861e+00 1.187839672044889827e+00
1.451728140926205768e+01 2.918438517703122681e+00 1.033934063202944342e+00
1.653931920034971981e+01 2.854023058857076300e+00 8.583764436837243439e-01
1.884299628142029093e+01 2.182689387384496804e+00 6.488637740954541488e-01
2.146754074702852577e+01 1.446492920061225540e+00 4.721932558565548610e-01
2.445764457215044274e+01 7.449210418206220208e-01 3.293108778773542467e-01
2.786422464810916466e+01 7.014873309678282265e-01 2.763683511954461713e-01
3.174528981929791982e+01 3.928879283194035565e-01 2.100785168124614244e-01
3.616692868500850011e+01 3.599345052775677622e-01 1.796332040009342990e-01
4.120443498711833286e+01 2.779232277293797182e-01 1.517129506285422591e-01
4.694358974726586098e+01 1.506479236588018633e-01 1.258097332416800440e-01
