1.069642439726958605e+00 -7.917693202199576064e-01 4.244137236911861066e+00
1.218627458003121777e+00 -1.172937996187007226e+00 nan
1.388363836590320144e+00 -1.608397857087228822e+00 nan
1.581741926207981042e+00 -1.322586484312147981e+00 nan
1.802054659727066133e+00 -9.039548354739206371e-01 1.244532222790575737e+00
2.053053625776520175e+00 -9.745192966261602141e-01 5.253769927890902247e-01
2.339012952555230562e+00 -1.226377241347356595e+00 nan
2.664802089693036891e+00 -1.240352681650388256e+00 nan
3.035968727524477995e+00 1.217775764568339358e+00 2.750783524467819596e+00
3.458833265763586962e+00 2.126960052313333627e+00 2.690114282691827174e+00
3.940596440236666886e+00 4.245917997389791587e+00 2.867511511599178942e+00
4.489461940391565875e+00 1.215437930208012673e+01 3.760593284536080105e+00
5.114776105571953835e+00 1.076836424962149508e+01 2.934319397195340962e+00
5.827187078870319503e+00 9.104260462968378320e+00 2.245905122872953630e+00
6.638826128706195817e+00 8.088209344368888054e+00 1.761281608049793057e+00
7.563514225758552811e+00 5.798772058336799873e+00 1.257130221918792534e+00
8.616997392941321721e+00 5.905924271472271059e+00 1.056735785930600580e+00
9.817214836071872952e+00 4.205949916888559237e+00 7.577655731892796176e-01
1.118460442108735009e+01 3.233421922006532334e+00 5.672212503257848537e-01
1.274245069961824761e+01 2.358710485575670646e+00 4.190246326264500110e-01
1.451728140926205768e+01 2.062834952690425716e+00 3.362089697191947835e-01
1.653931920034971981e+01 1.375329351999612371e+00 2.463670700600516794e-01
1.884299628142029093e+01 1.128656361825698839e+00 1.971962056070513114e-01
2.146754074702852577e+01 7.533538072636551952e-01 1.507858159668936660e-01
2.445764457215044274e+01 5.774301062558491182e-01 1.225961578997174783e-01
2.786422464810916466e+01 4.239847281206512442e-01 1.007795755383112390e-01
3.174528981929791982e+01 3.430281124732130760e-01 8.638728049618443761e-02
3.616692868500850011e+01 1.468487090979468945e-01 6.955845205714415724e-02
4.120443498711833286e+01 1.632032229340250051e-01 6.471975019128063666e-02
4.694358974726586098e+01 1.921742420208327751e-02 5.422020440102183481e-02
