1.069642439726958605e+00 -1.387286648260856126e+00 nan
1.218627458003121777e+00 -9.214100493428363237e-01 2.078577846848908006e-01
1.388363836590320144e+00 -1.079726277099612997e+00 nan
1.581741926207981042e+00 -4.352127719158496166e-01 3.851558807002986029e-01
1.802054659727066133e+00 4.003895006220601349e-01 4.989127676653620225e-01
2.053053625776520175e+00 3.001254321765235655e+00 6.929809894669497483e-01
2.339012952555230562e+00 5.573114500448913766e+00 7.308098767138770935e-01
2.664802089693036891e+00 7.102301834247005452e+00 6.780645338019430923e-01
3.035968727524477995e+00 7.423066476899457200e+00 5.746578585192829713e-01
3.458833265763586962e+00 8.292819403622615937e+00 5.035317891638186882e-01
3.940596440236666886e+00 7.217299061696732743e+00 3.930674722455434478e-01
4.489461940391565875e+00 5.989160600285195812e+00 3.010470540978643639e-01
5.114776105571953835e+00 4.917353064120597139e+00 2.307732809595456902e-01
5.827187078870319503e+00 3.901970836943406074e+00 1.753403684397414342e-01
6.638826128706195817e+00 3.131112719582592963e+00 1.348209680780526332e-01
7.563514225758552811e+00 2.387338865148558309e+00 1.024684511008503579e-01
8.616997392941321721e+00 1.976890194722718652e+00 8.158121801919886174e-02
9.817214836071872952e+00 1.585050042413388205e+00 6.484898041331885188e-02
1.118460442108735009e+01 1.223347099725836662e+00 5.158319802570840440e-02
1.274245069961824761e+01 9.693732287788545676e-01 4.216664617840317625e-02
1.451728140926205768e+01 7.646570144676285707e-01 3.510881576120997855e-02
1.653931920034971981e+01 5.908813588670669414e-01 2.966024435898339390e-02
1.884299628142029093e+01 4.593049837176352845e-01 2.566584261188081112e-02
2.146754074702852577e+01 3.369877607061528835e-01 2.242916371278052060e-02
2.445764457215044274e+01 2.632393018612715352e-01 2.033119445249455259e-02
2.786422464810916466e+01 1.953571227962891399e-01 1.863044011088865054e-02
3.174528981929791982e+01 1.373272682553061674e-01 1.729474836664776985e-02
3.616692868500850011e+01 1.018525179323892527e-01 1.643874137816429826e-02
4.120443498711833286e+01 6.782229187085819788e-02 1.571284829669332417e-02
4.694358974726586098e+01 4.416376688858503208e-02 1.521118956452300990e-02
