1.069642439726958605e+00 -1.285544314912652197e+00 nan
1.218627458003121777e+00 -6.985385629765177296e-01 4.057378626613545869e-01
1.388363836590320144e+00 -9.791888088636078180e-01 9.046802670275957969e-02
1.581741926207981042e+00 -4.582581806836625304e-01 3.759375304365136783e-01
1.802054659727066133e+00 3.105394927202125288e-01 4.809867040466433985e-01
2.053053625776520175e+00 2.254391747769325605e+00 6.224683461174432830e-01
2.339012952555230562e+00 5.040213142615445285e+00 6.977443511697927203e-01
2.664802089693036891e+00 7.403052846365048012e+00 6.886037714334485305e-01
3.035968727524477995e+00 7.815008606361231180e+00 5.865260866912627158e-01
3.458833265763586962e+00 8.424725259588541348e+00 5.056854934520539357e-01
3.940596440236666886e+00 7.352836021502023200e+00 3.953042954362878669e-01
4.489461940391565875e+00 6.120302188131044652e+00 3.031979062327442853e-01
5.114776105571953835e+00 4.761716673646614773e+00 2.266003456423507645e-01
5.827187078870319503e+00 4.020848749010072609e+00 1.772414069928979208e-01
6.638826128706195817e+00 3.216356471764639124e+00 1.360549821910941037e-01
7.563514225758552811e+00 2.587764136462069153e+00 1.058273246912084381e-01
8.616997392941321721e+00 2.053385232789847858e+00 8.266670802636255644e-02
9.817214836071872952e+00 1.604556021151522849e+00 6.498744719822521776e-02
1.118460442108735009e+01 1.282784686246890349e+00 5.238673926626059157e-02
1.274245069961824761e+01 9.744997263483594629e-01 4.213450825245447506e-02
1.451728140926205768e+01 7.646191728427702561e-01 3.501989189473270897e-02
1.653931920034971981e+01 5.902283022978633831e-01 2.957954108314209477e-02
1.884299628142029093e+01 4.514121221975457843e-01 2.549279158594323219e-02
2.146754074702852577e+01 3.449701635626583052e-01 2.249553494727953018e-02
2.445764457215044274e+01 2.553138938458261453e-01 2.017584939588383877e-02
2.786422464810916466e+01 1.874858975627495816e-01 1.848139145941947795e-02
3.174528981929791982e+01 1.374231999983721586e-01 1.726322865415386848e-02
3.616692868500850011e+01 9.440090720837712723e-02 1.630243591817542165e-02
4.120443498711833286e+01 7.177483282937036080e-02 1.574073917141901799e-02
4.694358974726586098e+01 4.668358368663838576e-02 1.522009335434751538e-02
