1.069642439726958605e+00 -5.289491521968472387e-01 1.815954243947261304e+01
1.218627458003121777e+00 -1.060230304546491364e+00 nan
1.388363836590320144e+00 -9.078226104762883164e-01 5.180773805472675519e+00
1.581741926207981042e+00 -6.867276887871853752e-01 7.777304715321669448e+00
1.802054659727066133e+00 -6.151780331767402465e-01 7.086854123163312202e+00
2.053053625776520175e+00 -4.678992139391848770e-01 6.830031392254830358e+00
2.339012952555230562e+00 -1.182211832221117476e+00 nan
2.664802089693036891e+00 -1.212654448966623111e+00 nan
3.035968727524477995e+00 -6.262020154485330448e-01 3.210803221335240654e+00
3.458833265763586962e+00 -1.257524264500239131e+00 nan
3.940596440236666886e+00 3.054089960650971936e+00 7.154359584317178999e+00
4.489461940391565875e+00 1.304339413415456050e+01 1.097191211004227895e+01
5.114776105571953835e+00 6.699158928479130637e+00 6.670659654916311965e+00
5.827187078870319503e+00 1.063421465258925380e+01 6.775635855046011180e+00
6.638826128706195817e+00 1.647389431132199178e+01 6.889513366932889404e+00
7.563514225758552811e+00 1.436086663841951250e+01 5.344254227686612069e+00
8.616997392941321721e+00 8.617160956530550919e+00 3.472106164984508414e+00
9.817214836071872952e+00 8.232039419324697960e+00 2.820991863384373133e+00
1.118460442108735009e+01 5.749918030468982977e+00 1.988806304556054005e+00
1.274245069961824761e+01 4.022417330033590588e+00 1.414138476264036104e+00
1.451728140926205768e+01 2.749703208963087508e+00 1.008817335048640906e+00
1.653931920034971981e+01 2.161422858292034732e+00 7.689791796629077414e-01
1.884299628142029093e+01 1.797517722228655801e+00 6.029271997970060415e-01
2.146754074702852577e+01 8.216710212200328822e-01 3.993612693360509280e-01
2.445764457215044274e+01 1.018052407754759026e+00 3.581003928456975571e-01
2.786422464810916466e+01 8.236733636523141389e-01 2.880172129105118550e-01
3.174528981929791982e+01 7.432777296723913629e-01 2.418691565301052393e-01
3.616692868500850011e+01 3.430170751558683229e-01 1.780245999942297319e-01
4.120443498711833286e+01 1.330928318696622537e-01 1.395597467929524105e-01
4.694358974726586098e+01 1.677022141333477379e-01 1.270803391795556347e-01
