1.069642439726958605e+00 -1.359487845310923149e+00 nan
1.218627458003121777e+00 -7.735236765917945512e-01 3.515219331157309890e-01
1.388363836590320144e+00 -8.863216362406329818e-01 2.113553738075479582e-01
1.581741926207981042e+00 -7.494389512064068004e-01 2.555316785327395590e-01
1.802054659727066133e+00 2.191616221162147049e-01 4.636961318577295654e-01
2.053053625776520175e+00 2.300904677987291258e+00 6.266627302169940350e-01
2.339012952555230562e+00 5.386960565783715182e+00 7.175045558880098762e-01
2.664802089693036891e+00 6.501437824025106060e+00 6.492940013887635864e-01
3.035968727524477995e+00 8.152225877002116761e+00 5.979150529537268222e-01
3.458833265763586962e+00 8.037703817199465917e+00 4.942794357770674551e-01
3.940596440236666886e+00 6.887780117119911338e+00 3.830228438473358143e-01
4.489461940391565875e+00 5.972342292654671425e+00 2.995647683634737324e-01
5.114776105571953835e+00 4.891134445496943428e+00 2.293766938870437089e-01
5.827187078870319503e+00 4.120411428398927711e+00 1.792082169636971256e-01
6.638826128706195817e+00 3.163758774071870228e+00 1.349887737837577872e-01
7.563514225758552811e+00 2.620343247286216037e+00 1.063791478047494132e-01
8.616997392941321721e+00 2.044629206701563895e+00 8.248556613870104692e-02
9.817214836071872952e+00 1.600142286139800696e+00 6.489164570627212192e-02
1.118460442108735009e+01 1.273570806462774874e+00 5.222268538869691973e-02
1.274245069961824761e+01 9.992666946392729788e-01 4.250177665426314172e-02
1.451728140926205768e+01 7.830405774062436652e-01 3.528524961118093689e-02
1.653931920034971981e+01 5.772097467188188613e-01 2.937901082592443355e-02
1.884299628142029093e+01 4.378892447389446385e-01 2.528911874703328871e-02
2.146754074702852577e+01 3.420238375596482694e-01 2.244707751938423285e-02
2.445764457215044274e+01 2.596568686878735210e-01 2.023284259264833060e-02
2.786422464810916466e+01 1.981274307571172510e-01 1.862864833027703601e-02
3.174528981929791982e+01 1.391082972379384941e-01 1.728314044171536459e-02
3.616692868500850011e+01 9.368647853133915682e-02 1.628853959676133598e-02
4.120443498711833286e+01 6.492103233205970270e-02 1.563980373857951425e-02
4.694358974726586098e+01 4.197188171441545990e-02 1.514979947190500664e-02
