1.069642439726958605e+00 -1.062159047437541304e+00 nan
1.218627458003121777e+00 -9.595393583887934508e-01 1.487389603989099363e-01
1.388363836590320144e+00 -9.974362626972894663e-01 3.177466900546480760e-02
1.581741926207981042e+00 -8.630383479923047219e-01 1.891257274223041018e-01
1.802054659727066133e+00 6.850629646115140581e-01 5.458941466490102590e-01
2.053053625776520175e+00 3.387970669983256577e+00 7.239852844499768958e-01
2.339012952555230562e+00 4.393666149696390022e+00 6.592618320210786864e-01
2.664802089693036891e+00 6.516461855417057691e+00 6.506738446147458665e-01
3.035968727524477995e+00 7.863601049205338533e+00 5.886110796061754247e-01
3.458833265763586962e+00 7.935619102008885761e+00 4.918203157813613724e-01
3.940596440236666886e+00 7.382468931635481901e+00 3.963292016922836392e-01
4.489461940391565875e+00 6.101724925304548464e+00 3.029555020990788994e-01
5.114776105571953835e+00 4.864493226454939645e+00 2.290259199346134367e-01
5.827187078870319503e+00 3.937580651322247327e+00 1.756407434083843422e-01
6.638826128706195817e+00 3.205989502943225489e+00 1.359399225049994497e-01
7.563514225758552811e+00 2.455990406840903084e+00 1.034855133749687239e-01
8.616997392941321721e+00 1.984226253395022121e+00 8.151845857752401669e-02
9.817214836071872952e+00 1.607851022998578294e+00 6.507948689168149836e-02
1.118460442108735009e+01 1.264770833239372561e+00 5.212975551686076237e-02
1.274245069961824761e+01 1.004232455122516354e+00 4.261484829623975873e-02
1.451728140926205768e+01 7.836191051074981040e-01 3.532303215979116368e-02
1.653931920034971981e+01 6.121778447191175143e-01 2.991725403973667999e-02
1.884299628142029093e+01 4.576935148424292610e-01 2.559591809900228082e-02
2.146754074702852577e+01 3.540594121043869613e-01 2.263636122583133001e-02
2.445764457215044274e+01 2.846465074551758345e-01 2.060435612897684385e-02
2.786422464810916466e+01 2.051869290980203875e-01 1.874145245032563661e-02
3.174528981929791982e+01 1.429331375362736800e-01 1.734840635001103776e-02
3.616692868500850011e+01 1.096459377394740642e-01 1.652548983247133577e-02
4.120443498711833286e+01 7.688267222173972293e-02 1.581915742271065156e-02
4.694358974726586098e+01 4.789761600985542600e-02 1.524284290438247987e-02
