1.069642439726958605e+00 -2.125120577689533441e+00 nan
1.218627458003121777e+00 -1.105520680745595730e+00 nan
1.388363836590320144e+00 -1.166402870746642506e+00 nan
1.581741926207981042e+00 -8.674579045837229607e-01 5.169991365378947101e+00
1.802054659727066133e+00 -1.233279372071123703e+00 nan
2.053053625776520175e+00 -6.958424033815653331e-01 5.277373353030640146e+00
2.339012952555230562e+00 -8.366219101866498864e-01 3.166968562053363190e+00
2.664802089693036891e+00 -1.472349844847831601e+00 nan
3.035968727524477995e+00 -1.051791453738375903e+00 nan
3.458833265763586962e+00 -1.307151785749776085e+00 nan
3.940596440236666886e+00 3.053019951290988576e+00 7.310566476962307547e+00
4.489461940391565875e+00 7.850252405215475626e+00 8.886275381058155176e+00
5.114776105571953835e+00 4.930639551327457681e+00 5.977949223764731812e+00
5.827187078870319503e+00 1.254024258850276397e+01 7.478734173498269300e+00
6.638826128706195817e+00 9.988256767784921664e+00 5.545395919212188218e+00
7.563514225758552811e+00 1.191844899723862383e+01 4.988597315806968524e+00
8.616997392941321721e+00 6.132330787136618611e+00 3.038131776979601906e+00
9.817214836071872952e+00 7.453383477830108461e+00 2.750307073294816274e+00
1.118460442108735009e+01 4.758197272187609350e+00 1.867454305008907633e+00
1.274245069961824761e+01 2.739633621846163436e+00 1.235304428248184649e+00
1.451728140926205768e+01 2.076009765309845712e+00 9.267833941434672207e-01
1.653931920034971981e+01 1.652502253247780661e+00 7.138517456709557729e-01
1.884299628142029093e+01 2.485728282322839711e+00 6.966700013895478216e-01
2.146754074702852577e+01 1.503097056248721142e+00 4.877530737179305853e-01
2.445764457215044274e+01 9.642916656769868755e-01 3.595652190178829644e-01
2.786422464810916466e+01 7.450173427268143023e-01 2.859054328932527644e-01
3.174528981929791982e+01 4.032574504562176365e-01 2.149510789407782230e-01
3.616692868500850011e+01 3.631285880476951000e-01 1.830994249019119446e-01
4.120443498711833286e+01 1.405535783461664412e-01 1.427061430155788235e-01
4.694358974726586098e+01 1.740630192480707716e-01 1.297381181346617396e-01
