1.069642439726958605e+00 -1.837158299405614592e+00 nan
1.218627458003121777e+00 -1.764860937596002266e+00 nan
1.388363836590320144e+00 -8.438572204045868830e-01 2.345696486438482165e+00
1.581741926207981042e+00 -1.445262738853502871e+00 nan
1.802054659727066133e+00 -1.280932148481558563e+00 nan
2.053053625776520175e+00 -7.986440209015970293e-01 1.461623865101530306e+00
2.339012952555230562e+00 -9.949100860372830368e-01 1.902743150580845088e-01
2.664802089693036891e+00 -1.052929923988140448e+00 nan
3.035968727524477995e+00 -1.025719326666987286e+00 nan
3.458833265763586962e+00 1.263948182924096164e+00 2.264497375457607653e+00
3.940596440236666886e+00 9.176204638710025563e+00 3.964711329910997062e+00
4.489461940391565875e+00 9.296760840898347311e+00 3.284562534267302158e+00
5.114776105571953835e+00 1.195810256136138783e+01 3.052525508607022431e+00
5.827187078870319503e+00 1.119643786997292523e+01 2.452410328826803987e+00
6.638826128706195817e+00 9.482995215394311117e+00 1.879981568267772518e+00
7.563514225758552811e+00 6.618035446224157070e+00 1.321852696819520334e+00
8.616997392941321721e+00 4.383497340303484258e+00 9.152373871655883342e-01
9.817214836071872952e+00 4.731525243366607292e+00 7.908889573988109323e-01
1.118460442108735009e+01 3.174572550710274665e+00 5.573269922393291331e-01
1.274245069961824761e+01 2.322190570099955664e+00 4.124131258013609691e-01
1.451728140926205768e+01 1.858509461316047329e+00 3.199689121708771955e-01
1.653931920034971981e+01 1.385712955903239951e+00 2.446752411648677739e-01
1.884299628142029093e+01 1.099808800902903450e+00 1.937576009376263120e-01
2.146754074702852577e+01 6.571607657950444548e-01 1.442196209977579802e-01
2.445764457215044274e+01 5.897775331712553637e-01 1.221581561248655801e-01
2.786422464810916466e+01 5.313778096795567230e-01 1.051424689528837331e-01
3.174528981929791982e+01 4.157719768245522474e-01 8.910308500329551518e-02
3.616692868500850011e+01 3.133448533472980024e-01 7.664408076423463723e-02
4.120443498711833286e+01 2.023471779152008487e-01 6.601538011224239444e-02
4.694358974726586098e+01 6.846829301663426293e-02 5.604027706507766493e-02
