1.069642439726958605e+00 -1.099122775714804323e+00 nan
1.218627458003121777e+00 -1.424453057996005523e+00 nan
1.388363836590320144e+00 -1.401011437993381126e+00 nan
1.581741926207981042e+00 -1.749941093308199580e+00 nan
1.802054659727066133e+00 -9.566247172429878098e-01 2.449912690792776182e+00
2.053053625776520175e+00 -7.743456568115028027e-01 4.579861603045300988e+00
2.339012952555230562e+00 -8.504701432512054016e-01 3.052625966547714231e+00
2.664802089693036891e+00 -1.065700270357906376e+00 nan
3.035968727524477995e+00 -1.356678768155334058e+00 nan
3.458833265763586962e+00 -1.198518138478942507e+00 nan
3.940596440236666886e+00 -1.021774934617716735e+00 nan
4.489461940391565875e+00 1.399318490975257312e+01 1.167546521856610653e+01
5.114776105571953835e+00 7.110927061388584214e+00 7.050632634460918702e+00
5.827187078870319503e+00 1.534894985943711454e+01 8.294955244035163489e+00
6.638826128706195817e+00 1.469318708735417545e+01 6.707729347280738885e+00
7.563514225758552811e+00 1.031856821212697817e+01 4.693141508313118493e+00
8.616997392941321721e+00 7.026970192902789236e+00 3.253226564094082729e+00
9.817214836071872952e+00 6.813286999361380936e+00 2.658228175262969284e+00
1.118460442108735009e+01 4.837515897949085542e+00 1.894765612575115332e+00
1.274245069961824761e+01 3.701072137728535605e+00 1.404332850291602819e+00
1.451728140926205768e+01 2.434859179784319316e+00 9.900363393214988150e-01
1.653931920034971981e+01 2.659534517253579367e+00 8.568084394133402837e-01
1.884299628142029093e+01 1.697811957695787521e+00 6.073763741192961252e-01
2.146754074702852577e+01 9.091603330091309054e-01 4.214075441172263625e-01
2.445764457215044274e+01 1.532437060421032005e+00 4.208677022176430249e-01
2.786422464810916466e+01 8.236808665975141608e-01 2.956275728262695024e-01
3.174528981929791982e+01 5.919118975952464279e-01 2.341202260166337368e-01
3.616692868500850011e+01 3.270314927819539808e-01 1.810627168195479975e-01
4.120443498711833286e+01 1.658370727359803620e-01 1.457450840464218078e-01
4.694358974726586098e+01 1.193078306793160515e-02 1.172549937490917765e-01
