1.069642439726958605e+00 -2.106233284565421915e+00 nan
1.218627458003121777e+00 -1.958831680770627415e-01 1.831545406667643050e+01
1.388363836590320144e+00 -1.368640758448142591e+00 nan
1.581741926207981042e+00 -9.989539748953975007e-01 4.565095184021284447e-01
1.802054659727066133e+00 -2.088392487207527903e+00 nan
2.053053625776520175e+00 -1.009745785704741827e+00 nan
2.339012952555230562e+00 -1.347099607877500382e+00 nan
2.664802089693036891e+00 -9.179767434898034040e-01 1.852012693248216380e+00
3.035968727524477995e+00 -5.295432803670321320e-01 3.659076722297783579e+00
3.458833265763586962e+00 -1.196506506784041690e+00 nan
3.940596440236666886e+00 -1.143639938367121189e+00 nan
4.489461940391565875e+00 1.649621929848968804e+01 1.245297174719324573e+01
5.114776105571953835e+00 1.286194603860470842e+01 9.117914394945614731e+00
5.827187078870319503e+00 1.489334596891863782e+01 8.066977259881118911e+00
6.638826128706195817e+00 1.971658113184862060e+01 7.642643860329448202e+00
7.563514225758552811e+00 9.866790671728706386e+00 4.534513813425845363e+00
8.616997392941321721e+00 9.750718508746169633e+00 3.736957502281533561e+00
9.817214836071872952e+00 7.333456827514376997e+00 2.713631384411333780e+00
1.118460442108735009e+01 5.224408039843025264e+00 1.934347328852270786e+00
1.274245069961824761e+01 3.167443973128558632e+00 1.300200546253305056e+00
1.451728140926205768e+01 3.862450172892868405e+00 1.179135931134423387e+00
1.653931920034971981e+01 1.960301756083303371e+00 7.531335312072600097e-01
1.884299628142029093e+01 1.825753913863764399e+00 6.153377921267860762e-01
2.146754074702852577e+01 1.607262055053069183e+00 4.965396180744299781e-01
2.445764457215044274e+01 9.029806327871812144e-01 3.510230517097533975e-01
2.786422464810916466e+01 7.458034277214007357e-01 2.844352744373465081e-01
3.174528981929791982e+01 3.769327617374631512e-01 2.113141615754900171e-01
3.616692868500850011e+01 3.361704026731833217e-01 1.797964181495304847e-01
4.120443498711833286e+01 2.998884969541921741e-01 1.553568327567101948e-01
4.694358974726586098e+01 1.559805522748001216e-01 1.276798535594296791e-01
