1.069642439726958605e+00 -1.336479103407210545e+00 nan
1.218627458003121777e+00 -8.350451443145709973e-01 2.994493277402797693e-01
1.388363836590320144e+00 -9.608551921222230341e-01 1.237963525966901263e-01
1.581741926207981042e+00 -8.046850685817208415e-01 2.251910594835186408e-01
1.802054659727066133e+00 2.998344709363143235e-01 4.779386731367128438e-01
2.053053625776520175e+00 2.495518345877345556e+00 6.438013415122375571e-01
2.339012952555230562e+00 4.632773999846030222e+00 6.719525828383074995e-01
2.664802089693036891e+00 7.553984972228664496e+00 6.934087987557985278e-01
3.035968727524477995e+00 7.471643071066339736e+00 5.732146754557343460e-01
3.458833265763586962e+00 7.923554354839132507e+00 4.900704683225634573e-01
3.940596440236666886e+00 6.767862885280022667e+00 3.791871574817987089e-01
4.489461940391565875e+00 5.940859894176037770e+00 2.982969604711439016e-01
5.114776105571953835e+00 5.184810916133669068e+00 2.354014262755012576e-01
5.827187078870319503e+00 3.805536942955578539e+00 1.724377148191739983e-01
6.638826128706195817e+00 3.066126767690382504e+00 1.328755874655033475e-01
7.563514225758552811e+00 2.528459127637893822e+00 1.045389539219939157e-01
8.616997392941321721e+00 1.983433734695373207e+00 8.129768364581525797e-02
9.817214836071872952e+00 1.551680919497875788e+00 6.399118992226482394e-02
1.118460442108735009e+01 1.263908681808792345e+00 5.199213248516016544e-02
1.274245069961824761e+01 9.964612130670349455e-01 4.239828132099334596e-02
1.451728140926205768e+01 7.598864926424238053e-01 3.489035754752289886e-02
1.653931920034971981e+01 5.843595082411410235e-01 2.944608257592945533e-02
1.884299628142029093e+01 4.512365807441542920e-01 2.545165902389781576e-02
2.146754074702852577e+01 3.486882402144959592e-01 2.251665395074772813e-02
2.445764457215044274e+01 2.460249266724805484e-01 2.001535571533929331e-02
2.786422464810916466e+01 1.839835556821713958e-01 1.840722440293779752e-02
3.174528981929791982e+01 1.340998223121483424e-01 1.719413638819438164e-02
3.616692868500850011e+01 9.421780117992617498e-02 1.627983768459040706e-02
4.120443498711833286e+01 6.282433510102269913e-02 1.559479537183831345e-02
4.694358974726586098e+01 4.354211597719470639e-02 1.515759626967048274e-02
