1.069642439726958605e+00 -1.303430140324361552e+00 nan
1.218627458003121777e+00 -7.879198786530414722e-01 2.249635920428067204e-01
1.388363836590320144e+00 -6.490863804237483325e-01 2.456035574492162754e-01
1.581741926207981042e+00 6.728050108119816297e-01 4.370258703695935054e-01
1.802054659727066133e+00 2.483776225071633981e+00 5.195714076108262081e-01
2.053053625776520175e+00 4.625121496594323034e+00 5.433825358954615936e-01
2.339012952555230562e+00 6.918601944591945774e+00 5.320245385520327996e-01
2.664802089693036891e+00 7.343497982443409455e+00 4.569921986928268121e-01
3.035968727524477995e+00 7.625563258016658352e+00 3.877079822747481752e-01
3.458833265763586962e+00 7.323879451085678838e+00 3.178322880160753261e-01
3.940596440236666886e+00 6.195045084236310728e+00 2.458186049792618899e-01
4.489461940391565875e+00 5.068963880026818636e+00 1.879972221081196437e-01
5.114776105571953835e+00 3.946038935481564369e+00 1.414641942752742909e-01
5.827187078870319503e+00 3.220528625366867459e+00 1.097594776068714501e-01
6.638826128706195817e+00 2.644085871412773958e+00 8.606833830721495604e-02
7.563514225758552811e+00 2.088038519653658831e+00 6.713784556660246094e-02
8.616997392941321721e+00 1.627757958841958841e+00 5.276025709089615656e-02
9.817214836071872952e+00 1.348775072781114748e+00 4.313739985893937784e-02
1.118460442108735009e+01 1.030051942787297836e+00 3.475082368893057244e-02
1.274245069961824761e+01 8.224449697826614614e-01 2.901424999998035784e-02
1.451728140926205768e+01 6.305325005750044287e-01 2.441642209652748752e-02
1.653931920034971981e+01 5.076855381565039682e-01 2.131510664713209824e-02
1.884299628142029093e+01 3.897456709272857367e-01 1.875432010021821361e-02
2.146754074702852577e+01 2.977807894862816163e-01 1.685695841855319385e-02
2.445764457215044274e+01 2.256913753281712953e-01 1.544133294307925737e-02
2.786422464810916466e+01 1.656216242008288209e-01 1.434286171536986593e-02
3.174528981929791982e+01 1.247615728489694931e-01 1.359218465512692861e-02
3.616692868500850011e+01 8.818823709817857903e-02 1.297861088145032746e-02
4.120443498711833286e+01 6.268470997824526769e-02 1.255321640865327860e-02
4.694358974726586098e+01 4.325422770248188442e-02 1.223975134483890233e-02
