1.069642439726958605e+00 -2.664829538136777476e+00 nan
1.218627458003121777e+00 -1.116409598229470390e+00 nan
1.388363836590320144e+00 -1.830888640786656918e+00 nan
1.581741926207981042e+00 -1.310296191819463996e+00 nan
1.802054659727066133e+00 -1.830436573805805711e+00 nan
2.053053625776520175e+00 -9.012986997660810129e-01 3.021815314429747268e+00
2.339012952555230562e+00 -8.021649473116769791e-01 3.502997819841768834e+00
2.664802089693036891e+00 -1.030537834549247744e+00 nan
3.035968727524477995e+00 -1.144898605179291984e+00 nan
3.458833265763586962e+00 -9.837942844622189487e-01 5.652209558929216504e-01
3.940596440236666886e+00 -9.416195877641535539e-01 8.811836197692730632e-01
4.489461940391565875e+00 5.051558988111358950e+00 7.379542124829006511e+00
5.114776105571953835e+00 9.104280930786186943e+00 7.858270483389653727e+00
5.827187078870319503e+00 1.270505672513060169e+01 7.563517946074451714e+00
6.638826128706195817e+00 1.468872707407708234e+01 6.691221203949337948e+00
7.563514225758552811e+00 1.644355523012672649e+01 5.864346757250510578e+00
8.616997392941321721e+00 9.080604196138647666e+00 3.653302485400501620e+00
9.817214836071872952e+00 6.417804151980026184e+00 2.580933671025200660e+00
1.118460442108735009e+01 4.981245181804814237e+00 1.914828192625748216e+00
1.274245069961824761e+01 3.842288580766489492e+00 1.423380129806087968e+00
1.451728140926205768e+01 2.729702998859032004e+00 1.032319542152138725e+00
1.653931920034971981e+01 2.262271600318815246e+00 8.026211691763667222e-01
1.884299628142029093e+01 1.466266481053864368e+00 5.766510277132886886e-01
2.146754074702852577e+01 1.509804901100396224e+00 4.908425744497004750e-01
2.445764457215044274e+01 1.206314171501666088e+00 3.867933072902575709e-01
2.786422464810916466e+01 6.183136973735983144e-01 2.745064241652160897e-01
3.174528981929791982e+01 6.028486980056440014e-01 2.346537555960598875e-01
3.616692868500850011e+01 2.301853018695259046e-01 1.720404830943617902e-01
4.120443498711833286e+01 7.402353451071053136e-02 1.376123071790052721e-01
4.694358974726586098e+01 1.923600070729731826e-01 1.317339095067052435e-01
