1.069642439726958605e+00 -1.038536671680565959e+00 nan
1.218627458003121777e+00 -8.465562207629790947e-01 1.908984052655403607e-01
1.388363836590320144e+00 -7.956454430854853488e-01 1.869711309509073105e-01
1.581741926207981042e+00 -2.233035811393579984e-01 2.969309881552588126e-01
1.802054659727066133e+00 2.425634214280284251e+00 5.139778221592303797e-01
2.053053625776520175e+00 4.644656973292164537e+00 5.430616608967969716e-01
2.339012952555230562e+00 6.361322334660730604e+00 5.112339789399737988e-01
2.664802089693036891e+00 7.555410322440231141e+00 4.619513438653856108e-01
3.035968727524477995e+00 7.634703087708290425e+00 3.870404855745757655e-01
3.458833265763586962e+00 6.929440862021241543e+00 3.088374955906008079e-01
3.940596440236666886e+00 6.163599574336865672e+00 2.446730646017826472e-01
4.489461940391565875e+00 5.035446519220151629e+00 1.869931386850633426e-01
5.114776105571953835e+00 4.083254594575801200e+00 1.434258851253264744e-01
5.827187078870319503e+00 3.283812840705523151e+00 1.105071906688459976e-01
6.638826128706195817e+00 2.611576479726972266e+00 8.541384192575798839e-02
7.563514225758552811e+00 2.107371241294528907e+00 6.727045856012041358e-02
8.616997392941321721e+00 1.633284406300656633e+00 5.272992574839041602e-02
9.817214836071872952e+00 1.337837363047129191e+00 4.291560827437784081e-02
1.118460442108735009e+01 1.051457298224989678e+00 3.495352236334172552e-02
1.274245069961824761e+01 8.287043989493945162e-01 2.903967750242256868e-02
1.451728140926205768e+01 6.514765086324396659e-01 2.462561638696320401e-02
1.653931920034971981e+01 5.056478474419816571e-01 2.125755327212452972e-02
1.884299628142029093e+01 3.826636612664078285e-01 1.864352775971023571e-02
2.146754074702852577e+01 3.033839520143764013e-01 1.689796292114699797e-02
2.445764457215044274e+01 2.306545726031519195e-01 1.547765727472842114e-02
2.786422464810916466e+01 1.681798766238058462e-01 1.435347314835106088e-02
3.174528981929791982e+01 1.196604555537603698e-01 1.351581395274797578e-02
3.616692868500850011e+01 8.688454576493254145e-02 1.294726902138642124e-02
4.120443498711833286e+01 6.290815165308427659e-02 1.254030725107405271e-02
4.694358974726586098e+01 3.748707140151030792e-02 1.215828842579143483e-02
