1.069642439726958605e+00 -1.371657965713818594e+00 nan
1.218627458003121777e+00 -1.001742676775126295e+00 nan
1.388363836590320144e+00 -5.176177384195028708e-01 4.241859962781748372e+00
1.581741926207981042e+00 -1.062930045871559592e+00 nan
1.802054659727066133e+00 -8.705575913288752243e-01 1.471074738364094969e+00
2.053053625776520175e+00 -9.647340396269890039e-01 6.293189359338258182e-01
2.339012952555230562e+00 -8.992639793320664765e-01 8.709011675959378307e-01
2.664802089693036891e+00 -1.101562569304111339e+00 nan
3.035968727524477995e+00 2.549164884445218604e+00 3.544407857359293867e+00
3.458833265763586962e+00 3.099470179571323758e+00 3.137354044177141255e+00
3.940596440236666886e+00 6.002398591163011332e+00 3.376610926377599409e+00
4.489461940391565875e+00 7.843903421528673370e+00 3.126948642625571928e+00
5.114776105571953835e+00 8.637477493663993755e+00 2.695469807593982026e+00
5.827187078870319503e+00 9.173419272652433065e+00 2.294062737281940212e+00
6.638826128706195817e+00 7.974310569956784889e+00 1.780657334691507554e+00
7.563514225758552811e+00 7.263454868166576262e+00 1.418847781168192324e+00
8.616997392941321721e+00 5.910854587118041792e+00 1.075576017299292308e+00
9.817214836071872952e+00 4.600771794634349376e+00 8.023312192084137706e-01
1.118460442108735009e+01 3.390543197734723790e+00 5.887443914831874681e-01
1.274245069961824761e+01 2.527567562489495323e+00 4.380921054850570040e-01
1.451728140926205768e+01 1.980840919621688734e+00 3.365133315569664996e-01
1.653931920034971981e+01 1.463772687619319335e+00 2.559034480117949872e-01
1.884299628142029093e+01 1.190354846136935763e+00 2.039143090405088066e-01
2.146754074702852577e+01 8.650226318108098500e-01 1.592625807813063399e-01
2.445764457215044274e+01 6.712322667617691696e-01 1.293133545301011489e-01
2.786422464810916466e+01 5.620361100144064537e-01 1.090618615511954187e-01
3.174528981929791982e+01 2.987788166615061858e-01 8.547757989656094846e-02
3.616692868500850011e+01 1.911153904718698726e-01 7.255608092602114367e-02
4.120443498711833286e+01 1.080156773833653716e-01 6.300844277440009744e-02
4.694358974726586098e+01 6.731910595346368709e-02 5.704036256390073584e-02
