1.069642439726958605e+00 -1.161251106291516066e+00 nan
1.218627458003121777e+00 -1.080175234136957929e+00 nan
1.388363836590320144e+00 -9.476953384936821490e-01 1.378925394596490772e+00
1.581741926207981042e+00 -5.895196506550217652e-01 3.145628642470263525e+00
1.802054659727066133e+00 -1.014535492474342604e+00 nan
2.053053625776520175e+00 -9.847383840419838830e-01 4.087024803735879730e-01
2.339012952555230562e+00 -1.177416036031916580e+00 nan
2.664802089693036891e+00 -9.391770868608018130e-01 5.547369128282388928e-01
3.035968727524477995e+00 1.322955687026596827e+00 2.829903215078595213e+00
3.458833265763586962e+00 3.655557641140481984e+00 3.301489343930132048e+00
3.940596440236666886e+00 7.935208630461771939e+00 3.770172253056592648e+00
4.489461940391565875e+00 8.200698064112550867e+00 3.149978869638230261e+00
5.114776105571953835e+00 8.600554787956205871e+00 2.656227263684205475e+00
5.827187078870319503e+00 9.493768474198372331e+00 2.302122957695781125e+00
6.638826128706195817e+00 8.817595062976824494e+00 1.843599121471627855e+00
7.563514225758552811e+00 5.707597972894085103e+00 1.254479977624929576e+00
8.616997392941321721e+00 5.473904960475262982e+00 1.025582854371181796e+00
9.817214836071872952e+00 4.697918852534441747e+00 8.000857667960399322e-01
1.118460442108735009e+01 3.142029638843345296e+00 5.631610815556000738e-01
1.274245069961824761e+01 2.591975529549162438e+00 4.372982252835910244e-01
1.451728140926205768e+01 2.001581723442481753e+00 3.338807854811774445e-01
1.653931920034971981e+01 1.517473730452187475e+00 2.561855207872981155e-01
1.884299628142029093e+01 1.181981563421951931e+00 2.011301698617235789e-01
2.146754074702852577e+01 8.824642935122068987e-01 1.584376130825126960e-01
2.445764457215044274e+01 6.618589218296795362e-01 1.274541979636250044e-01
2.786422464810916466e+01 5.439816620838227035e-01 1.070709173132676911e-01
3.174528981929791982e+01 3.598461304946243278e-01 8.752528634911041494e-02
3.616692868500850011e+01 2.320501989303742629e-01 7.376525285567413215e-02
4.120443498711833286e+01 2.335322952370428862e-01 6.813189396461755143e-02
4.694358974726586098e+01 1.338440300537968586e-01 5.954020887154003877e-02
