1.069642439726958605e+00 -1.496007540628955468e+00 nan
1.218627458003121777e+00 -9.511962954655559521e-01 2.652398458470775489e-01
1.388363836590320144e+00 -7.218473374187073244e-01 5.374146838253633929e-01
1.581741926207981042e+00 -1.157531297835119322e+00 nan
1.802054659727066133e+00 -9.747447821402632773e-01 1.084092299515998642e-01
2.053053625776520175e+00 4.994796041936804265e-01 6.851678635874679513e-01
2.339012952555230562e+00 2.083762971306958089e+00 8.058431500793531432e-01
2.664802089693036891e+00 6.012834515263870472e+00 1.014620662900024284e+00
3.035968727524477995e+00 7.353289296619096582e+00 9.188457081673330196e-01
3.458833265763586962e+00 7.574017273532492212e+00 7.714996687269006781e-01
3.940596440236666886e+00 7.763136854040170398e+00 6.472928528315211594e-01
4.489461940391565875e+00 6.947953909339864786e+00 5.113364833308554624e-01
5.114776105571953835e+00 6.341946583972553952e+00 4.097247331123675673e-01
5.827187078870319503e+00 4.773888907680887250e+00 3.014280318781550339e-01
6.638826128706195817e+00 3.892979985783209695e+00 2.314510518750233226e-01
7.563514225758552811e+00 3.216135034800650327e+00 1.803165422022094955e-01
8.616997392941321721e+00 2.315571703264742265e+00 1.334198331131449811e-01
9.817214836071872952e+00 2.023777567123087096e+00 1.083796863248109310e-01
1.118460442108735009e+01 1.632150196417581745e+00 8.616391249517484086e-02
1.274245069961824761e+01 1.244401704875878423e+00 6.795592213889604938e-02
1.451728140926205768e+01 9.804979171368766178e-01 5.529722476452782198e-02
1.653931920034971981e+01 7.625355357326963901e-01 4.566566609222421497e-02
1.884299628142029093e+01 5.723741187228421623e-01 3.812289602681782213e-02
2.146754074702852577e+01 4.698144796650063348e-01 3.339202615646439526e-02
2.445764457215044274e+01 3.505975931303848547e-01 2.917138016933528213e-02
2.786422464810916466e+01 2.589459085186096576e-01 2.605974550466042677e-02
3.174528981929791982e+01 1.707933935220147248e-01 2.344669899018181694e-02
3.616692868500850011e+01 1.155792079854724985e-01 2.174269318740805132e-02
4.120443498711833286e+01 9.593574273158389509e-02 2.090023570494642727e-02
4.694358974726586098e+01 6.058656369381831830e-02 1.992514014493173766e-02
