1.069642439726958605e+00 -1.117081050411984133e+00 nan
1.218627458003121777e+00 -2.225972882765028249e-01 1.841102396006532516e+01
1.388363836590320144e+00 -1.201411282156046756e+00 nan
1.581741926207981042e+00 -8.976354562737640652e-01 4.616906658047812861e+00
1.802054659727066133e+00 -2.826865363561088529e-01 1.004824893425527854e+01
2.053053625776520175e+00 -9.883615778168617361e-01 1.048999426847562644e+00
2.339012952555230562e+00 -1.132915613242290842e+00 nan
2.664802089693036891e+00 -1.297837438684444233e+00 nan
3.035968727524477995e+00 -8.764530015605431768e-01 1.916945764929087304e+00
3.458833265763586962e+00 -8.924954458605094398e-01 1.471722918388169488e+00
3.940596440236666886e+00 -1.029543116800494484e+00 nan
4.489461940391565875e+00 1.084598844624546388e+01 1.045621073147408708e+01
5.114776105571953835e+00 1.350760299259403396e+01 9.537718864075422687e+00
5.827187078870319503e+00 1.288127136286821184e+01 7.695353218418492958e+00
6.638826128706195817e+00 1.400817507298457443e+01 6.610528700142463521e+00
7.563514225758552811e+00 8.531805921842007479e+00 4.331858387892256523e+00
8.616997392941321721e+00 9.310063967448446220e+00 3.735983820777423414e+00
9.817214836071872952e+00 6.005801973919105308e+00 2.531771306169787294e+00
1.118460442108735009e+01 4.543348263862548642e+00 1.859283857279341756e+00
1.274245069961824761e+01 4.629803116075869696e+00 1.559129625940200325e+00
1.451728140926205768e+01 1.718363736977592815e+00 8.817488135254047954e-01
1.653931920034971981e+01 1.673942263961077703e+00 7.280913080351795186e-01
1.884299628142029093e+01 1.314765472402448454e+00 5.626772802578283716e-01
2.146754074702852577e+01 1.186046763245275582e+00 4.583479391950101567e-01
2.445764457215044274e+01 6.763768317978469113e-01 3.329808516311381084e-01
2.786422464810916466e+01 5.576415524924367428e-01 2.709745397538795286e-01
3.174528981929791982e+01 3.954894960967316742e-01 2.172629265778892871e-01
3.616692868500850011e+01 2.634349233421673375e-01 1.766605038521390780e-01
4.120443498711833286e+01 3.486636047929556614e-01 1.622486741638749785e-01
4.694358974726586098e+01 1.647874520911811747e-01 1.305966038756609937e-01
