1.069642439726958605e+00 -1.638826143404511715e+00 nan
1.218627458003121777e+00 -6.789968510261608081e-01 2.755911014708622986e-01
1.388363836590320144e+00 -3.396232869354431916e-01 3.355196432477288715e-01
1.581741926207981042e+00 2.835977760922194779e-01 3.810978105557367712e-01
1.802054659727066133e+00 2.526159202093671396e+00 5.205081016290801221e-01
2.053053625776520175e+00 4.568196708030139774e+00 5.382867669900184282e-01
2.339012952555230562e+00 6.094574970644327294e+00 5.006811640959534238e-01
2.664802089693036891e+00 7.778550280451090870e+00 4.673343669915793197e-01
3.035968727524477995e+00 7.855624562249453824e+00 3.915623961284280252e-01
3.458833265763586962e+00 6.901431261134010953e+00 3.076758283345757961e-01
3.940596440236666886e+00 6.040879081007387796e+00 2.418903362917810829e-01
4.489461940391565875e+00 4.925757793388021000e+00 1.847202508641274388e-01
5.114776105571953835e+00 4.086707770479256041e+00 1.432294147789169858e-01
5.827187078870319503e+00 3.287147003938282186e+00 1.103670949442535770e-01
6.638826128706195817e+00 2.662757825683738311e+00 8.601584332709605318e-02
7.563514225758552811e+00 2.121534374379448806e+00 6.735575496128132222e-02
8.616997392941321721e+00 1.654092519306769038e+00 5.292216103350413231e-02
9.817214836071872952e+00 1.335389127870521886e+00 4.281793882257439038e-02
1.118460442108735009e+01 1.067931780293470023e+00 3.510600996608788382e-02
1.274245069961824761e+01 8.294635973716415478e-01 2.900769191536728062e-02
1.451728140926205768e+01 6.396364519466586351e-01 2.445136221788620293e-02
1.653931920034971981e+01 4.995033587989559098e-01 2.115799208776761309e-02
1.884299628142029093e+01 3.903530009278666224e-01 1.871046043772142675e-02
2.146754074702852577e+01 3.006144081641712873e-01 1.684615214097310784e-02
2.445764457215044274e+01 2.191895031022599305e-01 1.532772628218219239e-02
2.786422464810916466e+01 1.695853998357805814e-01 1.435424034846809541e-02
3.174528981929791982e+01 1.165874088354117433e-01 1.346620365737093497e-02
3.616692868500850011e+01 8.226401009352479754e-02 1.288073070351910751e-02
4.120443498711833286e+01 5.759892012390221971e-02 1.246647871339335613e-02
4.694358974726586098e+01 3.720008332888657954e-02 1.214290344029747733e-02
