1.069642439726958605e+00 -3.333014134306240273e+00 nan
1.218627458003121777e+00 -8.767106234438923895e-01 7.503103127215693391e+00
1.388363836590320144e+00 -8.022448784654949705e-01 8.064570684629034147e+00
1.581741926207981042e+00 -4.565904669260678617e-02 1.442640335524062323e+01
1.802054659727066133e+00 -4.136042582649483990e-01 9.297261890403232698e+00
2.053053625776520175e+00 -1.373912882464878304e+00 nan
2.339012952555230562e+00 -7.734529381506305423e-01 3.878071277719954857e+00
2.664802089693036891e+00 -1.069305435054971998e+00 nan
3.035968727524477995e+00 -1.026942423000007487e+00 nan
3.458833265763586962e+00 -8.355084612110712516e-01 1.862999384831369731e+00
3.940596440236666886e+00 3.824014103451186308e+00 8.294853754491580133e+00
4.489461940391565875e+00 5.562829766289515199e+00 7.951133014682718603e+00
5.114776105571953835e+00 9.771456255380382316e+00 8.395005917114829685e+00
5.827187078870319503e+00 1.505895213613815642e+01 8.480524860032549128e+00
6.638826128706195817e+00 4.022944397897576962e+00 3.874694238794083034e+00
7.563514225758552811e+00 1.034709504397368462e+01 4.847645978921833354e+00
8.616997392941321721e+00 7.149920338826536437e+00 3.382353565097456105e+00
9.817214836071872952e+00 9.675567819112492529e+00 3.232249691448919826e+00
1.118460442108735009e+01 2.533318870197009964e+00 1.504471141447510041e+00
1.274245069961824761e+01 3.602064394703690997e+00 1.431737316815277383e+00
1.451728140926205768e+01 3.440215678034769908e+00 1.171721192034976378e+00
1.653931920034971981e+01 1.976857626925028644e+00 7.888180060767934210e-01
1.884299628142029093e+01 1.303652801137832551e+00 5.736697381774921167e-01
2.146754074702852577e+01 1.173252385022632849e+00 4.668098923553054003e-01
2.445764457215044274e+01 1.158064656026537076e+00 3.937682247163352134e-01
2.786422464810916466e+01 6.995227256020248863e-01 2.914572966631184814e-01
3.174528981929791982e+01 3.772688725531674336e-01 2.199535549899362674e-01
3.616692868500850011e+01 1.916638853450314262e-01 1.735582427738751876e-01
4.120443498711833286e+01 1.931036492156381623e-01 1.519406899959429291e-01
4.694358974726586098e+01 5.652766802516606681e-02 1.239591742582987488e-01
