1.069642439726958605e+00 -9.769901481090610407e-01 1.415151398133736693e+00
1.218627458003121777e+00 -1.179601298628510708e+00 nan
1.388363836590320144e+00 -1.018363010276318814e+00 nan
1.581741926207981042e+00 -8.835942543576502661e-01 1.671595141489328862e+00
1.802054659727066133e+00 -7.087624285786850997e-01 2.173836999376363988e+00
2.053053625776520175e+00 -8.230284782540395749e-01 1.388841580415784094e+00
2.339012952555230562e+00 -1.067223005722320650e+00 nan
2.664802089693036891e+00 -9.143008277653132954e-01 6.571002329696244981e-01
3.035968727524477995e+00 2.389519432449106251e+00 3.412236799815821620e+00
3.458833265763586962e+00 1.384921039202188009e+00 2.355811849376534983e+00
3.940596440236666886e+00 7.392638723961652225e+00 3.645077480738250220e+00
4.489461940391565875e+00 1.095870774292962224e+01 3.592626361163244741e+00
5.114776105571953835e+00 8.276771668191843290e+00 2.604526033557636566e+00
5.827187078870319503e+00 8.124056915512399613e+00 2.136557701958479605e+00
6.638826128706195817e+00 1.045689015126423094e+01 1.996643747660868717e+00
7.563514225758552811e+00 6.850072871833633670e+00 1.360745100394499252e+00
8.616997392941321721e+00 5.258585960920859392e+00 1.005051798943920049e+00
9.817214836071872952e+00 4.757375524013166768e+00 8.030576927794892406e-01
1.118460442108735009e+01 3.533575747375991227e+00 5.909226834448595422e-01
1.274245069961824761e+01 2.671566417448074660e+00 4.418903971734657876e-01
1.451728140926205768e+01 2.230217283932689920e+00 3.477564678422430111e-01
1.653931920034971981e+01 1.390881568741257457e+00 2.480074877338332984e-01
1.884299628142029093e+01 1.301770713193440177e+00 2.074842814328522189e-01
2.146754074702852577e+01 8.459999360086574161e-01 1.561947119439423270e-01
2.445764457215044274e+01 7.153157499461735291e-01 1.299461187287116182e-01
2.786422464810916466e+01 5.263343052521463061e-01 1.060332400509198109e-01
3.174528981929791982e+01 3.314989452547318916e-01 8.604530708742547107e-02
3.616692868500850011e+01 2.743691113397754844e-01 7.560057637799670605e-02
4.120443498711833286e+01 1.735481420324171964e-01 6.532427487709649427e-02
4.694358974726586098e+01 9.395325124581899168e-02 5.767583049349184199e-02
