1.069642439726958605e+00 -1.062159047437541304e+00 nan
1.218627458003121777e+00 -1.046148832792717975e+00 nan
1.388363836590320144e+00 -1.091005785183233989e+00 nan
1.581741926207981042e+00 -6.252014428896970344e-01 3.128888018453485631e-01
1.802054659727066133e+00 3.518279509675690253e-01 4.888531373739977148e-01
2.053053625776520175e+00 2.082169505125345488e+00 6.061024955775708989e-01
2.339012952555230562e+00 5.645843823825485330e+00 7.329453145181747953e-01
2.664802089693036891e+00 6.995448198667410189e+00 6.716619475004644846e-01
3.035968727524477995e+00 7.559798906495002413e+00 5.779814488770280700e-01
3.458833265763586962e+00 7.653110846707687820e+00 4.834727281165394075e-01
3.940596440236666886e+00 6.706730603202890606e+00 3.786321529922369034e-01
4.489461940391565875e+00 6.141464673806733998e+00 3.038963004994763573e-01
5.114776105571953835e+00 4.886949499022263055e+00 2.295221787655618850e-01
5.827187078870319503e+00 3.888318051526863606e+00 1.746231182460324660e-01
6.638826128706195817e+00 3.094487120518501833e+00 1.337816499738230525e-01
7.563514225758552811e+00 2.455523413579267622e+00 1.034769461628737980e-01
8.616997392941321721e+00 1.971675000350593399e+00 8.130052369736519291e-02
9.817214836071872952e+00 1.632730129415125742e+00 6.549028314398788742e-02
1.118460442108735009e+01 1.226336429290166397e+00 5.151803173698218941e-02
1.274245069961824761e+01 9.994058697971595073e-01 4.254059739164358506e-02
1.451728140926205768e+01 7.763417508185994631e-01 3.521383677620389119e-02
1.653931920034971981e+01 6.162766517928199850e-01 2.997759112795985587e-02
1.884299628142029093e+01 4.750364561375657324e-01 2.584789322554944049e-02
2.146754074702852577e+01 3.475395425845180242e-01 2.254246474607253525e-02
2.445764457215044274e+01 2.722055218694512391e-01 2.042622522921702308e-02
2.786422464810916466e+01 1.947862500364496707e-01 1.859302197171434912e-02
3.174528981929791982e+01 1.496842941369975755e-01 1.744456850553833399e-02
3.616692868500850011e+01 1.030262617557344829e-01 1.643129949833206302e-02
4.120443498711833286e+01 7.283641396485718289e-02 1.576161551064457489e-02
4.694358974726586098e+01 4.669069312419171780e-02 1.522568399227717563e-02
