1.069642439726958605e+00 -1.152103316432809610e+00 nan
1.218627458003121777e+00 -9.677323048831636410e-01 8.715706644507388579e-02
1.388363836590320144e+00 -4.506805051027276132e-01 3.052525514084474811e-01
1.581741926207981042e+00 5.282593579020140595e-01 4.148844262828714768e-01
1.802054659727066133e+00 2.535290404302752432e+00 5.199230106013791319e-01
2.053053625776520175e+00 4.431603299499529136e+00 5.302678776881847300e-01
2.339012952555230562e+00 6.386768906298913251e+00 5.099431543415103851e-01
2.664802089693036891e+00 8.044592723878047025e+00 4.735741283754041353e-01
3.035968727524477995e+00 7.684724252301138314e+00 3.866010117487982956e-01
3.458833265763586962e+00 7.015352834911945834e+00 3.093615028711289572e-01
3.940596440236666886e+00 6.024617103739995372e+00 2.410253105009553254e-01
4.489461940391565875e+00 5.046868743654716383e+00 1.864364239135319068e-01
5.114776105571953835e+00 4.130064230040048301e+00 1.436209382689360714e-01
5.827187078870319503e+00 3.249161086406092469e+00 1.095391819677289658e-01
6.638826128706195817e+00 2.607612006529725690e+00 8.502846901270955104e-02
7.563514225758552811e+00 2.043433693635881010e+00 6.613143755802389223e-02
8.616997392941321721e+00 1.655161755665031320e+00 5.282923593476627350e-02
9.817214836071872952e+00 1.312521082107116488e+00 4.244220073011995692e-02
1.118460442108735009e+01 1.057485601899516237e+00 3.491096240004122608e-02
1.274245069961824761e+01 8.098368971929641447e-01 2.871822011095640295e-02
1.451728140926205768e+01 6.536949276088543925e-01 2.457688482457118934e-02
1.653931920034971981e+01 4.900306250065151747e-01 2.101242455550031418e-02
1.884299628142029093e+01 3.827318983721177403e-01 1.859286633949576786e-02
2.146754074702852577e+01 2.972025391380157533e-01 1.678186943210853779e-02
2.445764457215044274e+01 2.165610902528141146e-01 1.527575140875230345e-02
2.786422464810916466e+01 1.666955328439199135e-01 1.430139829475569890e-02
3.174528981929791982e+01 1.181083052413103296e-01 1.346594697660701001e-02
3.616692868500850011e+01 8.428177602313402517e-02 1.288734480835717656e-02
4.120443498711833286e+01 5.823934927794360839e-02 1.245803615266342750e-02
4.694358974726586098e+01 3.669730660134562505e-02 1.212190048976634349e-02
