1.069642439726958605e+00 -1.318828993203788436e+00 nan
1.218627458003121777e+00 -8.181345713789733853e-01 3.171238134116896590e-01
1.388363836590320144e+00 -1.023603545830045203e+00 nan
1.581741926207981042e+00 -4.064063098073602553e-01 3.960099025288673080e-01
1.802054659727066133e+00 1.658801776155487406e-01 4.564897695145253009e-01
2.053053625776520175e+00 2.623449601366237616e+00 6.611572471251542238e-01
2.339012952555230562e+00 4.399570583591916773e+00 6.633098649681252734e-01
2.664802089693036891e+00 6.961033322720073357e+00 6.738866565187136004e-01
3.035968727524477995e+00 8.361634678206794291e+00 6.090219759719983639e-01
3.458833265763586962e+00 8.059160491336752941e+00 4.981273544154233290e-01
3.940596440236666886e+00 6.986915216990913002e+00 3.881153712104007392e-01
4.489461940391565875e+00 5.928766629049701642e+00 3.004272601286939182e-01
5.114776105571953835e+00 4.988021744568352567e+00 2.329627551987028256e-01
5.827187078870319503e+00 4.101676808261592200e+00 1.799320997139891021e-01
6.638826128706195817e+00 3.264454935839034455e+00 1.377603803010337136e-01
7.563514225758552811e+00 2.558631923665840802e+00 1.058856993087462783e-01
8.616997392941321721e+00 2.057694613976459141e+00 8.319152902581261610e-02
9.817214836071872952e+00 1.601084440995323765e+00 6.527364985611933124e-02
1.118460442108735009e+01 1.322930200687913338e+00 5.329311872552688206e-02
1.274245069961824761e+01 9.994192012414102599e-01 4.272652239482675057e-02
1.451728140926205768e+01 7.896103204382078911e-01 3.556056268735843795e-02
1.653931920034971981e+01 6.187456778799813595e-01 3.013302287127964801e-02
1.884299628142029093e+01 4.816415963839362213e-01 2.604156770592998965e-02
2.146754074702852577e+01 3.524424340662939414e-01 2.269420550097624514e-02
2.445764457215044274e+01 2.579977366887031831e-01 2.029195591961218195e-02
2.786422464810916466e+01 2.015279211786764613e-01 1.875037325725541215e-02
3.174528981929791982e+01 1.428378444431293026e-01 1.740175204482546228e-02
3.616692868500850011e+01 9.242966015457376727e-02 1.633035661772095845e-02
4.120443498711833286e+01 6.807519692875496631e-02 1.574079258684868421e-02
4.694358974726586098e+01 3.788756311586349845e-02 1.514484900643078141e-02
