1.069642439726958605e+00 -6.494834912196074672e-01 5.632434081832904837e+00
1.218627458003121777e+00 -1.116807681479396130e+00 nan
1.388363836590320144e+00 -6.770725054055151126e-01 3.486649212747813920e+00
1.581741926207981042e+00 -1.173531105990783363e+00 nan
1.802054659727066133e+00 -9.816782727073567472e-01 5.559986490527805136e-01
2.053053625776520175e+00 -6.983758186294388715e-01 1.848983417464405310e+00
2.339012952555230562e+00 -1.077275862633518599e+00 nan
2.664802089693036891e+00 -1.058200777644199508e+00 nan
3.035968727524477995e+00 1.283145575256103399e+00 2.854896208543030056e+00
3.458833265763586962e+00 2.180756723513060713e+00 2.775209759442156088e+00
3.940596440236666886e+00 5.873073288209860188e+00 3.360375734955213911e+00
4.489461940391565875e+00 7.757848921016673671e+00 3.125688203047586100e+00
5.114776105571953835e+00 1.059872810966449741e+01 2.978054598717513990e+00
5.827187078870319503e+00 7.453812443265215748e+00 2.093818780283165815e+00
6.638826128706195817e+00 9.188110814788132075e+00 1.912181505814121163e+00
7.563514225758552811e+00 6.850247905729878184e+00 1.386771719256672641e+00
8.616997392941321721e+00 6.135809542832957320e+00 1.099216946441563092e+00
9.817214836071872952e+00 4.324443554836685522e+00 7.838696457938157947e-01
1.118460442108735009e+01 3.703681559770666265e+00 6.144045203498567087e-01
1.274245069961824761e+01 2.415290389514417768e+00 4.320482646973689000e-01
1.451728140926205768e+01 2.133024617138992607e+00 3.478201923314866995e-01
1.653931920034971981e+01 1.510232181705396526e+00 2.598305289616314462e-01
1.884299628142029093e+01 1.091449119106351562e+00 1.990477692610891636e-01
2.146754074702852577e+01 8.510362025866660129e-01 1.591363304665504574e-01
2.445764457215044274e+01 6.080619397378888014e-01 1.265442168113695143e-01
2.786422464810916466e+01 4.667838163604340895e-01 1.047643362869264683e-01
3.174528981929791982e+01 4.081910919785536329e-01 9.100966083508726934e-02
3.616692868500850011e+01 2.397087440277958503e-01 7.506868662932847380e-02
4.120443498711833286e+01 1.488896666750649800e-01 6.508229148562164057e-02
4.694358974726586098e+01 1.275744912282219534e-01 5.993555336486340590e-02
