1.069642439726958605e+00 -1.035637083341131692e+00 nan
1.218627458003121777e+00 -7.896646761598529185e-01 5.496294305709460426e-01
1.388363836590320144e+00 -8.829358051696825083e-01 3.479865214783343652e-01
1.581741926207981042e+00 -8.183489304812832099e-01 3.529915152186786642e-01
1.802054659727066133e+00 -4.451583721831904317e-01 5.072825454915866894e-01
2.053053625776520175e+00 4.216124758289552243e-01 6.658765204908021484e-01
2.339012952555230562e+00 2.784661517280189624e+00 8.915718846083882099e-01
2.664802089693036891e+00 5.076506590420214238e+00 9.417336581151179997e-01
3.035968727524477995e+00 6.882351374010336365e+00 8.902529720346307185e-01
3.458833265763586962e+00 8.366444350093265925e+00 8.064060384810962656e-01
3.940596440236666886e+00 8.621846217633859055e+00 6.790405069048597309e-01
4.489461940391565875e+00 7.356734002034626130e+00 5.244543109607930909e-01
5.114776105571953835e+00 5.820529308536201540e+00 3.927340240774463420e-01
5.827187078870319503e+00 4.628195559344549181e+00 2.966296425089035016e-01
6.638826128706195817e+00 3.895967314555841554e+00 2.311339921453668400e-01
7.563514225758552811e+00 3.165002118067227421e+00 1.787221143593758776e-01
8.616997392941321721e+00 2.417212633816976375e+00 1.356434044499385816e-01
9.817214836071872952e+00 1.885622784172503952e+00 1.050842606320179090e-01
1.118460442108735009e+01 1.539207050796579157e+00 8.403752800968990189e-02
1.274245069961824761e+01 1.263460119196831544e+00 6.824342871453760451e-02
1.451728140926205768e+01 9.807484916996938029e-01 5.522117498524324597e-02
1.653931920034971981e+01 7.505300145001738699e-01 4.537029870418372857e-02
1.884299628142029093e+01 5.803070660686857618e-01 3.822154535929452035e-02
2.146754074702852577e+01 4.450100307176392267e-01 3.288923207367151075e-02
2.445764457215044274e+01 3.287777236771440847e-01 2.873525973886555465e-02
2.786422464810916466e+01 2.513532343785469525e-01 2.589128217041566926e-02
3.174528981929791982e+01 1.756392267344450975e-01 2.350910289301781642e-02
3.616692868500850011e+01 1.270337178534990397e-01 2.192757598259427454e-02
4.120443498711833286e+01 8.857313513149400741e-02 2.074553905909615192e-02
4.694358974726586098e+01 6.311828361854265879e-02 1.995118368286907112e-02
