1.069642439726958605e+00 -1.876086217960816871e+00 nan
1.218627458003121777e+00 -1.076145839010300254e+00 nan
1.388363836590320144e+00 -9.439225630196026451e-01 1.425025259406524469e+00
1.581741926207981042e+00 -2.123305084745763072e+00 nan
1.802054659727066133e+00 -7.760593660165446828e-01 1.906505604844446866e+00
2.053053625776520175e+00 -1.115954799108461959e+00 nan
2.339012952555230562e+00 -1.218473245185908382e+00 nan
2.664802089693036891e+00 -1.039475693977822690e+00 nan
3.035968727524477995e+00 3.587836993738298119e-01 2.159566472602462373e+00
3.458833265763586962e+00 4.998322699997023832e+00 3.742316309781315908e+00
3.940596440236666886e+00 8.375215069493608055e+00 3.855482057569034282e+00
4.489461940391565875e+00 1.067116538373790036e+01 3.548822965439762722e+00
5.114776105571953835e+00 1.043321595429830140e+01 2.900148403031214350e+00
5.827187078870319503e+00 9.929839581135466275e+00 2.346976797086038680e+00
6.638826128706195817e+00 7.999237745187791404e+00 1.757711215831852858e+00
7.563514225758552811e+00 6.495323524251846337e+00 1.327913042372448338e+00
8.616997392941321721e+00 6.170115184883496084e+00 1.081789575791084479e+00
9.817214836071872952e+00 3.652165664046008065e+00 7.150552234478356750e-01
1.118460442108735009e+01 3.761778930228665274e+00 6.074397784939039591e-01
1.274245069961824761e+01 2.616783236915194433e+00 4.382096632721707574e-01
1.451728140926205768e+01 1.921275266633643453e+00 3.281042495269925197e-01
1.653931920034971981e+01 1.675177723741879232e+00 2.651696294430194167e-01
1.884299628142029093e+01 1.017571005462618139e+00 1.914011986754140249e-01
2.146754074702852577e+01 8.050788669567785494e-01 1.540115369365994136e-01
2.445764457215044274e+01 6.681578125258069711e-01 1.275687484954313444e-01
2.786422464810916466e+01 4.396550943060588690e-01 1.018114998925785386e-01
3.174528981929791982e+01 3.544963249167452091e-01 8.714286174418331421e-02
3.616692868500850011e+01 2.222059489282950384e-01 7.320715512288471227e-02
4.120443498711833286e+01 1.684877461149123512e-01 6.510260801275354059e-02
4.694358974726586098e+01 1.484681559363272285e-01 6.011889295007077916e-02
