1.069642439726958605e+00 -1.322091848905750044e+00 nan
1.218627458003121777e+00 -7.225717192907403774e-01 3.922359670022001477e-01
1.388363836590320144e+00 -1.167240255642262525e+00 nan
1.581741926207981042e+00 -3.190023782185096302e-01 4.247753603566044034e-01
1.802054659727066133e+00 5.067027505081247440e-01 5.197711117498636790e-01
2.053053625776520175e+00 2.918456107908444785e+00 6.886802942297394203e-01
2.339012952555230562e+00 4.841809614306806786e+00 6.912833076825928291e-01
2.664802089693036891e+00 6.604760825363056753e+00 6.591308265022765012e-01
3.035968727524477995e+00 7.950565597703394438e+00 5.956907062659960728e-01
3.458833265763586962e+00 7.740028204936357348e+00 4.893606936038156774e-01
3.940596440236666886e+00 7.447913512277832382e+00 4.006864876148921173e-01
4.489461940391565875e+00 5.777113004473914515e+00 2.971651640849489739e-01
5.114776105571953835e+00 4.876413824345119608e+00 2.307955707966821424e-01
5.827187078870319503e+00 4.186181351193482669e+00 1.818958570775512928e-01
6.638826128706195817e+00 3.170236052897452250e+00 1.361097524265087177e-01
7.563514225758552811e+00 2.562397881803026412e+00 1.060865444391806273e-01
8.616997392941321721e+00 1.989223328047456274e+00 8.210146407660288970e-02
9.817214836071872952e+00 1.626891672410021306e+00 6.577899370537466928e-02
1.118460442108735009e+01 1.261829097608775818e+00 5.237957092428426054e-02
1.274245069961824761e+01 9.625008677050945760e-01 4.220226451516504579e-02
1.451728140926205768e+01 7.903672816481084329e-01 3.560912482742105423e-02
1.653931920034971981e+01 6.070178237891290518e-01 2.998967072850974164e-02
1.884299628142029093e+01 4.587419529721101785e-01 2.573223046903312314e-02
2.146754074702852577e+01 3.379563278197379450e-01 2.250520785464151657e-02
2.445764457215044274e+01 2.702305477085951146e-01 2.048516677526290852e-02
2.786422464810916466e+01 2.044230974538208123e-01 1.880721347749848837e-02
3.174528981929791982e+01 1.409282564058906839e-01 1.738821102503522453e-02
3.616692868500850011e+01 1.053483747296055650e-01 1.652735612873029725e-02
4.120443498711833286e+01 7.176517157835715643e-02 1.580523987494010171e-02
4.694358974726586098e+01 4.609940150103453149e-02 1.527314902072104616e-02
