1.069642439726958605e+00 -1.074623424962626306e+00 nan
1.218627458003121777e+00 -9.204491212615071305e-01 3.394178754375502538e-01
1.388363836590320144e+00 -1.017674862157137650e+00 nan
1.581741926207981042e+00 -9.016506849315069072e-01 2.608117292232364215e-01
1.802054659727066133e+00 -5.231767597112262358e-01 4.722116349289294801e-01
2.053053625776520175e+00 1.624421426360329601e-01 6.045516566870047237e-01
2.339012952555230562e+00 3.095480103613311496e+00 9.315357557037770020e-01
2.664802089693036891e+00 5.862938277853459113e+00 1.005842307757895959e+00
3.035968727524477995e+00 8.528858581120044136e+00 9.854716122150877222e-01
3.458833265763586962e+00 8.230408066104246245e+00 8.035318675370375363e-01
3.940596440236666886e+00 7.853363016722425982e+00 6.522702795470246562e-01
4.489461940391565875e+00 6.938607996268348899e+00 5.121414378543422963e-01
5.114776105571953835e+00 6.168137348894157768e+00 4.052234346030700318e-01
5.827187078870319503e+00 5.206113168593947904e+00 3.145873831481798555e-01
6.638826128706195817e+00 3.889937409780965805e+00 2.318619935762671613e-01
7.563514225758552811e+00 3.179501274802345012e+00 1.797676222132406354e-01
8.616997392941321721e+00 2.363536745447212706e+00 1.348561718038593926e-01
9.817214836071872952e+00 1.979249933102513515e+00 1.075922151915119224e-01
1.118460442108735009e+01 1.531158559620815485e+00 8.416163146757270341e-02
1.274245069961824761e+01 1.262754012705813000e+00 6.846190722760706060e-02
1.451728140926205768e+01 1.000288074955149487e+00 5.579055924728897747e-02
1.653931920034971981e+01 7.446269226208495073e-01 4.539909345125875406e-02
1.884299628142029093e+01 5.552904012367867459e-01 3.786295439276844699e-02
2.146754074702852577e+01 4.477192876616731265e-01 3.303331667415069367e-02
2.445764457215044274e+01 3.190375463743206907e-01 2.863354662369204523e-02
2.786422464810916466e+01 2.491975660968104300e-01 2.591839982719891869e-02
3.174528981929791982e+01 1.778579853156359025e-01 2.360732382431748877e-02
3.616692868500850011e+01 1.183322814932215028e-01 2.182116982333963395e-02
4.120443498711833286e+01 8.804795872603521367e-02 2.078341981479598505e-02
4.694358974726586098e+01 5.604522478969098387e-02 1.986727718247639426e-02
