1.069642439726958605e+00 -1.583723045282375619e+00 nan
1.218627458003121777e+00 -1.387326862676345307e+00 nan
1.388363836590320144e+00 -7.194503341647600081e-01 9.164180053812502891e+00
1.581741926207981042e+00 -1.401392111368908733e-01 1.306444713374516375e+01
1.802054659727066133e+00 -1.504661227371928867e+00 nan
2.053053625776520175e+00 -6.177543541093104551e-01 5.869491312359450319e+00
2.339012952555230562e+00 -1.125822390398561801e+00 nan
2.664802089693036891e+00 -1.213544302263964703e+00 nan
3.035968727524477995e+00 -8.116890088178454477e-01 2.310630306489737773e+00
3.458833265763586962e+00 -1.040751954418380532e+00 nan
3.940596440236666886e+00 -9.349977959143689343e-01 9.177332260384271079e-01
4.489461940391565875e+00 4.853261308952267150e+00 7.163035835015058694e+00
5.114776105571953835e+00 1.280585434636112829e+01 9.082425802868907994e+00
5.827187078870319503e+00 1.238922506168660220e+01 7.378007427226475734e+00
6.638826128706195817e+00 1.323971779361575685e+01 6.284039525789870240e+00
7.563514225758552811e+00 1.424886872761127776e+01 5.396315497049290144e+00
8.616997392941321721e+00 8.454473117224710066e+00 3.488311539256734317e+00
9.817214836071872952e+00 5.950840110951164164e+00 2.462997287923767153e+00
1.118460442108735009e+01 5.036364099294032393e+00 1.899806986787656582e+00
1.274245069961824761e+01 3.933179178492991035e+00 1.419494744609483883e+00
1.451728140926205768e+01 2.284964970771365955e+00 9.524299966759902647e-01
1.653931920034971981e+01 1.784823484441157238e+00 7.273047083064873020e-01
1.884299628142029093e+01 1.518377987942057139e+00 5.761637094322054065e-01
2.146754074702852577e+01 1.433375982554920380e+00 4.764075199086633683e-01
2.445764457215044274e+01 8.869377608666888513e-01 3.487029264285978480e-01
2.786422464810916466e+01 8.026172777508338019e-01 2.895327352282547895e-01
3.174528981929791982e+01 5.406970029852242732e-01 2.262876101327390421e-01
3.616692868500850011e+01 2.827153278856369134e-01 1.747977824828637061e-01
4.120443498711833286e+01 1.478641604893691230e-01 1.423997118886906610e-01
4.694358974726586098e+01 2.173925591552539061e-02 1.166362282503404652e-01
