1.069642439726958605e+00 -1.457701682888333128e+00 nan
1.218627458003121777e+00 -1.057989299864243282e+00 nan
1.388363836590320144e+00 -4.747282411473707775e-01 7.453903363066959331e-01
1.581741926207981042e+00 -1.008072859192230997e+00 nan
1.802054659727066133e+00 -5.338637111729178653e-01 4.701334660227847739e-01
2.053053625776520175e+00 -4.369333071294700943e-02 5.520861865039601302e-01
2.339012952555230562e+00 1.883496661332598965e+00 7.863216534491471732e-01
2.664802089693036891e+00 4.201094531155124656e+00 8.800499869476618997e-01
3.035968727524477995e+00 7.682943248400369463e+00 9.458680302785786864e-01
3.458833265763586962e+00 7.861022382292559563e+00 7.919605463525823952e-01
3.940596440236666886e+00 8.005727898351786109e+00 6.626369656962043386e-01
4.489461940391565875e+00 7.320036012122947078e+00 5.287959548535580145e-01
5.114776105571953835e+00 6.328158729899126200e+00 4.128938710095704789e-01
5.827187078870319503e+00 5.181846944048944970e+00 3.159362871551079643e-01
6.638826128706195817e+00 4.105382915939167709e+00 2.392037138555576092e-01
7.563514225758552811e+00 3.237227823161033413e+00 1.823734971880303368e-01
8.616997392941321721e+00 2.633808583805523185e+00 1.421922929959776594e-01
9.817214836071872952e+00 2.035044687384181650e+00 1.095110555569681343e-01
1.118460442108735009e+01 1.516647485495041359e+00 8.434503397961387594e-02
1.274245069961824761e+01 1.192709862806216492e+00 6.740216848172303488e-02
1.451728140926205768e+01 9.340106137272259357e-01 5.477322076548699070e-02
1.653931920034971981e+01 7.346276529374138331e-01 4.544392390711978619e-02
1.884299628142029093e+01 5.685639564525322154e-01 3.830521551887376697e-02
2.146754074702852577e+01 4.366163680250425561e-01 3.298291113754667214e-02
2.445764457215044274e+01 3.298277632943307225e-01 2.896261738035812647e-02
2.786422464810916466e+01 2.386806524871203372e-01 2.583656185813163961e-02
3.174528981929791982e+01 1.620062016633072588e-01 2.341428326167829463e-02
3.616692868500850011e+01 1.144124350341497731e-01 2.183575952390224076e-02
4.120443498711833286e+01 8.084170929321121690e-02 2.073141295964088873e-02
4.694358974726586098e+01 5.251088882036469840e-02 1.987679168763188675e-02
