1.069642439726958605e+00 -9.722155784388570865e-01 1.551302497243196132e+00
1.218627458003121777e+00 -2.424785193368677039e-01 6.155629591175028281e+00
1.388363836590320144e+00 -1.386356767106783572e+00 nan
1.581741926207981042e+00 -1.373530832394139534e+00 nan
1.802054659727066133e+00 -7.046356476370201349e-01 2.183897424021174594e+00
2.053053625776520175e+00 -1.088051771880969021e+00 nan
2.339012952555230562e+00 -1.017072184883937691e+00 nan
2.664802089693036891e+00 -8.785416084357107191e-01 7.803867284275969318e-01
3.035968727524477995e+00 5.379548931116207022e-02 1.896759314178756206e+00
3.458833265763586962e+00 5.158687964712097340e+00 3.782519057215543601e+00
3.940596440236666886e+00 4.842135309596638848e+00 3.029132502381137293e+00
4.489461940391565875e+00 8.418582651268007311e+00 3.173433341552301279e+00
5.114776105571953835e+00 8.632200587186865448e+00 2.648869387249704221e+00
5.827187078870319503e+00 8.613786175280754520e+00 2.190021899529386751e+00
6.638826128706195817e+00 9.006130991967355115e+00 1.854039916117866893e+00
7.563514225758552811e+00 7.081134334983917533e+00 1.378708005540334014e+00
8.616997392941321721e+00 5.033579391614370735e+00 9.831928710085159340e-01
9.817214836071872952e+00 3.486081937529596608e+00 6.994122149004542432e-01
1.118460442108735009e+01 3.140563025039003975e+00 5.606456034861631021e-01
1.274245069961824761e+01 2.530621763888491138e+00 4.312357840030348055e-01
1.451728140926205768e+01 2.060732945039357666e+00 3.362742217038487968e-01
1.653931920034971981e+01 1.577769565371208049e+00 2.587569749503386141e-01
1.884299628142029093e+01 1.257315302431990300e+00 2.045604043614064893e-01
2.146754074702852577e+01 7.420900520280031554e-01 1.502587669784671287e-01
2.445764457215044274e+01 6.192847531039655795e-01 1.248048751048222299e-01
2.786422464810916466e+01 4.591664520606881794e-01 1.025546882377916247e-01
3.174528981929791982e+01 3.350912366103520057e-01 8.605529979835663257e-02
3.616692868500850011e+01 2.407155952552522127e-01 7.392140108401708265e-02
4.120443498711833286e+01 1.688414489291165665e-01 6.500317816258188719e-02
4.694358974726586098e+01 1.024423881903913092e-01 5.796422439686569478e-02
