1.069642439726958605e+00 -1.283487004302565460e+00 nan
1.218627458003121777e+00 -5.961296237181019642e-01 3.111179486517752224e-01
1.388363836590320144e+00 -2.593666471917166483e-01 3.576187034288962896e-01
1.581741926207981042e+00 6.824234334993928286e-01 4.392100860714340804e-01
1.802054659727066133e+00 2.493098672418468276e+00 5.213686294696652235e-01
2.053053625776520175e+00 4.316795508241744628e+00 5.291841585302746731e-01
2.339012952555230562e+00 6.126880639811623119e+00 5.050341347596846164e-01
2.664802089693036891e+00 7.468242943514544763e+00 4.615020696246142085e-01
3.035968727524477995e+00 7.512616924603298330e+00 3.857832337908358999e-01
3.458833265763586962e+00 6.769309151360354271e+00 3.067448147129008817e-01
3.940596440236666886e+00 6.116082311784152736e+00 2.448006200503751451e-01
4.489461940391565875e+00 4.867948073755490768e+00 1.847954785956091861e-01
5.114776105571953835e+00 4.065746932646167267e+00 1.437266923698821142e-01
5.827187078870319503e+00 3.231956419044222262e+00 1.101470978346722751e-01
6.638826128706195817e+00 2.641767710844411532e+00 8.619480176761928902e-02
7.563514225758552811e+00 2.076198976695311949e+00 6.709458738522995624e-02
8.616997392941321721e+00 1.676031887499311424e+00 5.349845661153851406e-02
9.817214836071872952e+00 1.310403562481949447e+00 4.271770657710768915e-02
1.118460442108735009e+01 1.039159766226717796e+00 3.492122230483753892e-02
1.274245069961824761e+01 7.977385154454641469e-01 2.875877418619443918e-02
1.451728140926205768e+01 6.300062980802372259e-01 2.444644145106788027e-02
1.653931920034971981e+01 4.842907007028074418e-01 2.106899411325222418e-02
1.884299628142029093e+01 3.838278246958470863e-01 1.871020517533107316e-02
2.146754074702852577e+01 2.854170112911955659e-01 1.673455529112584383e-02
2.445764457215044274e+01 2.117818401760702685e-01 1.529880946154954860e-02
2.786422464810916466e+01 1.512834394762285761e-01 1.419369498708367150e-02
3.174528981929791982e+01 1.104533468554493858e-01 1.344217335062665268e-02
3.616692868500850011e+01 7.832858829674727019e-02 1.287911628884325435e-02
4.120443498711833286e+01 5.237171389800776566e-02 1.244778770522487338e-02
4.694358974726586098e+01 3.416596618102607508e-02 1.214798625569048392e-02
