1.069642439726958605e+00 -1.005031569872474329e+00 nan
1.218627458003121777e+00 -1.115650158884770704e+00 nan
1.388363836590320144e+00 -8.108816291944573873e-01 1.801848363498851080e-01
1.581741926207981042e+00 7.095845406488330287e-01 4.415536362742347731e-01
1.802054659727066133e+00 2.511798329010912489e+00 5.213630554654344884e-01
2.053053625776520175e+00 4.660495389953632994e+00 5.447941193461297571e-01
2.339012952555230562e+00 6.958781012371803243e+00 5.331030366492374162e-01
2.664802089693036891e+00 7.757430434293744348e+00 4.684376611922829725e-01
3.035968727524477995e+00 7.515156842150612526e+00 3.848363794642317148e-01
3.458833265763586962e+00 6.802061967121453279e+00 3.066516887017585180e-01
3.940596440236666886e+00 5.931513732875885125e+00 2.406351529939968481e-01
4.489461940391565875e+00 4.932855917561195902e+00 1.854852024671998501e-01
5.114776105571953835e+00 4.148567193887735094e+00 1.447345929451644697e-01
5.827187078870319503e+00 3.279254580815518239e+00 1.106133836966027018e-01
6.638826128706195817e+00 2.664533757148777049e+00 8.632262145492888838e-02
7.563514225758552811e+00 2.074043944588919608e+00 6.690879129712556939e-02
8.616997392941321721e+00 1.687581326813887062e+00 5.353188069507424512e-02
9.817214836071872952e+00 1.309746256509310758e+00 4.261645625095399070e-02
1.118460442108735009e+01 1.033372770620549552e+00 3.477636371053466346e-02
1.274245069961824761e+01 8.243199685948570110e-01 2.902443312705746750e-02
1.451728140926205768e+01 6.352861535349541011e-01 2.446306983159840520e-02
1.653931920034971981e+01 4.886305795225467374e-01 2.108213559228075060e-02
1.884299628142029093e+01 3.840426931061604598e-01 1.868065894401054958e-02
2.146754074702852577e+01 2.869888491216581183e-01 1.672545963742217909e-02
2.445764457215044274e+01 2.130477605984755218e-01 1.528949019085583914e-02
2.786422464810916466e+01 1.558228573095672420e-01 1.422474583765109130e-02
3.174528981929791982e+01 1.132706419573326073e-01 1.345499494609463803e-02
3.616692868500850011e+01 8.437695392934885241e-02 1.293051362176401466e-02
4.120443498711833286e+01 5.752517340090701481e-02 1.248975655428817902e-02
4.694358974726586098e+01 4.130690740984221954e-02 1.221354432187606899e-02
