1.069642439726958605e+00 -1.252125247505768701e+00 nan
1.218627458003121777e+00 -1.021178189883729548e+00 nan
1.388363836590320144e+00 -1.151956237774186320e+00 nan
1.581741926207981042e+00 -9.305479639245695100e-01 2.186308358054062928e-01
1.802054659727066133e+00 -5.659662846640500788e-01 4.494110854316543668e-01
2.053053625776520175e+00 1.001073800083082110e+00 7.915916314548240296e-01
2.339012952555230562e+00 3.033501011207406783e+00 9.221490261358270546e-01
2.664802089693036891e+00 5.962710157093657592e+00 1.010767048713628879e+00
3.035968727524477995e+00 7.056376403156393806e+00 9.017872129891352229e-01
3.458833265763586962e+00 8.345932900905276952e+00 8.068184180403734640e-01
3.940596440236666886e+00 8.491598623238090227e+00 6.752339625749360641e-01
4.489461940391565875e+00 7.141509029828386090e+00 5.179429170752171130e-01
5.114776105571953835e+00 6.123562959223463942e+00 4.028898066416781720e-01
5.827187078870319503e+00 4.803259394601626653e+00 3.022396242604814542e-01
6.638826128706195817e+00 3.638265228478110735e+00 2.244504703346424102e-01
7.563514225758552811e+00 3.213152024319394950e+00 1.802143988145968878e-01
8.616997392941321721e+00 2.582743127981833808e+00 1.397981175830577127e-01
9.817214836071872952e+00 1.973695067380456081e+00 1.072355286398711249e-01
1.118460442108735009e+01 1.517083416131930207e+00 8.368216087187432817e-02
1.274245069961824761e+01 1.243386964730810007e+00 6.792591503631115191e-02
1.451728140926205768e+01 9.203715461275012721e-01 5.409543114842281508e-02
1.653931920034971981e+01 7.142949816067156732e-01 4.472865595081850637e-02
1.884299628142029093e+01 5.618335870707311663e-01 3.791928463168144081e-02
2.146754074702852577e+01 4.308541050270124906e-01 3.266413848995506491e-02
2.445764457215044274e+01 3.171701787404264117e-01 2.855330958036142452e-02
2.786422464810916466e+01 2.218139144289217324e-01 2.537849384761902902e-02
3.174528981929791982e+01 1.586831948409455073e-01 2.322399614484557326e-02
3.616692868500850011e+01 1.112488133415057145e-01 2.166203338323477098e-02
4.120443498711833286e+01 6.711780642892395399e-02 2.037575871837507199e-02
4.694358974726586098e+01 5.481886211182751545e-02 1.981886966225557267e-02
