1.069642439726958605e+00 -1.277952755262131923e+00 nan
1.218627458003121777e+00 -6.935801208537790696e-01 2.703317028476293071e-01
1.388363836590320144e+00 -4.884634221345489635e-01 2.964590949926000363e-01
1.581741926207981042e+00 9.574019378313278761e-01 4.726739372473371392e-01
1.802054659727066133e+00 2.292555079815771002e+00 5.048708442787822603e-01
2.053053625776520175e+00 4.388870375856592787e+00 5.315251752653138428e-01
2.339012952555230562e+00 6.845249915825953657e+00 5.293197433387417661e-01
2.664802089693036891e+00 7.236968875055323380e+00 4.537982415201625708e-01
3.035968727524477995e+00 7.800300349366189323e+00 3.917594333138756935e-01
3.458833265763586962e+00 7.153963600331681327e+00 3.141841406151384963e-01
3.940596440236666886e+00 5.947359269024472539e+00 2.410037673711021289e-01
4.489461940391565875e+00 4.868055588100000719e+00 1.843797178592865016e-01
5.114776105571953835e+00 4.086632324143243622e+00 1.437519122441027752e-01
5.827187078870319503e+00 3.254014133275805243e+00 1.102493323845976092e-01
6.638826128706195817e+00 2.662393844409590926e+00 8.631245973665925553e-02
7.563514225758552811e+00 2.145584357066098846e+00 6.792040987770195382e-02
8.616997392941321721e+00 1.681220579300876761e+00 5.345958292640283493e-02
9.817214836071872952e+00 1.335197363019304362e+00 4.295258331779627098e-02
1.118460442108735009e+01 1.100733761838131874e+00 3.562126606780729315e-02
1.274245069961824761e+01 8.370468259333077032e-01 2.918494529093146328e-02
1.451728140926205768e+01 6.550045598107252509e-01 2.470319575848206606e-02
1.653931920034971981e+01 5.083464746853043614e-01 2.131847655984932602e-02
1.884299628142029093e+01 3.869641541604418311e-01 1.871810438307815877e-02
2.146754074702852577e+01 3.012896388277013227e-01 1.689459242432535258e-02
2.445764457215044274e+01 2.194256534354785959e-01 1.536590294907258861e-02
2.786422464810916466e+01 1.662578068589486424e-01 1.434772711768082798e-02
3.174528981929791982e+01 1.189426463719589488e-01 1.352260790920316313e-02
3.616692868500850011e+01 8.326934957645359958e-02 1.291962217767141964e-02
4.120443498711833286e+01 5.800782931032233414e-02 1.249714439125711521e-02
4.694358974726586098e+01 4.146229280913327209e-02 1.221708826263040275e-02
