1.069642439726958605e+00 -2.037048997772828773e+00 nan
1.218627458003121777e+00 -1.692475884244373230e-01 1.820159853842910991e+01
1.388363836590320144e+00 1.578601204261231850e-01 1.823656154454281264e+01
1.581741926207981042e+00 -1.094034090909091095e+00 nan
1.802054659727066133e+00 -8.872534772680091830e-01 3.809787456123460814e+00
2.053053625776520175e+00 -1.915781620415562880e+00 nan
2.339012952555230562e+00 -1.294823298429319536e+00 nan
2.664802089693036891e+00 -8.752581705666215850e-01 2.233049290762001426e+00
3.035968727524477995e+00 -1.193365064046323809e+00 nan
3.458833265763586962e+00 -9.990093008052771673e-01 1.351125003692830451e-01
3.940596440236666886e+00 -1.095895230648944452e+00 nan
4.489461940391565875e+00 1.790828082648985298e+00 4.840301941879657122e+00
5.114776105571953835e+00 1.962265061923797660e+01 1.091005064514617295e+01
5.827187078870319503e+00 1.310711034978634260e+01 7.423417508492303085e+00
6.638826128706195817e+00 1.369368455470836210e+01 6.257597708941107228e+00
7.563514225758552811e+00 1.121281860242173423e+01 4.711302557308370886e+00
8.616997392941321721e+00 7.737459266429580929e+00 3.281020867520279438e+00
9.817214836071872952e+00 5.947090004990533529e+00 2.413043072632241604e+00
1.118460442108735009e+01 4.783930274935785931e+00 1.820495149806371282e+00
1.274245069961824761e+01 3.637047133701745594e+00 1.346241422512703068e+00
1.451728140926205768e+01 2.097095480651412380e+00 9.047477900429449216e-01
1.653931920034971981e+01 2.837344536288291419e+00 8.500585394544383222e-01
1.884299628142029093e+01 2.075144678410520971e+00 6.317771584263456308e-01
2.146754074702852577e+01 1.582386785857601064e+00 4.836403748034467931e-01
2.445764457215044274e+01 1.070069119851989603e+00 3.612422936563038367e-01
2.786422464810916466e+01 8.097376350210967466e-01 2.849320578234886825e-01
3.174528981929791982e+01 3.562114494921830854e-01 2.052256545622171413e-01
3.616692868500850011e+01 4.031296817031118085e-01 1.821850914698294188e-01
4.120443498711833286e+01 2.977359802711192494e-01 1.523939998033686793e-01
4.694358974726586098e+01 1.369778192252930626e-01 1.239742071666934675e-01
