1.069642439726958605e+00 -1.166315493444821438e+00 nan
1.218627458003121777e+00 -8.623284274909521763e-01 1.801450699874685979e-01
1.388363836590320144e+00 -6.158724357343334788e-01 2.554025301377798596e-01
1.581741926207981042e+00 3.066595675952346056e-01 3.838147999200753890e-01
1.802054659727066133e+00 2.365608210194552363e+00 5.075307238712513103e-01
2.053053625776520175e+00 4.997669889597196047e+00 5.579609042773661098e-01
2.339012952555230562e+00 7.225225232774461936e+00 5.392839265361333290e-01
2.664802089693036891e+00 7.772854525044119001e+00 4.663486060787277454e-01
3.035968727524477995e+00 7.513977213000575972e+00 3.827589489000031153e-01
3.458833265763586962e+00 6.933024038049699911e+00 3.078099581985627720e-01
3.940596440236666886e+00 6.030298905862391479e+00 2.412745937180345024e-01
4.489461940391565875e+00 5.004868455646009906e+00 1.858048046032901857e-01
5.114776105571953835e+00 4.107843552840219736e+00 1.433382569198672074e-01
5.827187078870319503e+00 3.176749507021987551e+00 1.084775941275492317e-01
6.638826128706195817e+00 2.592814139192523459e+00 8.485861880692338599e-02
7.563514225758552811e+00 2.068769795099000941e+00 6.651902970759573930e-02
8.616997392941321721e+00 1.640050490972867259e+00 5.265561369568024647e-02
9.817214836071872952e+00 1.312313320497739522e+00 4.246064422146352685e-02
1.118460442108735009e+01 1.016289798283103174e+00 3.441647412664260858e-02
1.274245069961824761e+01 8.242888465512838714e-01 2.890635209488658791e-02
1.451728140926205768e+01 6.108132071133247631e-01 2.407713531716984892e-02
1.653931920034971981e+01 4.795581762279907956e-01 2.089797989616601348e-02
1.884299628142029093e+01 3.706362870925539177e-01 1.845915652180082564e-02
2.146754074702852577e+01 2.776803885401135652e-01 1.656175704309676214e-02
2.445764457215044274e+01 2.092310747321446396e-01 1.519649295594837669e-02
2.786422464810916466e+01 1.574012489917668844e-01 1.419909236662572280e-02
3.174528981929791982e+01 1.103405168571987005e-01 1.338092105043736657e-02
3.616692868500850011e+01 8.004632017741752925e-02 1.284277479511627615e-02
4.120443498711833286e+01 5.336901723952403032e-02 1.240595425952275080e-02
4.694358974726586098e+01 3.156167318265268307e-02 1.206661242469909794e-02
