1.069642439726958605e+00 -1.171028307668898982e+00 nan
1.218627458003121777e+00 -1.030724091598815395e+00 nan
1.388363836590320144e+00 -6.661040782936409332e-01 5.914966901099374397e-01
1.581741926207981042e+00 -5.056891853240901291e-01 5.860828907552461109e-01
1.802054659727066133e+00 -4.514459301092985655e-01 5.076393102347098729e-01
2.053053625776520175e+00 -5.228634552913766775e-01 3.880520322101052022e-01
2.339012952555230562e+00 2.499214863819618770e+00 8.625922713992294488e-01
2.664802089693036891e+00 4.334981172004289007e+00 8.873011477046026663e-01
3.035968727524477995e+00 7.081877551561904127e+00 9.074607818637867584e-01
3.458833265763586962e+00 8.817832970111926016e+00 8.316747419291740107e-01
3.940596440236666886e+00 7.848587929344029490e+00 6.535075308803182104e-01
4.489461940391565875e+00 6.821957349038214602e+00 5.091690842064804379e-01
5.114776105571953835e+00 6.201327360969881575e+00 4.071247130072304654e-01
5.827187078870319503e+00 4.922524537796880040e+00 3.070636568150513779e-01
6.638826128706195817e+00 4.087981017665005545e+00 2.377036588507565329e-01
7.563514225758552811e+00 3.108466980268560054e+00 1.783296583536996549e-01
8.616997392941321721e+00 2.497480660431731003e+00 1.383520660094200438e-01
9.817214836071872952e+00 2.052013981789350794e+00 1.094472863899507570e-01
1.118460442108735009e+01 1.601246230024780282e+00 8.583309573845145091e-02
1.274245069961824761e+01 1.199903530643459781e+00 6.729143095942985431e-02
1.451728140926205768e+01 9.359201557682284012e-01 5.460836351257010446e-02
1.653931920034971981e+01 7.336085570722485905e-01 4.526318697430742333e-02
1.884299628142029093e+01 5.503346264567270385e-01 3.783063968264117893e-02
2.146754074702852577e+01 4.338310573106725077e-01 3.282533428405576964e-02
2.445764457215044274e+01 3.293836051653087349e-01 2.886636740805025372e-02
2.786422464810916466e+01 2.499615424445038592e-01 2.596845885245848209e-02
3.174528981929791982e+01 1.685945168029800989e-01 2.346970945533450453e-02
3.616692868500850011e+01 1.156155996517453932e-01 2.179963126453919250e-02
4.120443498711833286e+01 8.496698971799943045e-02 2.075311948207655965e-02
4.694358974726586098e+01 4.758345529129992535e-02 1.973751663197181871e-02
