1.069642439726958605e+00 -7.932119686259322400e-01 4.232815245149312844e+00
1.218627458003121777e+00 -9.675744442891094366e-01 1.273745226169574751e+00
1.388363836590320144e+00 -1.162984070725174846e+00 nan
1.581741926207981042e+00 -1.027717391304348027e+00 nan
1.802054659727066133e+00 -1.239783917466220409e+00 nan
2.053053625776520175e+00 -1.380313218094620265e+00 nan
2.339012952555230562e+00 -5.657409515137721279e-01 1.777430260867481238e+00
2.664802089693036891e+00 -8.477030484950911493e-01 8.740056301808017958e-01
3.035968727524477995e+00 2.940015664089075109e-01 2.102329982457840529e+00
3.458833265763586962e+00 1.230492687960069276e+00 2.272985847260869718e+00
3.940596440236666886e+00 8.305681538629754002e+00 3.831768978832182260e+00
4.489461940391565875e+00 9.202730573872695885e+00 3.305761867678076449e+00
5.114776105571953835e+00 9.593497920873122808e+00 2.781886322992286775e+00
5.827187078870319503e+00 1.051854207464998225e+01 2.406380511791311072e+00
6.638826128706195817e+00 8.900936550533574021e+00 1.844011423292947649e+00
7.563514225758552811e+00 7.086593252863241155e+00 1.379419250123547380e+00
8.616997392941321721e+00 4.770302920981356110e+00 9.601243602107478736e-01
9.817214836071872952e+00 4.231227630330394618e+00 7.603548477540251760e-01
1.118460442108735009e+01 3.203609299537166777e+00 5.654370263973074184e-01
1.274245069961824761e+01 2.526411683944903785e+00 4.310102263676816037e-01
1.451728140926205768e+01 1.917180681342192550e+00 3.271077256563767466e-01
1.653931920034971981e+01 1.371539074237468014e+00 2.463156031911132304e-01
1.884299628142029093e+01 1.219697882917740728e+00 2.024795545024297150e-01
2.146754074702852577e+01 7.308436470435417665e-01 1.496683482948373556e-01
2.445764457215044274e+01 7.082581033897954459e-01 1.293454391884861499e-01
2.786422464810916466e+01 5.508963831096673758e-01 1.070347719069498771e-01
3.174528981929791982e+01 2.739211191951749225e-01 8.317078907087313566e-02
3.616692868500850011e+01 2.836153219307246953e-01 7.590156469663826566e-02
4.120443498711833286e+01 1.820706682960684386e-01 6.560794127029381806e-02
4.694358974726586098e+01 1.271577542935948824e-01 5.907390986379223996e-02
