1.069642439726958605e+00 -1.197790256814114329e+00 nan
1.218627458003121777e+00 -7.790582719186975869e-01 3.482832532224870992e-01
1.388363836590320144e+00 -9.063994439933582559e-01 1.923820394867764572e-01
1.581741926207981042e+00 -4.895928000639508948e-01 3.658836300120160701e-01
1.802054659727066133e+00 4.492268049773227023e-01 5.072011608538565808e-01
2.053053625776520175e+00 3.015044174435085989e+00 6.937036987879753314e-01
2.339012952555230562e+00 4.388782457202710319e+00 6.602731069743410508e-01
2.664802089693036891e+00 7.844797232230595441e+00 7.089078740718889327e-01
3.035968727524477995e+00 7.793656550732842803e+00 5.873280053846442472e-01
3.458833265763586962e+00 7.544589361450342757e+00 4.811696602970174097e-01
3.940596440236666886e+00 7.193029580749284335e+00 3.921758411260074517e-01
4.489461940391565875e+00 6.264567501180093423e+00 3.073799046817946579e-01
5.114776105571953835e+00 4.795332762421223194e+00 2.279202897103553005e-01
5.827187078870319503e+00 3.903597649942539327e+00 1.752623806262893491e-01
6.638826128706195817e+00 3.194886380723673813e+00 1.359718770724230585e-01
7.563514225758552811e+00 2.579420859146099865e+00 1.059278635988357975e-01
8.616997392941321721e+00 1.975087634110804569e+00 8.150105608667125578e-02
9.817214836071872952e+00 1.543074158929637951e+00 6.411470207066057025e-02
1.118460442108735009e+01 1.241361338428409677e+00 5.184155499709681980e-02
1.274245069961824761e+01 9.912735929480602781e-01 4.248163378430021286e-02
1.451728140926205768e+01 7.527010100089517319e-01 3.491097076704079150e-02
1.653931920034971981e+01 5.960502382364023521e-01 2.972193490047192119e-02
1.884299628142029093e+01 4.527942665912196851e-01 2.555918351711437830e-02
2.146754074702852577e+01 3.567943388988368270e-01 2.270479722082378166e-02
2.445764457215044274e+01 2.610235762058379372e-01 2.029086740842546768e-02
2.786422464810916466e+01 1.974586500156181312e-01 1.865294923144058398e-02
3.174528981929791982e+01 1.439112117282921322e-01 1.738190245816291502e-02
3.616692868500850011e+01 1.031302054876492846e-01 1.645074313476989347e-02
4.120443498711833286e+01 7.023443567639775509e-02 1.574140128626570420e-02
4.694358974726586098e+01 4.514366633535416007e-02 1.521963453492525958e-02
