1.069642439726958605e+00 -1.279726881508177705e+00 nan
1.218627458003121777e+00 -8.746156220247378599e-01 1.730518845144314311e-01
1.388363836590320144e+00 -5.291917809237418613e-01 2.846293165571727735e-01
1.581741926207981042e+00 1.979757988211703346e-01 3.699054368984758812e-01
1.802054659727066133e+00 2.577663619319026989e+00 5.268139310493955563e-01
2.053053625776520175e+00 4.646127425764320584e+00 5.446632815120727722e-01
2.339012952555230562e+00 6.007535446165990223e+00 4.998623588788341787e-01
2.664802089693036891e+00 7.971161432204022290e+00 4.748785461629166926e-01
3.035968727524477995e+00 7.353261831552568850e+00 3.813135031178728762e-01
3.458833265763586962e+00 6.846549165062903342e+00 3.079114122351369054e-01
3.940596440236666886e+00 6.154723635460085163e+00 2.451583035919115139e-01
4.489461940391565875e+00 5.085797417482305960e+00 1.883759292366492533e-01
5.114776105571953835e+00 4.004560187102521596e+00 1.424969734228372920e-01
5.827187078870319503e+00 3.221648834471928513e+00 1.098231534637917062e-01
6.638826128706195817e+00 2.601491653287710371e+00 8.547933372272441266e-02
7.563514225758552811e+00 2.089542925005042573e+00 6.718576677559467969e-02
8.616997392941321721e+00 1.701653933552603970e+00 5.376626787191984141e-02
9.817214836071872952e+00 1.333387909159341689e+00 4.295622414034248188e-02
1.118460442108735009e+01 1.021722506573661260e+00 3.465955390958015692e-02
1.274245069961824761e+01 8.090696521115854356e-01 2.886162224566256665e-02
1.451728140926205768e+01 6.347160106828571013e-01 2.447441039312208896e-02
1.653931920034971981e+01 4.902622361351693936e-01 2.111625608496288040e-02
1.884299628142029093e+01 3.703431318474568190e-01 1.853293153068446414e-02
2.146754074702852577e+01 2.927690773997739804e-01 1.680341059671094928e-02
2.445764457215044274e+01 2.195057788976846336e-01 1.537377138790136342e-02
2.786422464810916466e+01 1.567503764567519386e-01 1.424389882690142717e-02
3.174528981929791982e+01 1.132981662456633565e-01 1.346304078492772775e-02
3.616692868500850011e+01 7.621829145319813925e-02 1.284344921125489015e-02
4.120443498711833286e+01 5.647326278693509671e-02 1.248448727314732665e-02
4.694358974726586098e+01 3.986220276780239047e-02 1.220349919373067693e-02
