1.069642439726958605e+00 -1.372052740348672195e+00 nan
1.218627458003121777e+00 -5.121974274715859199e-01 5.186692044403830026e-01
1.388363836590320144e+00 -1.215970250467844238e+00 nan
1.581741926207981042e+00 -9.163854153409640713e-01 1.483909637620973720e-01
1.802054659727066133e+00 6.295964589682914170e-01 5.390751245284618465e-01
2.053053625776520175e+00 2.353423369782589702e+00 6.350106144119859186e-01
2.339012952555230562e+00 4.422323174608405516e+00 6.637983467385109027e-01
2.664802089693036891e+00 7.278658909087170059e+00 6.866363507720615322e-01
3.035968727524477995e+00 7.821606111753013124e+00 5.895665755895351801e-01
3.458833265763586962e+00 7.685492884720209084e+00 4.864081925719427879e-01
3.940596440236666886e+00 6.975592841221470053e+00 3.872957254932991589e-01
4.489461940391565875e+00 5.926434719612782231e+00 2.999725290779132192e-01
5.114776105571953835e+00 4.752357201147853871e+00 2.274298028553848050e-01
5.827187078870319503e+00 3.942039469256217288e+00 1.764133433584741117e-01
6.638826128706195817e+00 3.168042254908518096e+00 1.357217007954346633e-01
7.563514225758552811e+00 2.422523286433117207e+00 1.032554307426112178e-01
8.616997392941321721e+00 1.994113322089711149e+00 8.198719987401037468e-02
9.817214836071872952e+00 1.664827233226647607e+00 6.625144062896998198e-02
1.118460442108735009e+01 1.283463061535958349e+00 5.260512511143487779e-02
1.274245069961824761e+01 9.854637993619683733e-01 4.246456185874090267e-02
1.451728140926205768e+01 8.020233731973331892e-01 3.571007924005715345e-02
1.653931920034971981e+01 6.091229293794788724e-01 2.996114820427652620e-02
1.884299628142029093e+01 4.654065804031237708e-01 2.578067069495038749e-02
2.146754074702852577e+01 3.454479748879286660e-01 2.257289047395185863e-02
2.445764457215044274e+01 2.537115134594187804e-01 2.021307812667942280e-02
2.786422464810916466e+01 1.858577838717345720e-01 1.851091573244539185e-02
3.174528981929791982e+01 1.328767814010625159e-01 1.724584010622692495e-02
3.616692868500850011e+01 9.605630060519754210e-02 1.636956793311968375e-02
4.120443498711833286e+01 6.529406443655494385e-02 1.568939751894835033e-02
4.694358974726586098e+01 3.480121654134227249e-02 1.508976108494257048e-02
