1.069642439726958605e+00 -1.415343069727233782e+00 nan
1.218627458003121777e+00 -7.364256676603542218e-01 2.508431088658980568e-01
1.388363836590320144e+00 -7.272351518846942309e-01 2.165696884200065120e-01
1.581741926207981042e+00 1.137493844844725821e-01 3.565482798542444765e-01
1.802054659727066133e+00 2.418934924996083868e+00 5.147817682963604646e-01
2.053053625776520175e+00 4.421196786190109584e+00 5.334039730513828736e-01
2.339012952555230562e+00 7.016006394954432679e+00 5.354837202368547544e-01
2.664802089693036891e+00 7.823695627828214150e+00 4.706470883297625418e-01
3.035968727524477995e+00 7.637501106198746115e+00 3.880648585194431122e-01
3.458833265763586962e+00 7.215293831818581083e+00 3.156208136460210145e-01
3.940596440236666886e+00 5.985278176475466339e+00 2.418479334594339503e-01
4.489461940391565875e+00 5.017339137535588023e+00 1.871181030478360208e-01
5.114776105571953835e+00 4.226692013812105131e+00 1.461191487713162651e-01
5.827187078870319503e+00 3.364890982581594692e+00 1.120159227605370955e-01
6.638826128706195817e+00 2.634724616671335617e+00 8.594560961460276372e-02
7.563514225758552811e+00 2.109758972893841289e+00 6.745135220677550558e-02
8.616997392941321721e+00 1.670549286029129998e+00 5.333967135598893100e-02
9.817214836071872952e+00 1.334081498987332637e+00 4.295552955009462881e-02
1.118460442108735009e+01 1.053403253355200242e+00 3.504664998939813203e-02
1.274245069961824761e+01 8.474769762595888434e-01 2.932234714377400867e-02
1.451728140926205768e+01 6.334679118795982777e-01 2.445472531010703734e-02
1.653931920034971981e+01 4.984831794246240566e-01 2.120928754632226201e-02
1.884299628142029093e+01 3.766083701135600759e-01 1.860293658582054185e-02
2.146754074702852577e+01 2.904833118262826197e-01 1.677399302360865763e-02
2.445764457215044274e+01 2.162558212507823541e-01 1.533360179741793602e-02
2.786422464810916466e+01 1.606638469919641210e-01 1.428698584986239431e-02
3.174528981929791982e+01 1.166821654832885802e-01 1.350014220682065752e-02
3.616692868500850011e+01 8.005615843838631562e-02 1.288591427279227146e-02
4.120443498711833286e+01 5.692052161961314027e-02 1.248784369185438649e-02
4.694358974726586098e+01 3.811365145725420511e-02 1.218154668351962081e-02
