1.069642439726958605e+00 -1.257660080850609763e+00 nan
1.218627458003121777e+00 -7.827438254962653108e-01 2.280730518349876057e-01
1.388363836590320144e+00 -6.032945571832213361e-01 2.615780496639015795e-01
1.581741926207981042e+00 2.088315605069444025e-01 3.720267308341788093e-01
1.802054659727066133e+00 2.473738547329214832e+00 5.196821860734360810e-01
2.053053625776520175e+00 5.013363097957439507e+00 5.630308665361429821e-01
2.339012952555230562e+00 7.268064487877115454e+00 5.448868930853887349e-01
2.664802089693036891e+00 7.841019103430385329e+00 4.718121678151480092e-01
3.035968727524477995e+00 7.339765902453527779e+00 3.814293129472209887e-01
3.458833265763586962e+00 6.770501886371661726e+00 3.066395529085390037e-01
3.940596440236666886e+00 6.138188679900794753e+00 2.451205219471627172e-01
4.489461940391565875e+00 5.282295220852100570e+00 1.920372415250186648e-01
5.114776105571953835e+00 3.977798416441062912e+00 1.422097633071285616e-01
5.827187078870319503e+00 3.355163328797455602e+00 1.120147301926229105e-01
6.638826128706195817e+00 2.536132154270560157e+00 8.460759161823930286e-02
7.563514225758552811e+00 2.112322671146789510e+00 6.757283339898009777e-02
8.616997392941321721e+00 1.680613702862999492e+00 5.353970402125372147e-02
9.817214836071872952e+00 1.337755394996534175e+00 4.305379700498117301e-02
1.118460442108735009e+01 1.045183758549564246e+00 3.498428055120791219e-02
1.274245069961824761e+01 8.260183776846516945e-01 2.909342544409262640e-02
1.451728140926205768e+01 6.471246480794348166e-01 2.464337082606526258e-02
1.653931920034971981e+01 4.898214446013655632e-01 2.112800889878487312e-02
1.884299628142029093e+01 3.882441640806744143e-01 1.875660069826088835e-02
2.146754074702852577e+01 2.914452698912328721e-01 1.680022453598845056e-02
2.445764457215044274e+01 2.153944406732466454e-01 1.533678036251148735e-02
2.786422464810916466e+01 1.649537361346304909e-01 1.434852472941549294e-02
3.174528981929791982e+01 1.191108843187618227e-01 1.353911644783347551e-02
3.616692868500850011e+01 7.953271654641813626e-02 1.288999636572153717e-02
4.120443498711833286e+01 5.611147736593435909e-02 1.248814085184376567e-02
4.694358974726586098e+01 3.531623874321887513e-02 1.215849691576243070e-02
