1.069642439726958605e+00 -1.488664789146736389e+00 nan
1.218627458003121777e+00 -5.435880943538933252e-01 3.299731960954765952e-01
1.388363836590320144e+00 -7.466697279910092799e-01 2.086266995921679801e-01
1.581741926207981042e+00 3.073216253954822452e-01 3.861813003718356230e-01
1.802054659727066133e+00 2.611424905268925123e+00 5.289512809356167189e-01
2.053053625776520175e+00 4.421759373570963270e+00 5.332199868011741062e-01
2.339012952555230562e+00 6.676122922483143540e+00 5.234693544549791078e-01
2.664802089693036891e+00 7.480860035643411621e+00 4.608121677220684553e-01
3.035968727524477995e+00 7.802407646660018514e+00 3.918473806294942574e-01
3.458833265763586962e+00 6.569587018236072495e+00 3.017690356456007583e-01
3.940596440236666886e+00 5.976793841144492525e+00 2.415933105329126918e-01
4.489461940391565875e+00 5.035845277007564569e+00 1.873755572010730452e-01
5.114776105571953835e+00 3.963765051310540244e+00 1.417313891132422898e-01
5.827187078870319503e+00 3.316206235252243673e+00 1.112234411164320091e-01
6.638826128706195817e+00 2.649352164672693632e+00 8.612937518164366646e-02
7.563514225758552811e+00 2.095367947504198192e+00 6.722779511266659125e-02
8.616997392941321721e+00 1.657975384255548024e+00 5.315428680261827243e-02
9.817214836071872952e+00 1.307840375115441489e+00 4.260493265598943452e-02
1.118460442108735009e+01 1.082164893575865428e+00 3.539340999664811888e-02
1.274245069961824761e+01 8.315354767288605231e-01 2.912016308860881572e-02
1.451728140926205768e+01 6.368092523950708017e-01 2.448774710681509217e-02
1.653931920034971981e+01 5.008085783165590055e-01 2.123104086078280925e-02
1.884299628142029093e+01 3.878637555530068948e-01 1.872980871815555989e-02
2.146754074702852577e+01 2.929333421852053920e-01 1.679842707187579470e-02
2.445764457215044274e+01 2.129966015043180949e-01 1.529225051176616966e-02
2.786422464810916466e+01 1.649469550468212198e-01 1.433335842292679692e-02
3.174528981929791982e+01 1.173387120073079437e-01 1.350479721076061623e-02
3.616692868500850011e+01 8.037640867939099820e-02 1.288687555503943011e-02
4.120443498711833286e+01 5.488071910210612359e-02 1.246166715541083096e-02
4.694358974726586098e+01 3.532856678484597168e-02 1.214685981854109892e-02
