1.069642439726958605e+00 -1.284276169265033296e+00 nan
1.218627458003121777e+00 -8.705995466765061863e-01 2.656701170920012789e-01
1.388363836590320144e+00 -1.040392713688031101e+00 nan
1.581741926207981042e+00 -6.605033415896848226e-01 2.974145837320576469e-01
1.802054659727066133e+00 3.631140613829615393e-01 4.902824162184906132e-01
2.053053625776520175e+00 2.662573507532926875e+00 6.602151387466476118e-01
2.339012952555230562e+00 5.278391409019559610e+00 7.111885359461967981e-01
2.664802089693036891e+00 6.527059308954433092e+00 6.503455103608918320e-01
3.035968727524477995e+00 7.513640025195783778e+00 5.756507769053573753e-01
3.458833265763586962e+00 7.867165092263449289e+00 4.892184069071132679e-01
3.940596440236666886e+00 7.007767061107943896e+00 3.861264981253628159e-01
4.489461940391565875e+00 5.945574634795320890e+00 2.988884183845197939e-01
5.114776105571953835e+00 4.890140133047465199e+00 2.293259615569934740e-01
5.827187078870319503e+00 3.881803856979880507e+00 1.742883804924458546e-01
6.638826128706195817e+00 3.130623353127107489e+00 1.343314780038865341e-01
7.563514225758552811e+00 2.464977794904493535e+00 1.035359278378186892e-01
8.616997392941321721e+00 1.948571127965996297e+00 8.081169946766469936e-02
9.817214836071872952e+00 1.567187737554059712e+00 6.433932817008189420e-02
1.118460442108735009e+01 1.199911346748088636e+00 5.104491478257205256e-02
1.274245069961824761e+01 9.621817019998966103e-01 4.192661605987961504e-02
1.451728140926205768e+01 7.296263132918801020e-01 3.447998652478746762e-02
1.653931920034971981e+01 5.762379198614302478e-01 2.936189375822713388e-02
1.884299628142029093e+01 4.429077169948645309e-01 2.535973811785560347e-02
2.146754074702852577e+01 3.299836201475461195e-01 2.227181848033276887e-02
2.445764457215044274e+01 2.509677428234107222e-01 2.010682338448350343e-02
2.786422464810916466e+01 1.893055174161779597e-01 1.850136341760753173e-02
3.174528981929791982e+01 1.321943336465536412e-01 1.718341147552885501e-02
3.616692868500850011e+01 9.318754308949706022e-02 1.628025020561253353e-02
4.120443498711833286e+01 5.970308721064254698e-02 1.556452493587979526e-02
4.694358974726586098e+01 3.477638088209999978e-02 1.504649853719846817e-02
