1.069642439726958605e+00 -1.140822747548933869e+00 nan
1.218627458003121777e+00 -7.460138274673082659e-01 3.733162406021093838e-01
1.388363836590320144e+00 -7.975631684663466725e-01 2.828509599116285633e-01
1.581741926207981042e+00 -4.951497178705213109e-01 3.637813699826263902e-01
1.802054659727066133e+00 4.984497762339494820e-01 5.156095189229765730e-01
2.053053625776520175e+00 2.790107245740527375e+00 6.736711707259848136e-01
2.339012952555230562e+00 5.208518103038100477e+00 7.092406573429311800e-01
2.664802089693036891e+00 6.821598824266288830e+00 6.652392193620579874e-01
3.035968727524477995e+00 8.222136674046206295e+00 6.019629502573280444e-01
3.458833265763586962e+00 8.104206957692445812e+00 4.975758778498017842e-01
3.940596440236666886e+00 6.965041053839928331e+00 3.860992235151883833e-01
4.489461940391565875e+00 6.142951756265642160e+00 3.044250966014908633e-01
5.114776105571953835e+00 4.985023163103667443e+00 2.320538480899205225e-01
5.827187078870319503e+00 3.883686037491883347e+00 1.748037341976956260e-01
6.638826128706195817e+00 3.212431710958458364e+00 1.362755222804967747e-01
7.563514225758552811e+00 2.506381365150551765e+00 1.045674402452196894e-01
8.616997392941321721e+00 2.075015151937161573e+00 8.321241179312405256e-02
9.817214836071872952e+00 1.589091328462874042e+00 6.486271186549943946e-02
1.118460442108735009e+01 1.298254616212581869e+00 5.273466583815492048e-02
1.274245069961824761e+01 1.001170176847088200e+00 4.262461356710334215e-02
1.451728140926205768e+01 7.916266954270343437e-01 3.548837182726704426e-02
1.653931920034971981e+01 6.153537065057752553e-01 3.000041260337551682e-02
1.884299628142029093e+01 4.586498936152678674e-01 2.563942885539606184e-02
2.146754074702852577e+01 3.418683543624747578e-01 2.248548429192713527e-02
2.445764457215044274e+01 2.647060835185943706e-01 2.034010557405618869e-02
2.786422464810916466e+01 1.965346488119710244e-01 1.863663373460122674e-02
3.174528981929791982e+01 1.468240229133745967e-01 1.742062915490586589e-02
3.616692868500850011e+01 9.217750617174513827e-02 1.629219180183939103e-02
4.120443498711833286e+01 6.387424182559220398e-02 1.564847257000949107e-02
4.694358974726586098e+01 4.300320700454762779e-02 1.518689634237624375e-02
