1.069642439726958605e+00 -3.685719973622325618e-02 2.641411323711723824e+01
1.218627458003121777e+00 -7.963300939481576801e-01 9.230518030034312815e+00
1.388363836590320144e+00 -7.250537570414608002e-01 9.101771536821605224e+00
1.581741926207981042e+00 -1.287709497206703801e+00 nan
1.802054659727066133e+00 -2.564117655927620198e-01 1.002101842453088132e+01
2.053053625776520175e+00 -7.528684747458143089e-01 4.734834112519845206e+00
2.339012952555230562e+00 -1.045699091813156123e+00 nan
2.664802089693036891e+00 -5.605325790911712680e-01 4.292945835528097831e+00
3.035968727524477995e+00 -1.266885680718267793e+00 nan
3.458833265763586962e+00 -1.088903850620039915e+00 nan
3.940596440236666886e+00 -9.506368453007540964e-01 8.023534399121338145e-01
4.489461940391565875e+00 2.074280864304109961e+00 5.203531775119693670e+00
5.114776105571953835e+00 4.931295541417084927e+00 5.950520238472245538e+00
5.827187078870319503e+00 1.112795266164076935e+01 7.038518379868626162e+00
6.638826128706195817e+00 8.053085373068947561e+00 5.000501072537720582e+00
7.563514225758552811e+00 9.416401843706941222e+00 4.442703750940173002e+00
8.616997392941321721e+00 8.523059548369577243e+00 3.512639118099474711e+00
9.817214836071872952e+00 5.735111469829996089e+00 2.430533122781378008e+00
1.118460442108735009e+01 4.692577916104944791e+00 1.847803122951653165e+00
1.274245069961824761e+01 4.663369669287653174e+00 1.533268186112056952e+00
1.451728140926205768e+01 2.069276055289688276e+00 9.215281591370003689e-01
1.653931920034971981e+01 2.038785121464939287e+00 7.649431443568210920e-01
1.884299628142029093e+01 1.541948106389686268e+00 5.809282526610507480e-01
2.146754074702852577e+01 1.041532454823701270e+00 4.325508257473414386e-01
2.445764457215044274e+01 1.052624931974447842e+00 3.673740421141335477e-01
2.786422464810916466e+01 5.157522319668608191e-01 2.616680292772605720e-01
3.174528981929791982e+01 5.290142559900810060e-01 2.258471348973784543e-01
3.616692868500850011e+01 1.983468460597008765e-01 1.677443963844668928e-01
4.120443498711833286e+01 2.977568479079806263e-01 1.553541547310318960e-01
4.694358974726586098e+01 2.468847392917150607e-01 1.351119953080636149e-01
