1.069642439726958605e+00 -1.079785543542377102e+00 nan
1.218627458003121777e+00 -8.611011031741919730e-01 2.754430141588238845e-01
1.388363836590320144e+00 -8.717392519495223979e-01 2.246318163176761196e-01
1.581741926207981042e+00 -8.818998600919216724e-01 1.755251159747434342e-01
1.802054659727066133e+00 1.108569923149447245e+00 6.104720483852333901e-01
2.053053625776520175e+00 2.726065385567475907e+00 6.664180390166535295e-01
2.339012952555230562e+00 4.252401388496854118e+00 6.501081069128954448e-01
2.664802089693036891e+00 6.501868449635477276e+00 6.496795943086082215e-01
3.035968727524477995e+00 7.992078083752569562e+00 5.927465557158331233e-01
3.458833265763586962e+00 7.878995242451745540e+00 4.899007776976318507e-01
3.940596440236666886e+00 7.016389517687331434e+00 3.866135449547174474e-01
4.489461940391565875e+00 6.145359087927115382e+00 3.038338556206615082e-01
5.114776105571953835e+00 4.883580988996778061e+00 2.293324429038897383e-01
5.827187078870319503e+00 3.971810062775052330e+00 1.762586789144491295e-01
6.638826128706195817e+00 3.308966014386965693e+00 1.378524046313916729e-01
7.563514225758552811e+00 2.558920245686607586e+00 1.053168206061423501e-01
8.616997392941321721e+00 2.002012177535396731e+00 8.178889005585404659e-02
9.817214836071872952e+00 1.542040768680575713e+00 6.396059299903295026e-02
1.118460442108735009e+01 1.233963240186182198e+00 5.161698881941825107e-02
1.274245069961824761e+01 1.008449229829350813e+00 4.266186267942136123e-02
1.451728140926205768e+01 7.773163373335802984e-01 3.521437069580075907e-02
1.653931920034971981e+01 6.126664156809342732e-01 2.991306069419131033e-02
1.884299628142029093e+01 4.699723369032435816e-01 2.576500925878729559e-02
2.146754074702852577e+01 3.400716188291044162e-01 2.242717558098540273e-02
2.445764457215044274e+01 2.581227069884899361e-01 2.021792552751471711e-02
2.786422464810916466e+01 1.940089329243743776e-01 1.857609549935780244e-02
3.174528981929791982e+01 1.342748714583823499e-01 1.721986363854063201e-02
3.616692868500850011e+01 9.099894775584993489e-02 1.625538746378809435e-02
4.120443498711833286e+01 6.327890483714493364e-02 1.562121828236586255e-02
4.694358974726586098e+01 4.235225197246106354e-02 1.515973552037036196e-02
