1.069642439726958605e+00 -7.825910557334783135e-01 4.314448225369979184e+00
1.218627458003121777e+00 -5.441480077639839763e-01 4.747601351705471373e+00
1.388363836590320144e+00 -8.535974618442141448e-01 2.283354611876966533e+00
1.581741926207981042e+00 -1.015707539619017385e+00 nan
1.802054659727066133e+00 -1.492370928039230993e+00 nan
2.053053625776520175e+00 -6.295631581028091617e-01 1.992990844528756744e+00
2.339012952555230562e+00 -9.455841421683457426e-01 6.254302283295076759e-01
2.664802089693036891e+00 -9.605858694594600067e-01 4.419824892108875081e-01
3.035968727524477995e+00 -9.170439010233599753e-01 5.289672238574074647e-01
3.458833265763586962e+00 2.091230154373982408e+00 2.660976831609584092e+00
3.940596440236666886e+00 6.193833709877210936e+00 3.344832493145145413e+00
4.489461940391565875e+00 1.555323177332155815e+01 4.210043243347532105e+00
5.114776105571953835e+00 8.101365374039332323e+00 2.558381844876667088e+00
5.827187078870319503e+00 9.973938467922662809e+00 2.332740042963048488e+00
6.638826128706195817e+00 7.332041601685585164e+00 1.674391112178598595e+00
7.563514225758552811e+00 6.956558638487193136e+00 1.359717285991012714e+00
8.616997392941321721e+00 5.352945474646080726e+00 1.005215855345711340e+00
9.817214836071872952e+00 3.664986576794366790e+00 7.104042793402024492e-01
1.118460442108735009e+01 3.300439578621484848e+00 5.694084692293676087e-01
1.274245069961824761e+01 2.674754294207302152e+00 4.387396763411903766e-01
1.451728140926205768e+01 1.648409335508622231e+00 3.077569889146420934e-01
1.653931920034971981e+01 1.517881279558026986e+00 2.538310014519335467e-01
1.884299628142029093e+01 9.639922578728896685e-01 1.868997528043753742e-01
2.146754074702852577e+01 6.607855276038483439e-01 1.450836041621694217e-01
2.445764457215044274e+01 5.892365369288936616e-01 1.226714210800652349e-01
2.786422464810916466e+01 4.381975345118462872e-01 1.010568398517879690e-01
3.174528981929791982e+01 3.083488481933982506e-01 8.441504823447164296e-02
3.616692868500850011e+01 1.832563376150662116e-01 7.097230725828421183e-02
4.120443498711833286e+01 1.043984801068482682e-01 6.183964255062839033e-02
4.694358974726586098e+01 8.956974780762116950e-02 5.717352810191225071e-02
