1.069642439726958605e+00 -1.287247636279687413e+00 nan
1.218627458003121777e+00 -8.492139732031016575e-01 4.671085756922734311e-01
1.388363836590320144e+00 -8.519466610922170613e-01 3.928149169770358551e-01
1.581741926207981042e+00 -1.203662878269204484e+00 nan
1.802054659727066133e+00 -1.544876769325624899e-01 6.286310583293354126e-01
2.053053625776520175e+00 4.501716815984515563e-01 6.750632530761330186e-01
2.339012952555230562e+00 2.927102145235634278e+00 9.116929127719488601e-01
2.664802089693036891e+00 3.763293094789759596e+00 8.356642410117702813e-01
3.035968727524477995e+00 7.875099714542534990e+00 9.496771472158986871e-01
3.458833265763586962e+00 8.414792653550458468e+00 8.115431928982426157e-01
3.940596440236666886e+00 8.284825239031212263e+00 6.686942016921768595e-01
4.489461940391565875e+00 7.166161354004952244e+00 5.198124074742195289e-01
5.114776105571953835e+00 5.993898921639506661e+00 3.996114482459807160e-01
5.827187078870319503e+00 4.888755216940189996e+00 3.053164563421141842e-01
6.638826128706195817e+00 4.110583334506355158e+00 2.377258139080970500e-01
7.563514225758552811e+00 3.360328112860444971e+00 1.842510611290849865e-01
8.616997392941321721e+00 2.423401197400427254e+00 1.362481780065675496e-01
9.817214836071872952e+00 2.016113866996338100e+00 1.083856447249595817e-01
1.118460442108735009e+01 1.541534502462386325e+00 8.435584643551358175e-02
1.274245069961824761e+01 1.240169203002907228e+00 6.797423699613448778e-02
1.451728140926205768e+01 9.532540318686770764e-01 5.483828836262415879e-02
1.653931920034971981e+01 7.444091329916235900e-01 4.538076238805503065e-02
1.884299628142029093e+01 5.817203267491990459e-01 3.835150884014544570e-02
2.146754074702852577e+01 4.255768577341587644e-01 3.261185241638571430e-02
2.445764457215044274e+01 3.294922851926962437e-01 2.881846892714464564e-02
2.786422464810916466e+01 2.537525393234500992e-01 2.599513981050091335e-02
3.174528981929791982e+01 1.774089901641979772e-01 2.359341388534737932e-02
3.616692868500850011e+01 1.257043711425549493e-01 2.195007600062099523e-02
4.120443498711833286e+01 8.840385657068106084e-02 2.078518878950210910e-02
4.694358974726586098e+01 5.937633133342279379e-02 1.992333400088915768e-02
