1.069642439726958605e+00 -5.753526354862659176e-02 2.665023914621540158e+01
1.218627458003121777e+00 -8.321543408360130289e-01 8.546642029793856565e+00
1.388363836590320144e+00 -9.793886058360350422e-01 2.541748765055961812e+00
1.581741926207981042e+00 -1.187500000000000000e+00 nan
1.802054659727066133e+00 -1.562936820981247088e+00 nan
2.053053625776520175e+00 -9.202575187096173615e-01 2.743223759160736019e+00
2.339012952555230562e+00 -5.093804537521817721e-01 5.571555965943278288e+00
2.664802089693036891e+00 -5.610455746793010512e-01 4.376021492405767432e+00
3.035968727524477995e+00 -1.207945838451190301e+00 nan
3.458833265763586962e+00 -8.906982042215156881e-01 1.482564708724884328e+00
3.940596440236666886e+00 7.950236098732084145e+00 1.104001316829650037e+01
4.489461940391565875e+00 1.416195492663096367e+01 1.183041510721052703e+01
5.114776105571953835e+00 9.295432204141496513e+00 8.011699127543147725e+00
5.827187078870319503e+00 8.739369528350660943e+00 6.421900261611338756e+00
6.638826128706195817e+00 1.582439060693769406e+01 7.004983703905678816e+00
7.563514225758552811e+00 1.552673061418238198e+01 5.756169468849538617e+00
8.616997392941321721e+00 5.894592134597303357e+00 3.030223577895090337e+00
9.817214836071872952e+00 6.618897638617530887e+00 2.642816293720002818e+00
1.118460442108735009e+01 4.914975802980078079e+00 1.922079261894947821e+00
1.274245069961824761e+01 3.704801873438206883e+00 1.415262718985053514e+00
1.451728140926205768e+01 3.758916824074060692e+00 1.189083118176278875e+00
1.653931920034971981e+01 2.212695359107146320e+00 8.035084282669986422e-01
1.884299628142029093e+01 1.969397150755510584e+00 6.453573685929578918e-01
2.146754074702852577e+01 1.415750896140483217e+00 4.846724784358225624e-01
2.445764457215044274e+01 8.977315795840208335e-01 3.573362479841835637e-01
2.786422464810916466e+01 6.505168908071354839e-01 2.802587712746091309e-01
3.174528981929791982e+01 5.826431363453408174e-01 2.348015933343814698e-01
3.616692868500850011e+01 2.998131414467470890e-01 1.797912332342271602e-01
4.120443498711833286e+01 2.372841889623031886e-01 1.527368843203804616e-01
4.694358974726586098e+01 2.375081196996919886e-01 1.364055073621185388e-01
