1.069642439726958605e+00 -1.258482824190426008e+00 nan
1.218627458003121777e+00 -1.062133974158263161e+00 nan
1.388363836590320144e+00 -9.676165410604598005e-01 1.838508816654199629e-01
1.581741926207981042e+00 -9.107456080247759989e-01 2.485478521397100071e-01
1.802054659727066133e+00 -1.179131992142440577e+00 nan
2.053053625776520175e+00 6.067877624475519482e-01 7.111847761542554602e-01
2.339012952555230562e+00 3.778891993302483598e+00 1.007151974212350920e+00
2.664802089693036891e+00 4.616991206925847635e+00 9.090258649821274517e-01
3.035968727524477995e+00 7.430931790615475485e+00 9.256432195035967370e-01
3.458833265763586962e+00 7.636537366807908178e+00 7.764385502979453957e-01
3.940596440236666886e+00 8.266547457715271108e+00 6.684904454233587812e-01
4.489461940391565875e+00 7.460480330876285038e+00 5.302591910073111148e-01
5.114776105571953835e+00 6.239934198900164652e+00 4.075951628032554730e-01
5.827187078870319503e+00 5.145150695872109381e+00 3.129460877341638803e-01
6.638826128706195817e+00 4.090214643614609180e+00 2.373480212836229508e-01
7.563514225758552811e+00 3.188397463387621755e+00 1.800512957171414019e-01
8.616997392941321721e+00 2.455969539023429959e+00 1.371239393715659727e-01
9.817214836071872952e+00 2.017726298252993100e+00 1.084945991090004586e-01
1.118460442108735009e+01 1.546959977006904907e+00 8.452786132119048668e-02
1.274245069961824761e+01 1.245562450512290642e+00 6.812815618188738931e-02
1.451728140926205768e+01 9.368489682459657519e-01 5.454497466704359698e-02
1.653931920034971981e+01 7.298361176735561617e-01 4.512529428812590143e-02
1.884299628142029093e+01 5.549002466779431320e-01 3.786531771688913389e-02
2.146754074702852577e+01 4.302473227983016901e-01 3.271601857450441575e-02
2.445764457215044274e+01 3.216563290380336504e-01 2.868845223524715132e-02
2.786422464810916466e+01 2.355522530368479028e-01 2.567437365442430328e-02
3.174528981929791982e+01 1.689825762274965726e-01 2.345052119772732258e-02
3.616692868500850011e+01 1.241335378088876951e-01 2.193107631087574255e-02
4.120443498711833286e+01 8.319874724772047259e-02 2.069942717461119644e-02
4.694358974726586098e+01 5.403683266634606852e-02 1.983462042501974582e-02
