1.069642439726958605e+00 -1.333430081031132808e+00 nan
1.218627458003121777e+00 -1.176790723130601179e+00 nan
1.388363836590320144e+00 -8.664447685591241122e-01 2.195984698206574492e+00
1.581741926207981042e+00 -1.475217601547388568e+00 nan
1.802054659727066133e+00 -9.407925830061085737e-01 9.788697234153175275e-01
2.053053625776520175e+00 -7.082901877241964961e-01 1.780822167224027641e+00
2.339012952555230562e+00 -7.782318703353015010e-01 1.271379705298476104e+00
2.664802089693036891e+00 -8.494899953505019585e-01 8.697030496420219414e-01
3.035968727524477995e+00 -9.303309557854495537e-01 4.881157080033471929e-01
3.458833265763586962e+00 2.767676675284439280e+00 2.958902262192916854e+00
3.940596440236666886e+00 6.402835410822648399e+00 3.416925925798129704e+00
4.489461940391565875e+00 1.341890179647691639e+01 3.948565460407407191e+00
5.114776105571953835e+00 9.243743463106090630e+00 2.736920607994236310e+00
5.827187078870319503e+00 1.075412343198190968e+01 2.434263483668222428e+00
6.638826128706195817e+00 9.958183537546579700e+00 1.947554559881688574e+00
7.563514225758552811e+00 7.998530275500018050e+00 1.461920974735152923e+00
8.616997392941321721e+00 5.139907673499441998e+00 9.935324549381006065e-01
9.817214836071872952e+00 4.455382067948859159e+00 7.787111677746745286e-01
1.118460442108735009e+01 3.192196229268250196e+00 5.651040069098601792e-01
1.274245069961824761e+01 2.111144851875985218e+00 4.021087621871234363e-01
1.451728140926205768e+01 1.942670200807985470e+00 3.290475731500437373e-01
1.653931920034971981e+01 1.581916231844170628e+00 2.592691482207663545e-01
1.884299628142029093e+01 1.156026901565158749e+00 1.990591684665720396e-01
2.146754074702852577e+01 9.131676896684297606e-01 1.596141384346080883e-01
2.445764457215044274e+01 5.492056252464629917e-01 1.213273689123347543e-01
2.786422464810916466e+01 3.833134982871178043e-01 9.892360256123995665e-02
3.174528981929791982e+01 3.439227624380234438e-01 8.654695297336106874e-02
3.616692868500850011e+01 2.075653401182997460e-01 7.245469024385758905e-02
4.120443498711833286e+01 1.487881504557388990e-01 6.414676370778994718e-02
4.694358974726586098e+01 1.074265195870549583e-01 5.822948978487843541e-02
