1.069642439726958605e+00 -1.321828423851988177e+00 nan
1.218627458003121777e+00 -1.475391847185656857e+00 nan
1.388363836590320144e+00 -1.005738125368415226e+00 nan
1.581741926207981042e+00 -7.732959101844425476e-01 2.318196568402626223e+00
1.802054659727066133e+00 -9.311430930184281252e-01 1.050378951654632909e+00
2.053053625776520175e+00 -7.445281756679005269e-01 1.658251295827896099e+00
2.339012952555230562e+00 -1.129266679822149122e+00 nan
2.664802089693036891e+00 -1.088424045208015833e+00 nan
3.035968727524477995e+00 -2.213145565388314751e-01 1.624076874708382690e+00
3.458833265763586962e+00 2.123034602221019362e+00 2.679807725117479222e+00
3.940596440236666886e+00 6.214487452043803373e+00 3.356091975449982723e+00
4.489461940391565875e+00 5.722061312812174450e+00 2.664172775370665214e+00
5.114776105571953835e+00 1.284604632725876527e+01 3.181482626743160402e+00
5.827187078870319503e+00 8.096767403140717079e+00 2.120137894438435922e+00
6.638826128706195817e+00 9.133588948831375731e+00 1.859499033178636518e+00
7.563514225758552811e+00 7.241327579279246862e+00 1.388039810608431290e+00
8.616997392941321721e+00 5.801933281874426029e+00 1.044872451574035299e+00
9.817214836071872952e+00 4.441710740731798168e+00 7.739587196229562593e-01
1.118460442108735009e+01 3.394071326246459464e+00 5.773071990681161170e-01
1.274245069961824761e+01 2.503632667131840961e+00 4.278251080735028800e-01
1.451728140926205768e+01 2.167509928685607434e+00 3.418315402821792692e-01
1.653931920034971981e+01 1.409826666411892360e+00 2.477481342825458566e-01
1.884299628142029093e+01 1.101112112697889112e+00 1.950731353073301699e-01
2.146754074702852577e+01 7.680463220018260984e-01 1.511593915097273477e-01
2.445764457215044274e+01 6.041365860186629355e-01 1.236302941275765899e-01
2.786422464810916466e+01 4.299012093877376817e-01 1.008079733209614887e-01
3.174528981929791982e+01 3.196003758911620807e-01 8.507088351042585428e-02
3.616692868500850011e+01 1.955748913556061286e-01 7.163953784279475379e-02
4.120443498711833286e+01 1.563237512712107868e-01 6.426660176301245142e-02
4.694358974726586098e+01 1.150142156421780637e-01 5.837927912633914668e-02
