1.069642439726958605e+00 -1.250190444193230555e+00 nan
1.218627458003121777e+00 -1.070579115496983036e+00 nan
1.388363836590320144e+00 -5.807106080549908622e-01 2.680333930723843849e-01
1.581741926207981042e+00 -1.983427668593045201e-01 3.018865366463436284e-01
1.802054659727066133e+00 2.698451064566089741e+00 5.345623674628326993e-01
2.053053625776520175e+00 4.431661592641108705e+00 5.329542942950392659e-01
2.339012952555230562e+00 7.261545187652542310e+00 5.428910564230962077e-01
2.664802089693036891e+00 7.895891129681831266e+00 4.718138615529018920e-01
3.035968727524477995e+00 7.793912058873601723e+00 3.911034492985295263e-01
3.458833265763586962e+00 7.090154785325942122e+00 3.124441392838286369e-01
3.940596440236666886e+00 6.162977185669785030e+00 2.448277131275149454e-01
4.489461940391565875e+00 5.031377842267969136e+00 1.870469067096224292e-01
5.114776105571953835e+00 4.109228830485952777e+00 1.439483750392658856e-01
5.827187078870319503e+00 3.280148583215687363e+00 1.105222068928848472e-01
6.638826128706195817e+00 2.550804506254866322e+00 8.457621569243192750e-02
7.563514225758552811e+00 2.149545786866435826e+00 6.789781205325717828e-02
8.616997392941321721e+00 1.669852115481303745e+00 5.324902000880916975e-02
9.817214836071872952e+00 1.291333302093501612e+00 4.234392730087871426e-02
1.118460442108735009e+01 1.065091495306187852e+00 3.514239982667909101e-02
1.274245069961824761e+01 8.241669544079168741e-01 2.900002634764489370e-02
1.451728140926205768e+01 6.278581344874212267e-01 2.435632417213886430e-02
1.653931920034971981e+01 5.062454651337406908e-01 2.127480959870908447e-02
1.884299628142029093e+01 3.858043808630822191e-01 1.868874805866355820e-02
2.146754074702852577e+01 2.922631312718650953e-01 1.677608379059641192e-02
2.445764457215044274e+01 2.168385928083351732e-01 1.532405409931825516e-02
2.786422464810916466e+01 1.595703654787021808e-01 1.425968950570528394e-02
3.174528981929791982e+01 1.158320450363821141e-01 1.347687630607498181e-02
3.616692868500850011e+01 8.136295809790583533e-02 1.288846275857256224e-02
4.120443498711833286e+01 5.689498726906117021e-02 1.247560373748563857e-02
4.694358974726586098e+01 3.386476635602697627e-02 1.212099314422651446e-02
