1.069642439726958605e+00 -1.236932672831955848e+00 nan
1.218627458003121777e+00 -8.906234878437491176e-01 1.612219160701733878e-01
1.388363836590320144e+00 -2.430576199751135480e-01 3.600367909530058919e-01
1.581741926207981042e+00 1.027131025818954768e-01 3.539841500079088377e-01
1.802054659727066133e+00 2.823008073659168726e+00 5.433312772006466673e-01
2.053053625776520175e+00 4.462321367310751796e+00 5.342651618750875464e-01
2.339012952555230562e+00 6.454128595362975673e+00 5.146993169471666407e-01
2.664802089693036891e+00 8.026999239228196359e+00 4.752584119186882838e-01
3.035968727524477995e+00 7.813612779156542842e+00 3.914196662680863303e-01
3.458833265763586962e+00 7.004053766797215808e+00 3.105106930788227304e-01
3.940596440236666886e+00 6.096341901551884490e+00 2.434651615997724117e-01
4.489461940391565875e+00 4.844525518125639252e+00 1.836627681815555246e-01
5.114776105571953835e+00 4.024242030796456149e+00 1.424944926645784204e-01
5.827187078870319503e+00 3.256122457422732541e+00 1.101101109753114815e-01
6.638826128706195817e+00 2.596033274483477982e+00 8.521034356356106676e-02
7.563514225758552811e+00 2.070675981233363050e+00 6.677827723835427776e-02
8.616997392941321721e+00 1.738501698001214901e+00 5.414303727470554800e-02
9.817214836071872952e+00 1.298444043269067816e+00 4.242160295757899796e-02
1.118460442108735009e+01 1.069826587894367353e+00 3.519039327047823046e-02
1.274245069961824761e+01 8.391743663350337279e-01 2.917357405708877194e-02
1.451728140926205768e+01 6.440480492068323404e-01 2.454259702288096381e-02
1.653931920034971981e+01 5.104382031394982810e-01 2.131851924867720141e-02
1.884299628142029093e+01 3.989282026115126278e-01 1.883728952775062457e-02
2.146754074702852577e+01 3.038692827894284854e-01 1.690688640327026385e-02
2.445764457215044274e+01 2.273018307899612456e-01 1.544170640422138849e-02
2.786422464810916466e+01 1.632031185767683912e-01 1.429850850234741684e-02
3.174528981929791982e+01 1.201608509599347840e-01 1.352395721616192655e-02
3.616692868500850011e+01 8.390585542296968846e-02 1.291508867803751147e-02
4.120443498711833286e+01 6.107481136160308743e-02 1.252125048802599054e-02
4.694358974726586098e+01 4.036153094766414817e-02 1.219348070342799080e-02
