1.069642439726958605e+00 -1.281317562889766393e+00 nan
1.218627458003121777e+00 -1.003383718484238685e+00 nan
1.388363836590320144e+00 -9.526455456393476684e-01 1.373411164518578143e-01
1.581741926207981042e+00 -5.309116234042423610e-01 3.520502932737583635e-01
1.802054659727066133e+00 2.392314572572247222e-01 4.706901880961293361e-01
2.053053625776520175e+00 1.833685719531049862e+00 5.843421066150388254e-01
2.339012952555230562e+00 4.981897535960047918e+00 6.987275240310806268e-01
2.664802089693036891e+00 6.977950772342090602e+00 6.746789123784719955e-01
3.035968727524477995e+00 7.381519503988351438e+00 5.748578030633076930e-01
3.458833265763586962e+00 7.467835212129794620e+00 4.805778436860074221e-01
3.940596440236666886e+00 6.697096214320731988e+00 3.804442692793545411e-01
4.489461940391565875e+00 5.978541533405637765e+00 3.016455804210628200e-01
5.114776105571953835e+00 4.852978206054605614e+00 2.299901922493995388e-01
5.827187078870319503e+00 3.973415628501233865e+00 1.773045784117361634e-01
6.638826128706195817e+00 3.177252898783842205e+00 1.360833734830594610e-01
7.563514225758552811e+00 2.517733171715982543e+00 1.051444590331693379e-01
8.616997392941321721e+00 1.972325614499881308e+00 8.171312454172031947e-02
9.817214836071872952e+00 1.597807000570763414e+00 6.522388581113536254e-02
1.118460442108735009e+01 1.259780984438221285e+00 5.229083062786065578e-02
1.274245069961824761e+01 9.944826447250538770e-01 4.265310999236432421e-02
1.451728140926205768e+01 7.866555443115892388e-01 3.551833253836928633e-02
1.653931920034971981e+01 6.073632071006096478e-01 2.996673309357578141e-02
1.884299628142029093e+01 4.560614595031542429e-01 2.567028207753803415e-02
2.146754074702852577e+01 3.371121943775259311e-01 2.247397405472973536e-02
2.445764457215044274e+01 2.492942999599774279e-01 2.016798970753374415e-02
2.786422464810916466e+01 1.814386709869830749e-01 1.846375570471895516e-02
3.174528981929791982e+01 1.341002221183407173e-01 1.727776187314306391e-02
3.616692868500850011e+01 9.314766950336816898e-02 1.634135658391272158e-02
4.120443498711833286e+01 5.873494272959622897e-02 1.560829324573314789e-02
4.694358974726586098e+01 3.872168078104487599e-02 1.515741204178452407e-02
