1.069642439726958605e+00 -1.255018746553341114e+00 nan
1.218627458003121777e+00 -1.083608318358740163e+00 nan
1.388363836590320144e+00 -7.683971898396539935e-01 3.027478605707085157e-01
1.581741926207981042e+00 -3.980375628566954482e-01 3.975146263887260334e-01
1.802054659727066133e+00 3.909048484240496002e-01 4.970667629114731700e-01
2.053053625776520175e+00 2.758535091584475296e+00 6.712929003432853703e-01
2.339012952555230562e+00 4.949497918235914895e+00 6.945286311117278011e-01
2.664802089693036891e+00 7.713139693130073304e+00 7.037156937179647187e-01
3.035968727524477995e+00 7.833471117939702744e+00 5.889398692480134478e-01
3.458833265763586962e+00 7.609888685578421352e+00 4.833040370719204337e-01
3.940596440236666886e+00 6.568979079461559678e+00 3.758137600430004333e-01
4.489461940391565875e+00 5.726221514895026843e+00 2.946379763746468927e-01
5.114776105571953835e+00 4.657459992384586300e+00 2.249236560991674239e-01
5.827187078870319503e+00 3.961649948663175103e+00 1.765250608724567849e-01
6.638826128706195817e+00 3.043112700134669169e+00 1.330701726002596064e-01
7.563514225758552811e+00 2.556788786475504338e+00 1.055515085611510723e-01
8.616997392941321721e+00 2.024704275896225258e+00 8.239008871640997322e-02
9.817214836071872952e+00 1.575742221842919122e+00 6.467810807605449408e-02
1.118460442108735009e+01 1.205505789532865801e+00 5.128552019560716352e-02
1.274245069961824761e+01 9.987543412369972451e-01 4.260974599657149642e-02
1.451728140926205768e+01 7.574995251094940318e-01 3.499324427112805724e-02
1.653931920034971981e+01 5.967184970758261375e-01 2.973996002148553836e-02
1.884299628142029093e+01 4.346039453481640447e-01 2.530108491931103154e-02
2.146754074702852577e+01 3.533592975540487124e-01 2.266089589850783445e-02
2.445764457215044274e+01 2.508237477324954945e-01 2.014940833170893869e-02
2.786422464810916466e+01 1.972699701260411942e-01 1.865447291333039923e-02
3.174528981929791982e+01 1.362726357838712765e-01 1.727675521593310948e-02
3.616692868500850011e+01 9.391610589691556932e-02 1.632295643079058334e-02
4.120443498711833286e+01 7.089293481532621399e-02 1.575402813698099577e-02
4.694358974726586098e+01 4.098663023647430848e-02 1.516355020863381468e-02
