1.069642439726958605e+00 -8.077672605790646720e-01 4.114256696573935557e+00
1.218627458003121777e+00 -1.192339228295820064e+00 nan
1.388363836590320144e+00 -1.406113941639647980e+00 nan
1.581741926207981042e+00 -9.943181818181818787e-01 3.714638187088848964e-01
1.802054659727066133e+00 -1.291664936682582976e+00 nan
2.053053625776520175e+00 -9.242347650257984881e-01 9.140353338583293574e-01
2.339012952555230562e+00 -1.140013790201944932e+00 nan
2.664802089693036891e+00 -9.464175207890157537e-01 5.226162442919827233e-01
3.035968727524477995e+00 -8.372993068959468932e-01 7.512771326093765634e-01
3.458833265763586962e+00 3.818024833155445830e+00 3.371345371085832543e+00
3.940596440236666886e+00 7.048351061034273002e+00 3.589532983694557977e+00
4.489461940391565875e+00 8.165516054449788896e+00 3.155493583902378774e+00
5.114776105571953835e+00 1.080593611042486835e+01 2.964981085193399757e+00
5.827187078870319503e+00 9.581886394585632516e+00 2.320618043943815767e+00
6.638826128706195817e+00 9.868971327775605928e+00 1.952558227507517064e+00
7.563514225758552811e+00 6.673651199083593610e+00 1.352002342628374931e+00
8.616997392941321721e+00 5.943669615664337158e+00 1.068930016232209734e+00
9.817214836071872952e+00 4.213015511455356688e+00 7.647888296637946892e-01
1.118460442108735009e+01 3.786376881847844711e+00 6.124484906075153834e-01
1.274245069961824761e+01 2.645549231992652572e+00 4.425146754162011531e-01
1.451728140926205768e+01 2.016306624355824972e+00 3.359792795439013324e-01
1.653931920034971981e+01 1.511450392837386802e+00 2.566873775336956376e-01
1.884299628142029093e+01 1.159383549761277887e+00 2.005108162420335682e-01
2.146754074702852577e+01 7.353329671919219823e-01 1.509718179612471456e-01
2.445764457215044274e+01 6.935466675619270660e-01 1.294690945418478234e-01
2.786422464810916466e+01 4.727989586700072078e-01 1.039071394516598579e-01
3.174528981929791982e+01 3.318666869604820491e-01 8.644896119107153831e-02
3.616692868500850011e+01 2.570720812097484487e-01 7.512235196907757206e-02
4.120443498711833286e+01 1.787744031535509759e-01 6.582373331526711335e-02
4.694358974726586098e+01 7.751113118068242436e-02 5.715751271035938996e-02
