1.069642439726958605e+00 -1.594205965512914158e+00 nan
1.218627458003121777e+00 -9.855639535915179383e-01 5.882452872711434189e-02
1.388363836590320144e+00 -6.387313535781353746e-01 2.497740725560612385e-01
1.581741926207981042e+00 4.390124927896508211e-01 4.062119138673424001e-01
1.802054659727066133e+00 2.405372214834581968e+00 5.148328423287327205e-01
2.053053625776520175e+00 4.609763111046507156e+00 5.438667161110743997e-01
2.339012952555230562e+00 6.245388684683907954e+00 5.094181012503119499e-01
2.664802089693036891e+00 7.565787592537969175e+00 4.643537218686907275e-01
3.035968727524477995e+00 7.455504466433543698e+00 3.844692606649628419e-01
3.458833265763586962e+00 7.426477795117139458e+00 3.206660903319042411e-01
3.940596440236666886e+00 6.088665608152991737e+00 2.443165013637979832e-01
4.489461940391565875e+00 5.164464391307765467e+00 1.900826456249802843e-01
5.114776105571953835e+00 4.115754007261572589e+00 1.445763643570806278e-01
5.827187078870319503e+00 3.235034225601615798e+00 1.102127655951631868e-01
6.638826128706195817e+00 2.572179538610977367e+00 8.518578128033146846e-02
7.563514225758552811e+00 2.062913945168300511e+00 6.691915944482847156e-02
8.616997392941321721e+00 1.733509654233793995e+00 5.427193153352093125e-02
9.817214836071872952e+00 1.308655845808655016e+00 4.270135349944615549e-02
1.118460442108735009e+01 1.081434799860794271e+00 3.545259081735898515e-02
1.274245069961824761e+01 8.281811306786259763e-01 2.913311394184975311e-02
1.451728140926205768e+01 6.502929222275029009e-01 2.469202551901765116e-02
1.653931920034971981e+01 5.248584894732506445e-01 2.155035750735851893e-02
1.884299628142029093e+01 4.020623459718151160e-01 1.892576254745641576e-02
2.146754074702852577e+01 3.027339602907554994e-01 1.693802939603097912e-02
2.445764457215044274e+01 2.310910949847966300e-01 1.552455959353100587e-02
2.786422464810916466e+01 1.696286564610349767e-01 1.440770956915157081e-02
3.174528981929791982e+01 1.262145401075174256e-01 1.362594804858852440e-02
3.616692868500850011e+01 8.246835298716770346e-02 1.292823907778927611e-02
4.120443498711833286e+01 5.798639264551375128e-02 1.251389873134415784e-02
4.694358974726586098e+01 4.263515667588513303e-02 1.224706372629158491e-02
