1.069642439726958605e+00 -6.716304026516906056e-02 2.675520331153185793e+01
1.218627458003121777e+00 -5.406951931802599365e-01 1.426686744834176857e+01
1.388363836590320144e+00 -1.219343237976196814e+00 nan
1.581741926207981042e+00 -1.354575946334451775e+00 nan
1.802054659727066133e+00 -1.188382086721889053e+00 nan
2.053053625776520175e+00 -1.539106929717517058e+00 nan
2.339012952555230562e+00 -1.195087326932871008e+00 nan
2.664802089693036891e+00 -9.767934716083219726e-01 1.015312838755258129e+00
3.035968727524477995e+00 -7.866414033918307513e-01 2.539665941298644647e+00
3.458833265763586962e+00 -1.420484202402173324e+00 nan
3.940596440236666886e+00 8.404032715068732173e+00 1.142035975959209004e+01
4.489461940391565875e+00 -9.035974797406038928e-01 9.474896842361824056e-01
5.114776105571953835e+00 9.504916279646652200e+00 8.166919029479036141e+00
5.827187078870319503e+00 2.025606863233038624e+01 9.646296920804449115e+00
6.638826128706195817e+00 1.624472709245560864e+01 7.158379779077763239e+00
7.563514225758552811e+00 7.430178068741640551e+00 4.100076945057813838e+00
8.616997392941321721e+00 8.268422152550705562e+00 3.562685273721525103e+00
9.817214836071872952e+00 5.467320655289469755e+00 2.447827015622100699e+00
1.118460442108735009e+01 2.962480201697145432e+00 1.573041868768606966e+00
1.274245069961824761e+01 4.437354698508672257e+00 1.542319877666625150e+00
1.451728140926205768e+01 3.047619902788031965e+00 1.098646551080487477e+00
1.653931920034971981e+01 2.728125782380252495e+00 8.793950515616839603e-01
1.884299628142029093e+01 9.406822524904332461e-01 5.151680705690477868e-01
2.146754074702852577e+01 1.504932642315307545e+00 4.990023585522056493e-01
2.445764457215044274e+01 6.747851592290055045e-01 3.353154905361391269e-01
2.786422464810916466e+01 6.200445123085709387e-01 2.794305550710289854e-01
3.174528981929791982e+01 4.997918388292699188e-01 2.288289711674937055e-01
3.616692868500850011e+01 4.526227507914877268e-01 1.948421160227003512e-01
4.120443498711833286e+01 2.942622814990081270e-01 1.587119075588157291e-01
4.694358974726586098e+01 1.065402449870465063e-01 1.266360644984224626e-01
