1.069642439726958605e+00 -1.172968516247462123e+00 nan
1.218627458003121777e+00 -7.967483314554797413e-01 2.195618982516535367e-01
1.388363836590320144e+00 -5.370023105480898895e-01 2.812689180670313593e-01
1.581741926207981042e+00 6.390970615842095359e-01 4.312788808602996959e-01
1.802054659727066133e+00 2.488249062391560074e+00 5.183321730322862919e-01
2.053053625776520175e+00 4.867263152283965333e+00 5.534516240033756640e-01
2.339012952555230562e+00 6.823455098204222580e+00 5.271419100001769609e-01
2.664802089693036891e+00 7.895808196052030326e+00 4.711680549245554350e-01
3.035968727524477995e+00 7.350710316092412988e+00 3.799585789693958326e-01
3.458833265763586962e+00 6.994694117491509822e+00 3.100170751197834362e-01
3.940596440236666886e+00 6.043731747087212725e+00 2.422309012582296306e-01
4.489461940391565875e+00 5.075674521873962952e+00 1.875838928718581156e-01
5.114776105571953835e+00 4.012082814562972111e+00 1.421631889521021708e-01
5.827187078870319503e+00 3.230570264886334364e+00 1.096148547570351683e-01
6.638826128706195817e+00 2.626526462191864475e+00 8.558159871845123778e-02
7.563514225758552811e+00 2.133248517176660197e+00 6.759063151416654092e-02
8.616997392941321721e+00 1.665909641547889564e+00 5.313464713485464841e-02
9.817214836071872952e+00 1.308363008130362992e+00 4.251475139711889673e-02
1.118460442108735009e+01 1.046283744323194487e+00 3.487103373795787803e-02
1.274245069961824761e+01 8.487129066745733308e-01 2.926777265982856424e-02
1.451728140926205768e+01 6.513590640452282532e-01 2.461254800429900705e-02
1.653931920034971981e+01 5.105745517026520908e-01 2.130596091906790737e-02
1.884299628142029093e+01 4.071784577594239618e-01 1.892168456769315055e-02
2.146754074702852577e+01 3.139940602195681052e-01 1.701426763676908843e-02
2.445764457215044274e+01 2.356309609894631230e-01 1.552920663583412172e-02
2.786422464810916466e+01 1.648962147798964661e-01 1.431009493762925786e-02
3.174528981929791982e+01 1.171607695280050265e-01 1.348198610653470082e-02
3.616692868500850011e+01 8.414503514426363573e-02 1.291100465203823093e-02
4.120443498711833286e+01 6.065225253539652250e-02 1.250985422794243830e-02
4.694358974726586098e+01 4.376034799588124358e-02 1.222641852553634466e-02
