1.069642439726958605e+00 -9.712634305895944120e-01 1.576897774132704377e+00
1.218627458003121777e+00 -1.173287680447738790e+00 nan
1.388363836590320144e+00 -1.310667033591019770e+00 nan
1.581741926207981042e+00 -1.174686192468619161e+00 nan
1.802054659727066133e+00 -1.238342151185263251e+00 nan
2.053053625776520175e+00 -9.075130596329124000e-01 1.001101317687752124e+00
2.339012952555230562e+00 -9.107798089771954597e-01 8.051005735865698343e-01
2.664802089693036891e+00 2.285356936216636381e+00 4.059217833389259233e+00
3.035968727524477995e+00 -1.195482893203755115e+00 nan
3.458833265763586962e+00 6.516108826530572884e+00 4.178972127981814388e+00
3.940596440236666886e+00 5.769592545102515402e+00 3.261012539697976997e+00
4.489461940391565875e+00 7.708245723482313849e+00 3.047999983969781113e+00
5.114776105571953835e+00 1.099940897715275057e+01 2.964356324501788098e+00
5.827187078870319503e+00 7.610993810763572398e+00 2.067648447018415769e+00
6.638826128706195817e+00 6.882417295278038694e+00 1.634938745222184853e+00
7.563514225758552811e+00 6.128582756617293015e+00 1.289224401761332350e+00
8.616997392941321721e+00 5.483472450108132890e+00 1.021476484405120955e+00
9.817214836071872952e+00 3.986819512827590728e+00 7.403361605418653513e-01
1.118460442108735009e+01 3.106347278057226102e+00 5.578258247597974728e-01
1.274245069961824761e+01 2.611638760576923790e+00 4.366061252970290796e-01
1.451728140926205768e+01 2.000528043224631958e+00 3.322781107643978937e-01
1.653931920034971981e+01 1.483844058527077348e+00 2.529994207504878689e-01
1.884299628142029093e+01 1.057059554494131692e+00 1.931443329972237777e-01
2.146754074702852577e+01 7.387366997486675135e-01 1.500134906038629590e-01
2.445764457215044274e+01 5.862405175556339998e-01 1.230643719624175403e-01
2.786422464810916466e+01 4.498095285101109120e-01 1.020573744167543456e-01
3.174528981929791982e+01 3.243950081618562908e-01 8.551833076439194214e-02
3.616692868500850011e+01 1.591213548560799218e-01 7.013406310638294061e-02
4.120443498711833286e+01 1.449884338120059901e-01 6.390378446543330815e-02
4.694358974726586098e+01 1.179237752739576983e-01 5.863714747612871342e-02
