1.069642439726958605e+00 -8.124749878201558140e-01 4.074148741145783070e+00
1.218627458003121777e+00 -1.093379471463022501e+00 nan
1.388363836590320144e+00 -7.338980267919177347e-01 3.130007230502437121e+00
1.581741926207981042e+00 -2.996826171875002220e-01 4.134871052521564394e+00
1.802054659727066133e+00 -1.162477942702927258e+00 nan
2.053053625776520175e+00 -8.838517743994911413e-01 1.134659155064466463e+00
2.339012952555230562e+00 -8.108143431978078741e-01 1.185738038396759064e+00
2.664802089693036891e+00 -9.934537640809320003e-01 1.831441373725173349e-01
3.035968727524477995e+00 -7.706853381623970378e-01 8.942501613461355525e-01
3.458833265763586962e+00 5.094597753381855387e-01 1.889358204613584169e+00
3.940596440236666886e+00 6.589523946012217692e+00 3.493774525219780713e+00
4.489461940391565875e+00 6.123965072457327352e+00 2.784041411038876479e+00
5.114776105571953835e+00 1.176855161678249928e+01 3.095276771975462804e+00
5.827187078870319503e+00 9.620806947733536063e+00 2.330987200617575805e+00
6.638826128706195817e+00 7.881175095126894625e+00 1.759688934316350872e+00
7.563514225758552811e+00 6.266951988692026632e+00 1.316815975126596650e+00
8.616997392941321721e+00 4.756497834115439360e+00 9.688377565095931399e-01
9.817214836071872952e+00 4.126304523587553952e+00 7.597161768569530294e-01
1.118460442108735009e+01 3.319917900561247137e+00 5.798819252574531902e-01
1.274245069961824761e+01 2.577671168784653410e+00 4.389018402842420619e-01
1.451728140926205768e+01 1.825352898934220924e+00 3.243304157083050643e-01
1.653931920034971981e+01 1.382287705378330678e+00 2.493879565551989641e-01
1.884299628142029093e+01 1.013353380388820391e+00 1.925743241233555392e-01
2.146754074702852577e+01 8.082212441944287562e-01 1.552905488976557002e-01
2.445764457215044274e+01 6.521824760079248939e-01 1.276338960104938247e-01
2.786422464810916466e+01 5.011871331957893361e-01 1.055186367412538628e-01
3.174528981929791982e+01 3.423500397557543984e-01 8.712016063651559228e-02
3.616692868500850011e+01 2.354558416497811724e-01 7.426434303863647945e-02
4.120443498711833286e+01 1.948439828750945235e-01 6.667137419930709019e-02
4.694358974726586098e+01 1.037604163104701716e-01 5.843423696819390750e-02
